time, x0, y0, x1, y1...
2.719719171524048, 2357.4289095038853, 1707.6577317758768
2.9650628566741943, 2357.4289095038853, 1707.6577317758768
3.762925624847412, 2358.121743208592, 1709.0429690283936
3.9833366870880127, 2358.121743208592, 1709.0429690283936
4.709392070770264, 2359.262762047579, 1709.563689264081
4.948750734329224, 2359.262762047579, 1709.563689264081
5.695752143859863, 2359.3720597537877, 1709.3008978594953
6.183444976806641, 2362.4283775797953, 1710.3199464906209
6.410837173461914, 2362.4283775797953, 1710.3199464906209
7.207704544067383, 2360.239432460851, 1710.9602800207567
7.969663143157959, 2360.239432460851, 1710.9602800207567
8.708685636520386, 2359.8824586366136, 1708.295916440559
8.959017753601074, 2359.8824586366136, 1708.295916440559
9.699033498764038, 2359.8805362333355, 1711.2051231041837
9.9533531665802, 2359.8805362333355, 1711.2051231041837
10.674423217773438, 2361.432363910469, 1711.1434718458986
10.96564245223999, 2361.432363910469, 1711.1434718458986
11.45732855796814, 2361.432363910469, 1711.1434718458986
11.983917236328125, 2361.432363910469, 1711.1434718458986
12.474604368209839, 2361.432363910469, 1711.1434718458986
12.995209693908691, 2361.432363910469, 1711.1434718458986
13.472931861877441, 2361.432363910469, 1711.1434718458986
13.96860408782959, 2361.432363910469, 1711.1434718458986
14.466273307800293, 2361.432363910469, 1711.1434718458986
15.246184349060059, 2357.9999285580943, 1707.777984810539
15.469585657119751, 2357.9999285580943, 1707.777984810539
15.963263273239136, 2357.9999285580943, 1707.777984810539
16.46691632270813, 2357.9999285580943, 1707.777984810539
16.973559141159058, 2357.9999285580943, 1707.777984810539
17.70859146118164, 2356.836425633518, 1709.4071514676375
17.947951555252075, 2356.836425633518, 1709.4071514676375
18.45060634613037, 2356.836425633518, 1709.4071514676375
18.960241317749023, 2356.836425633518, 1709.4071514676375
19.479848623275757, 2356.836425633518, 1709.4071514676375
19.968541622161865, 2356.836425633518, 1709.4071514676375
20.483163118362427, 2356.836425633518, 1709.4071514676375
21.179300785064697, 2358.018573604966, 1711.1812022986312
21.69990611076355, 2359.582495009922, 1711.392161312442
21.97516965866089, 2359.582495009922, 1711.392161312442
22.449899196624756, 2359.582495009922, 1711.392161312442
22.971502780914307, 2359.582495009922, 1711.392161312442
23.461193561553955, 2359.582495009922, 1711.392161312442
23.969828844070435, 2359.582495009922, 1711.392161312442
24.43458580970764, 2359.582495009922, 1711.392161312442
24.971148252487183, 2359.582495009922, 1711.392161312442
25.460837602615356, 2359.582495009922, 1711.392161312442
25.963492155075073, 2359.582495009922, 1711.392161312442
26.456173181533813, 2359.582495009922, 1711.392161312442
26.96680521965027, 2359.582495009922, 1711.392161312442
27.45250916481018, 2359.582495009922, 1711.392161312442
27.97111701965332, 2359.582495009922, 1711.392161312442
28.456816911697388, 2359.582495009922, 1711.392161312442
28.97842025756836, 2359.582495009922, 1711.392161312442
29.439186573028564, 2359.582495009922, 1711.392161312442
29.977745056152344, 2359.582495009922, 1711.392161312442
30.460452795028687, 2359.582495009922, 1711.392161312442
31.221416234970093, 2336.42668508526, 1713.8573083742006
31.463767528533936, 2336.42668508526, 1713.8573083742006
32.25165772438049, 2337.960364414506, 1713.855406305262
32.45810556411743, 2337.960364414506, 1713.855406305262
32.96674346923828, 2337.960364414506, 1713.855406305262
33.461419343948364, 2337.960364414506, 1713.855406305262
34.2154004573822, 2339.229514402525, 1715.2632437421705
34.45575714111328, 2339.229514402525, 1715.2632437421705
34.969383239746094, 2339.229514402525, 1715.2632437421705
35.4530873298645, 2339.229514402525, 1715.2632437421705
35.95374941825867, 2339.229514402525, 1715.2632437421705
36.46039009094238, 2339.229514402525, 1715.2632437421705
36.96105194091797, 2339.229514402525, 1715.2632437421705
37.693089723587036, 2341.284506981833, 1713.1727808095643
37.96935319900513, 2341.284506981833, 1713.1727808095643
38.4769926071167, 2341.284506981833, 1713.1727808095643
38.96767783164978, 2341.284506981833, 1713.1727808095643
39.466344118118286, 2341.284506981833, 1713.1727808095643
39.957030296325684, 2341.284506981833, 1713.1727808095643
40.701037883758545, 2342.6582808314893, 1712.0695787682348
40.96931982040405, 2342.6582808314893, 1712.0695787682348
41.70435118675232, 2338.3302634658503, 1711.2450488494246
41.96265959739685, 2338.3302634658503, 1711.2450488494246
42.710657835006714, 2338.6892599105513, 1711.1790682550975
42.965975284576416, 2338.6892599105513, 1711.1790682550975
43.463642597198486, 2338.6892599105513, 1711.1790682550975
43.96330428123474, 2338.6892599105513, 1711.1790682550975
44.70232653617859, 2340.335435046277, 1712.3400218325323
44.97559404373169, 2340.335435046277, 1712.3400218325323
45.4423463344574, 2340.335435046277, 1712.3400218325323
45.958961963653564, 2340.335435046277, 1712.3400218325323
46.45363664627075, 2340.335435046277, 1712.3400218325323
47.218589782714844, 2337.64266335332, 1712.9473685473276
47.45994448661804, 2337.64266335332, 1712.9473685473276
48.227887868881226, 2339.472331335197, 1715.204576748214
48.45827078819275, 2339.472331335197, 1715.204576748214
48.95294666290283, 2339.472331335197, 1715.204576748214
49.45161247253418, 2339.472331335197, 1715.204576748214
50.26243996620178, 2341.619612131423, 1713.21379657311
50.498807430267334, 2341.619612131423, 1713.21379657311
51.21289539337158, 2340.366567783109, 1711.8050192127528
51.4532516002655, 2340.366567783109, 1711.8050192127528
51.954909324645996, 2340.366567783109, 1711.8050192127528
52.46653962135315, 2340.366567783109, 1711.8050192127528
52.944260358810425, 2340.366567783109, 1711.8050192127528
53.67829656600952, 2340.525584732322, 1710.9009405896497
54.23580360412598, 2340.3719770155076, 1710.8787567315812
54.4761598110199, 2340.3719770155076, 1710.8787567315812
54.980809450149536, 2340.3719770155076, 1710.8787567315812
55.44556450843811, 2340.3719770155076, 1710.8787567315812
55.96317958831787, 2340.3719770155076, 1710.8787567315812
56.467827558517456, 2340.3719770155076, 1710.8787567315812
56.95751738548279, 2340.3719770155076, 1710.8787567315812
57.44421362876892, 2340.3719770155076, 1710.8787567315812
57.978782176971436, 2340.3719770155076, 1710.8787567315812
58.45450973510742, 2340.3719770155076, 1710.8787567315812
58.96215009689331, 2340.3719770155076, 1710.8787567315812
59.73009443283081, 2341.836675799244, 1712.1529622658893
59.9534957408905, 2341.836675799244, 1712.1529622658893
60.47609877586365, 2341.836675799244, 1712.1529622658893
61.226091384887695, 2341.0482510899083, 1715.3771736396886
61.46445178985596, 2341.0482510899083, 1715.3771736396886
62.23040008544922, 2340.719574984672, 1714.8178135741732
62.477739572525024, 2340.719574984672, 1714.8178135741732
62.966432094573975, 2340.719574984672, 1714.8178135741732
63.462103605270386, 2340.719574984672, 1714.8178135741732
63.970741748809814, 2340.719574984672, 1714.8178135741732
64.46142816543579, 2340.719574984672, 1714.8178135741732
64.96108961105347, 2340.719574984672, 1714.8178135741732
65.4507794380188, 2340.719574984672, 1714.8178135741732
66.19279289245605, 2339.0403724145294, 1713.1943235405292
66.4700517654419, 2339.0403724145294, 1713.1943235405292
66.95874190330505, 2339.0403724145294, 1713.1943235405292
67.47236776351929, 2339.0403724145294, 1713.1943235405292
68.23432755470276, 2339.5127372646434, 1713.149080001171
68.46371269226074, 2339.5127372646434, 1713.149080001171
69.25759196281433, 2340.005880837596, 1712.7854967471785
69.48099112510681, 2340.005880837596, 1712.7854967471785
69.96868515014648, 2340.005880837596, 1712.7854967471785
70.46734881401062, 2340.005880837596, 1712.7854967471785
70.96501731872559, 2340.005880837596, 1712.7854967471785
71.72797465324402, 2341.3593840687467, 1713.701283855824
71.9842882156372, 2341.3593840687467, 1713.701283855824
72.46300506591797, 2341.3593840687467, 1713.701283855824
72.95967411994934, 2341.3593840687467, 1713.701283855824
73.45135688781738, 2341.3593840687467, 1713.701283855824
73.95799779891968, 2341.3593840687467, 1713.701283855824
74.46464085578918, 2341.3593840687467, 1713.701283855824
74.98125648498535, 2341.3593840687467, 1713.701283855824
75.713294506073, 2344.6161959976203, 1711.928283197505
75.98057746887207, 2344.6161959976203, 1711.928283197505
76.46029281616211, 2344.6161959976203, 1711.928283197505
77.2003083229065, 2343.694599370925, 1716.2348809802172
77.46958708763123, 2343.694599370925, 1716.2348809802172
78.29238319396973, 2341.6697484518595, 1713.0479921393032
78.98153591156006, 2341.6697484518595, 1713.0479921393032
79.48219609260559, 2341.6697484518595, 1713.0479921393032
79.97188472747803, 2341.6697484518595, 1713.0479921393032
80.46954870223999, 2341.6697484518595, 1713.0479921393032
80.96123027801514, 2341.6697484518595, 1713.0479921393032
81.46488070487976, 2341.6697484518595, 1713.0479921393032
81.9645414352417, 2341.6697484518595, 1713.0479921393032
82.48115801811218, 2341.6697484518595, 1713.0479921393032
82.95688271522522, 2341.6697484518595, 1713.0479921393032
83.46551871299744, 2341.6697484518595, 1713.0479921393032
83.97315812110901, 2341.6697484518595, 1713.0479921393032
84.4658374786377, 2341.6697484518595, 1713.0479921393032
84.96250653266907, 2341.6697484518595, 1713.0479921393032
85.44222068786621, 2341.6697484518595, 1713.0479921393032
85.98476672172546, 2341.6697484518595, 1713.0479921393032
86.46248722076416, 2341.6697484518595, 1713.0479921393032
86.97910165786743, 2341.6697484518595, 1713.0479921393032
87.45981431007385, 2341.6697484518595, 1713.0479921393032
87.96346426010132, 2341.6697484518595, 1713.0479921393032
88.73340177536011, 2342.0869447113123, 1713.4162067983202
88.9767496585846, 2342.0869447113123, 1713.4162067983202
89.46743369102478, 2342.0869447113123, 1713.4162067983202
89.9700882434845, 2342.0869447113123, 1713.4162067983202
90.77792310714722, 2342.3985002931017, 1710.6141548628161
90.99134993553162, 2342.3985002931017, 1710.6141548628161
91.47106528282166, 2342.3985002931017, 1710.6141548628161
91.98867750167847, 2342.3985002931017, 1710.6141548628161
92.48235416412354, 2342.3985002931017, 1710.6141548628161
92.98301196098328, 2342.3985002931017, 1710.6141548628161
93.74596738815308, 2343.893247086143, 1716.2642419373026
93.98333358764648, 2343.893247086143, 1716.2642419373026
94.48299431800842, 2343.893247086143, 1716.2642419373026
94.97966122627258, 2343.893247086143, 1716.2642419373026
95.44242286682129, 2343.893247086143, 1716.2642419373026
95.97499489784241, 2343.893247086143, 1716.2642419373026
96.48063969612122, 2343.893247086143, 1716.2642419373026
96.99226832389832, 2343.893247086143, 1716.2642419373026
97.47397780418396, 2343.893247086143, 1716.2642419373026
97.98161625862122, 2343.893247086143, 1716.2642419373026
98.46731472015381, 2343.893247086143, 1716.2642419373026
99.25620079040527, 2343.1496015957287, 1713.9857865732006
99.49256753921509, 2343.1496015957287, 1713.9857865732006
99.96230816841125, 2343.1496015957287, 1713.9857865732006
100.47593235969543, 2343.1496015957287, 1713.9857865732006
100.96561932563782, 2343.1496015957287, 1713.9857865732006
101.4732596874237, 2343.1496015957287, 1713.9857865732006
101.96494054794312, 2343.1496015957287, 1713.9857865732006
102.4755744934082, 2343.1496015957287, 1713.9857865732006
102.96226906776428, 2343.1496015957287, 1713.9857865732006
103.47988200187683, 2343.1496015957287, 1713.9857865732006
103.97056698799133, 2343.1496015957287, 1713.9857865732006
104.51311302185059, 2343.1496015957287, 1713.9857865732006
104.98883771896362, 2343.1496015957287, 1713.9857865732006
105.50445556640625, 2343.1496015957287, 1713.9857865732006
105.98915696144104, 2343.1496015957287, 1713.9857865732006
106.53170418739319, 2343.1496015957287, 1713.9857865732006
106.98349261283875, 2343.1496015957287, 1713.9857865732006
107.491131067276, 2343.1496015957287, 1713.9857865732006
107.9798219203949, 2343.1496015957287, 1713.9857865732006
108.49794483184814, 2343.1496015957287, 1713.9857865732006
108.99960136413574, 2343.1496015957287, 1713.9857865732006
109.4917893409729, 2343.1496015957287, 1713.9857865732006
109.97850775718689, 2343.1496015957287, 1713.9857865732006
110.47657561302185, 2343.1496015957287, 1713.9857865732006
110.961510181427, 2343.1496015957287, 1713.9857865732006
111.4837212562561, 2343.1496015957287, 1713.9857865732006
111.98788166046143, 2343.1496015957287, 1713.9857865732006
112.46959161758423, 2343.1496015957287, 1713.9857865732006
112.96625876426697, 2343.1496015957287, 1713.9857865732006
113.46592140197754, 2343.1496015957287, 1713.9857865732006
114.03738951683044, 2343.1496015957287, 1713.9857865732006
114.4891791343689, 2343.1496015957287, 1713.9857865732006
114.98883938789368, 2343.1496015957287, 1713.9857865732006
115.47852730751038, 2343.1496015957287, 1713.9857865732006
115.98217630386353, 2343.1496015957287, 1713.9857865732006
116.47286176681519, 2343.1496015957287, 1713.9857865732006
116.96554112434387, 2343.1496015957287, 1713.9857865732006
117.48814105987549, 2343.1496015957287, 1713.9857865732006
118.35481834411621, 2343.7905946732226, 1715.368178655512
119.27834296226501, 2344.1300069877548, 1714.7008782755038
119.9864456653595, 2344.1300069877548, 1714.7008782755038
120.80126190185547, 2344.022222502943, 1712.3148231544028
121.48343348503113, 2344.022222502943, 1712.3148231544028
121.98808312416077, 2344.022222502943, 1712.3148231544028
122.80090284347534, 2344.8240025564564, 1712.2817061429307
123.47210502624512, 2344.8240025564564, 1712.2817061429307
123.98373341560364, 2344.8240025564564, 1712.2817061429307
124.76663661003113, 2341.9021211407257, 1712.5837267052273
125.04887795448303, 2341.9021211407257, 1712.5837267052273
125.4896981716156, 2341.9021211407257, 1712.5837267052273
125.97539448738098, 2341.9021211407257, 1712.5837267052273
126.49201107025146, 2341.9021211407257, 1712.5837267052273
126.9816997051239, 2341.9021211407257, 1712.5837267052273
127.76360297203064, 2339.6497419872676, 1709.542547906691
128.0049569606781, 2339.6497419872676, 1709.542547906691
128.82775330543518, 2341.2262705524677, 1708.4719268087717
129.46404719352722, 2341.2262705524677, 1708.4719268087717
129.9696912765503, 2341.2262705524677, 1708.4719268087717
130.8054506778717, 2344.4840710735957, 1714.2442095580584
131.7997863292694, 2345.11211845807, 1710.8300831500776
132.4650058746338, 2345.11211845807, 1710.8300831500776
132.96366810798645, 2345.11211845807, 1710.8300831500776
133.46931314468384, 2345.11211845807, 1710.8300831500776
133.98293662071228, 2345.11211845807, 1710.8300831500776
134.47063064575195, 2345.11211845807, 1710.8300831500776
135.33331751823425, 2344.2634133202764, 1713.6443532285589
136.27778553962708, 2344.482628759869, 1713.3644024943198
136.97392082214355, 2344.482628759869, 1713.3644024943198
137.48754334449768, 2344.482628759869, 1713.3644024943198
137.9862084388733, 2344.482628759869, 1713.3644024943198
138.4858672618866, 2344.482628759869, 1713.3644024943198
138.98054456710815, 2344.482628759869, 1713.3644024943198
139.5151093006134, 2344.482628759869, 1713.3644024943198
139.97687292099, 2344.482628759869, 1713.3644024943198
140.47753071784973, 2344.482628759869, 1713.3644024943198
140.97220587730408, 2344.482628759869, 1713.3644024943198
141.47485947608948, 2344.482628759869, 1713.3644024943198
141.99347019195557, 2344.482628759869, 1713.3644024943198
142.48016357421875, 2344.482628759869, 1713.3644024943198
142.9927899837494, 2344.482628759869, 1713.3644024943198
143.48148131370544, 2344.482628759869, 1713.3644024943198
143.9761564731598, 2344.482628759869, 1713.3644024943198
144.51471161842346, 2344.482628759869, 1713.3644024943198
145.00340151786804, 2344.482628759869, 1713.3644024943198
145.50206518173218, 2344.482628759869, 1713.3644024943198
145.98576951026917, 2344.482628759869, 1713.3644024943198
146.4774513244629, 2344.482628759869, 1713.3644024943198
146.96514534950256, 2344.482628759869, 1713.3644024943198
147.46680068969727, 2344.482628759869, 1713.3644024943198
147.97743225097656, 2344.482628759869, 1713.3644024943198
148.46811747550964, 2344.482628759869, 1713.3644024943198
148.99869418144226, 2344.482628759869, 1713.3644024943198
149.48838210105896, 2344.482628759869, 1713.3644024943198
149.98505067825317, 2344.482628759869, 1713.3644024943198
150.47075080871582, 2344.482628759869, 1713.3644024943198
150.98537015914917, 2344.482628759869, 1713.3644024943198
151.47804999351501, 2344.482628759869, 1713.3644024943198
151.95576930046082, 2344.482628759869, 1713.3644024943198
152.48036360740662, 2344.482628759869, 1713.3644024943198
152.98600935935974, 2344.482628759869, 1713.3644024943198
153.50262451171875, 2344.482628759869, 1713.3644024943198
153.9603977203369, 2344.482628759869, 1713.3644024943198
154.48000478744507, 2344.482628759869, 1713.3644024943198
154.96869468688965, 2344.482628759869, 1713.3644024943198
155.48232007026672, 2344.482628759869, 1713.3644024943198
155.96801805496216, 2344.482628759869, 1713.3644024943198
156.5005898475647, 2344.482628759869, 1713.3644024943198
156.9882833957672, 2344.482628759869, 1713.3644024943198
157.46600341796875, 2344.482628759869, 1713.3644024943198
157.97763228416443, 2344.482628759869, 1713.3644024943198
158.47829055786133, 2344.482628759869, 1713.3644024943198
158.96598267555237, 2344.482628759869, 1713.3644024943198
159.48459339141846, 2344.482628759869, 1713.3644024943198
159.96530485153198, 2344.482628759869, 1713.3644024943198
160.46696186065674, 2344.482628759869, 1713.3644024943198
160.94866919517517, 2344.482628759869, 1713.3644024943198
161.79440331459045, 2348.4131250510873, 1717.0078486906098
162.78175830841064, 2345.363943383624, 1713.423622517978
163.4719078540802, 2345.363943383624, 1713.423622517978
163.99350810050964, 2345.363943383624, 1713.423622517978
164.48120284080505, 2345.363943383624, 1713.423622517978
164.97288417816162, 2345.363943383624, 1713.423622517978
165.47254610061646, 2345.363943383624, 1713.423622517978
166.27838683128357, 2345.0317058550636, 1711.3169158626995
166.97652125358582, 2345.0317058550636, 1711.3169158626995
167.48116278648376, 2345.0317058550636, 1711.3169158626995
167.97982692718506, 2345.0317058550636, 1711.3169158626995
168.48148250579834, 2345.0317058550636, 1711.3169158626995
168.9861297607422, 2345.0317058550636, 1711.3169158626995
169.46185493469238, 2345.0317058550636, 1711.3169158626995
169.98245906829834, 2345.0317058550636, 1711.3169158626995
170.4741427898407, 2345.0317058550636, 1711.3169158626995
170.97978568077087, 2345.0317058550636, 1711.3169158626995
171.48343682289124, 2345.0317058550636, 1711.3169158626995
172.25237703323364, 2346.44665492501, 1713.519454799317
172.48375582695007, 2346.44665492501, 1713.519454799317
172.9834167957306, 2346.44665492501, 1713.519454799317
173.48706793785095, 2346.44665492501, 1713.519454799317
173.97974705696106, 2346.44665492501, 1713.519454799317
174.48638916015625, 2346.44665492501, 1713.519454799317
174.98205995559692, 2346.44665492501, 1713.519454799317
175.48271918296814, 2346.44665492501, 1713.519454799317
175.96442937850952, 2346.44665492501, 1713.519454799317
176.7373559474945, 2344.9541693994483, 1713.5328216800094
176.98768544197083, 2344.9541693994483, 1713.5328216800094
177.48834490776062, 2344.9541693994483, 1713.5328216800094
177.98800468444824, 2344.9541693994483, 1713.5328216800094
178.48666882514954, 2344.9541693994483, 1713.5328216800094
178.98333716392517, 2344.9541693994483, 1713.5328216800094
179.47900867462158, 2344.9541693994483, 1713.5328216800094
179.9746813774109, 2344.9541693994483, 1713.5328216800094
180.4643692970276, 2344.9541693994483, 1713.5328216800094
180.97799253463745, 2344.9541693994483, 1713.5328216800094
181.48662900924683, 2344.9541693994483, 1713.5328216800094
181.96833872795105, 2344.9541693994483, 1713.5328216800094
182.49492740631104, 2344.9541693994483, 1713.5328216800094
182.97164916992188, 2344.9541693994483, 1713.5328216800094
183.49125623703003, 2344.9541693994483, 1713.5328216800094
183.9600009918213, 2344.9541693994483, 1713.5328216800094
184.76982951164246, 2346.9576107844555, 1710.8954579095844
185.00320410728455, 2346.9576107844555, 1710.8954579095844
185.4709508419037, 2346.9576107844555, 1710.8954579095844
185.97260665893555, 2346.9576107844555, 1710.8954579095844
186.7505214214325, 2343.2765392674764, 1712.6761931835006
186.98988103866577, 2343.2765392674764, 1712.6761931835006
187.4675998687744, 2343.2765392674764, 1712.6761931835006
187.984215259552, 2343.2765392674764, 1712.6761931835006
188.46492719650269, 2343.2765392674764, 1712.6761931835006
188.9895224571228, 2343.2765392674764, 1712.6761931835006
189.47422432899475, 2343.2765392674764, 1712.6761931835006
189.98684930801392, 2343.2765392674764, 1712.6761931835006
190.48152351379395, 2343.2765392674764, 1712.6761931835006
191.26741790771484, 2345.4531341392, 1713.197966601673
191.48682975769043, 2345.4531341392, 1713.197966601673
191.98249983787537, 2345.4531341392, 1713.197966601673
192.46420979499817, 2345.4531341392, 1713.197966601673
193.2989718914032, 2345.2371409118864, 1713.2459660352044
194.24443936347961, 2345.9720985727176, 1716.2881894932755
194.48180270195007, 2345.9720985727176, 1716.2881894932755
194.9535391330719, 2345.9720985727176, 1716.2881894932755
195.47913002967834, 2345.9720985727176, 1716.2881894932755
195.97779512405396, 2345.9720985727176, 1716.2881894932755
196.78263688087463, 2343.947104126532, 1713.6955262825793
196.99905705451965, 2343.947104126532, 1713.6955262825793
197.7779700756073, 2344.789515735462, 1712.9387112534182
198.00535893440247, 2344.789515735462, 1712.9387112534182
198.7403907775879, 2344.009591856583, 1711.4654167786673
198.96878099441528, 2344.009591856583, 1711.4654167786673
199.7616527080536, 2343.450148190639, 1711.325143446519
200.00001525878906, 2343.450148190639, 1711.325143446519
200.78890085220337, 2347.496628738155, 1715.4559829233492
201.45910739898682, 2347.496628738155, 1715.4559829233492
201.97671842575073, 2347.496628738155, 1715.4559829233492
202.46840000152588, 2347.496628738155, 1715.4559829233492
202.98700952529907, 2347.496628738155, 1715.4559829233492
203.46871876716614, 2347.496628738155, 1715.4559829233492
204.0212380886078, 2347.496628738155, 1715.4559829233492
204.46804094314575, 2347.496628738155, 1715.4559829233492
205.04150438308716, 2347.496628738155, 1715.4559829233492
205.49528789520264, 2347.496628738155, 1715.4559829233492
205.98298048973083, 2347.496628738155, 1715.4559829233492
206.47466230392456, 2347.496628738155, 1715.4559829233492
207.21268486976624, 2345.296994833346, 1714.1476165228191
207.4779758453369, 2345.296994833346, 1714.1476165228191
208.2987744808197, 2344.699054392233, 1713.6996305462483
208.9610013961792, 2344.699054392233, 1713.6996305462483
209.46664428710938, 2344.699054392233, 1713.6996305462483
210.27747201919556, 2345.823460997643, 1711.754266628542
210.979590177536, 2345.823460997643, 1711.754266628542
211.75052309036255, 2345.379729649247, 1711.1395787634483
212.00284719467163, 2345.379729649247, 1711.1395787634483
212.49851894378662, 2345.379729649247, 1711.1395787634483
212.99020075798035, 2345.379729649247, 1711.1395787634483
213.48686981201172, 2345.379729649247, 1711.1395787634483
213.98453640937805, 2345.379729649247, 1711.1395787634483
214.47023725509644, 2345.379729649247, 1711.1395787634483
214.9639117717743, 2345.379729649247, 1711.1395787634483
215.45758819580078, 2345.379729649247, 1711.1395787634483
215.9801881313324, 2345.379729649247, 1711.1395787634483
216.75411367416382, 2345.3623705355453, 1712.3426076869891
217.00045442581177, 2345.3623705355453, 1712.3426076869891
217.45623183250427, 2345.3623705355453, 1712.3426076869891
217.96586656570435, 2345.3623705355453, 1712.3426076869891
218.46253490447998, 2345.3623705355453, 1712.3426076869891
219.23745894432068, 2249.901499922673, 1723.9314953387998
219.48379802703857, 2249.901499922673, 1723.9314953387998
219.9675018787384, 2249.901499922673, 1723.9314953387998
220.47913074493408, 2249.901499922673, 1723.9314953387998
220.9797899723053, 2249.901499922673, 1723.9314953387998
221.46947765350342, 2249.901499922673, 1723.9314953387998
221.9491913318634, 2249.901499922673, 1723.9314953387998
222.47179126739502, 2249.901499922673, 1723.9314953387998
222.96746253967285, 2249.901499922673, 1723.9314953387998
223.46114015579224, 2249.901499922673, 1723.9314953387998
223.95481729507446, 2249.901499922673, 1723.9314953387998
224.4564723968506, 2249.901499922673, 1723.9314953387998
224.968101978302, 2249.901499922673, 1723.9314953387998
225.46576738357544, 2249.901499922673, 1723.9314953387998
225.96941804885864, 2249.901499922673, 1723.9314953387998
227.04752898216248, 1000.0000040172065, 1055.999806086901
227.856360912323, 90.49982298527432, 128.09449390232953
229.38127446174622, 3780.499999946772, 765.68262948366
230.58704257011414, 3780.499999946772, 765.68262948366
231.58536744117737, 3780.499999946772, 765.68262948366
232.602641582489, 3780.499999946772, 765.68262948366
234.14650321006775, 2031.9905794415185, 53.005452520894075
235.47195100784302, 2031.9905794415185, 53.005452520894075
236.95497870445251, -3041.3049198674476, 192.98791991896968
238.03508353233337, -3041.3049198674476, 192.98791991896968
239.08726239204407, -3041.3049198674476, 192.98791991896968
240.04968428611755, -3041.3049198674476, 192.98791991896968
241.2873661518097, 3869.010775090757, 1251.5378410496644
242.48415851593018, 3869.010775090757, 1251.5378410496644
243.50342679023743, 3869.010775090757, 1251.5378410496644
244.50873446464539, 3869.010775090757, 1251.5378410496644
245.5808608531952, 2269.996305724079, 299.99948786918367
246.37273788452148, 2269.996305724079, 299.99948786918367
247.38103604316711, 2269.996305724079, 299.99948786918367
248.73839855194092, 2268.3347177439855, 3.9965085653213923
249.47442650794983, 2268.3347177439855, 3.9965085653213923
250.46477270126343, 2268.3347177439855, 3.9965085653213923
251.9338345527649, 104.99528453554807, 1648.0913951566768
252.97604274749756, 2756.0000000000323, 1472.6309881704178
253.67018365859985, 2756.0000000000323, 1472.6309881704178
254.27456140518188, 2756.0000000000323, 1472.6309881704178
254.83206796646118, 2756.0000000000323, 1472.6309881704178
255.79947543144226, 2756.0000000000323, 1472.6309881704178
257.0381555557251, 2032.4330483103515, 1265.7707220159807
258.65781474113464, 2270.3042836309155, 373.99134741965366
259.9423725605011, 2270.3042836309155, 373.99134741965366
261.4802510738373, 2270.3042836309155, 373.99134741965366
263.04705286026, 2270.3042836309155, 373.99134741965366
264.3485646247864, 2270.3042836309155, 373.99134741965366
266.37613105773926, 3344.0085511636294, 1911.9913948830347
268.1962525844574, 3344.0085511636294, 1911.9913948830347
269.59251070022583, 3344.0085511636294, 1911.9913948830347
271.1154296398163, 3344.0085511636294, 1911.9913948830347
272.51368284225464, 3344.0085511636294, 1911.9913948830347
274.300892829895, 3343.0004365044483, 601.9495361173242
276.17088198661804, 3343.0004365044483, 601.9495361173242
277.67784214019775, 3343.0004365044483, 601.9495361173242
279.13693284988403, 3343.0004365044483, 601.9495361173242
280.6448929309845, 3343.0004365044483, 601.9495361173242
282.07206630706787, 3343.0004365044483, 601.9495361173242
283.62490582466125, 3343.0004365044483, 601.9495361173242
285.0869858264923, 3343.0004365044483, 601.9495361173242
286.55205941200256, 3343.0004365044483, 601.9495361173242
288.09193325042725, 3343.0004365044483, 601.9495361173242
289.54204750061035, 3343.0004365044483, 601.9495361173242
291.05399465560913, 3343.0004365044483, 601.9495361173242
292.5779113769531, 3343.0004365044483, 601.9495361173242
293.57922863960266, 3394.9890645220635, 289.99993517180087
294.2813460826874, 3394.9890645220635, 289.99993517180087
294.81790804862976, 3394.9890645220635, 289.99993517180087
295.78830790519714, 3394.9890645220635, 289.99993517180087
296.837495803833, 3394.9890645220635, 289.99993517180087
297.80590057373047, 3394.9890645220635, 289.99993517180087
298.7812867164612, 3394.9890645220635, 289.99993517180087
299.8364589214325, 3394.9890645220635, 289.99993517180087
300.74402713775635, 3394.9890645220635, 289.99993517180087
301.32247591018677, 3394.9890645220635, 289.99993517180087
306.22533679008484, 2967.707623352787, 1865.3023357247348
306.4567172527313, 2967.707623352787, 1865.3023357247348
306.96236205101013, 2967.707623352787, 1865.3023357247348
307.45903182029724, 2967.707623352787, 1865.3023357247348
308.2878088951111, 2679.109067242662, 1867.0505154800412
308.96998262405396, 2679.109067242662, 1867.0505154800412
309.49557185173035, 2679.109067242662, 1867.0505154800412
309.961327791214, 2679.109067242662, 1867.0505154800412
310.7352511882782, 2691.324426456999, 1858.2005202422145
310.9785988330841, 2691.324426456999, 1858.2005202422145
311.47227573394775, 2691.324426456999, 1858.2005202422145
311.97293496131897, 2691.324426456999, 1858.2005202422145
312.46361923217773, 2691.324426456999, 1858.2005202422145
312.9752471446991, 2691.324426456999, 1858.2005202422145
313.75515723228455, 2634.058909064671, 1869.0857719545947
314.0334107875824, 2634.058909064671, 1869.0857719545947
314.47423124313354, 2634.058909064671, 1869.0857719545947
315.001816034317, 2634.058909064671, 1869.0857719545947
315.73983931541443, 2626.182743746935, 1862.3663946330414
315.9781994819641, 2626.182743746935, 1862.3663946330414
316.47486901283264, 2626.182743746935, 1862.3663946330414
316.9665517807007, 2626.182743746935, 1862.3663946330414
317.4941372871399, 2626.182743746935, 1862.3663946330414
317.96986389160156, 2626.182743746935, 1862.3663946330414
318.5024342536926, 2626.182743746935, 1862.3663946330414
318.9661920070648, 2626.182743746935, 1862.3663946330414
319.49078583717346, 2626.182743746935, 1862.3663946330414
320.26770401000977, 2636.7057645674654, 1860.5012733722886
320.5130469799042, 2636.7057645674654, 1860.5012733722886
320.97181844711304, 2636.7057645674654, 1860.5012733722886
321.50638484954834, 2636.7057645674654, 1860.5012733722886
321.9761264324188, 2636.7057645674654, 1860.5012733722886
322.4997217655182, 2636.7057645674654, 1860.5012733722886
322.9844238758087, 2636.7057645674654, 1860.5012733722886
323.5010404586792, 2636.7057645674654, 1860.5012733722886
323.96778869628906, 2636.7057645674654, 1860.5012733722886
324.7816069126129, 3301.6600884148365, 1877.0628304567529
325.4627811908722, 3301.6600884148365, 1877.0628304567529
325.9973499774933, 3301.6600884148365, 1877.0628304567529
326.4870364665985, 3301.6600884148365, 1877.0628304567529
326.97373270988464, 3301.6600884148365, 1877.0628304567529
327.4684066772461, 3301.6600884148365, 1877.0628304567529
327.9890112876892, 3301.6600884148365, 1877.0628304567529
328.48169231414795, 3301.6600884148365, 1877.0628304567529
328.9693834781647, 3301.6600884148365, 1877.0628304567529
329.4840052127838, 3301.6600884148365, 1877.0628304567529
329.9677104949951, 3301.6600884148365, 1877.0628304567529
330.4863188266754, 3301.6600884148365, 1877.0628304567529
330.9690291881561, 3301.6600884148365, 1877.0628304567529
331.4736728668213, 3301.6600884148365, 1877.0628304567529
331.9703416824341, 3301.6600884148365, 1877.0628304567529
332.4819703102112, 3301.6600884148365, 1877.0628304567529
332.97863960266113, 3301.6600884148365, 1877.0628304567529
333.4902684688568, 3301.6600884148365, 1877.0628304567529
333.96499586105347, 3301.6600884148365, 1877.0628304567529
334.47363233566284, 3301.6600884148365, 1877.0628304567529
334.9653162956238, 3301.6600884148365, 1877.0628304567529
335.4689655303955, 3301.6600884148365, 1877.0628304567529
335.9546639919281, 3301.6600884148365, 1877.0628304567529
336.44634652137756, 3301.6600884148365, 1877.0628304567529
336.9519908428192, 3301.6600884148365, 1877.0628304567529
337.46262288093567, 3301.6600884148365, 1877.0628304567529
337.95629930496216, 3301.6600884148365, 1877.0628304567529
338.4569582939148, 3301.6600884148365, 1877.0628304567529
339.1999683380127, 3351.420109321595, 1881.7215111258038
339.4393243789673, 3351.420109321595, 1881.7215111258038
340.24018001556396, 3343.685622876431, 1886.3187265491251
340.458594083786, 3343.685622876431, 1886.3187265491251
340.954265832901, 3343.685622876431, 1886.3187265491251
341.6234722137451, 3358.3097821818005, 1881.0153219142205
342.2228653430939, 3362.7957136129085, 1874.0392493010038
342.45723843574524, 3362.7957136129085, 1874.0392493010038
342.972856760025, 3362.7957136129085, 1874.0392493010038
343.46752977371216, 3362.7957136129085, 1874.0392493010038
343.9841454029083, 3362.7957136129085, 1874.0392493010038
344.4708411693573, 3362.7957136129085, 1874.0392493010038
344.9635229110718, 3362.7957136129085, 1874.0392493010038
345.45021748542786, 3362.7957136129085, 1874.0392493010038
346.23012685775757, 3361.5661523875565, 1870.0809056856456
346.48045563697815, 3361.5661523875565, 1870.0809056856456
346.954185962677, 3361.5661523875565, 1870.0809056856456
347.45683884620667, 3361.5661523875565, 1870.0809056856456
347.94852113723755, 3361.5661523875565, 1870.0809056856456
348.43721079826355, 3361.5661523875565, 1870.0809056856456
348.95183277130127, 3361.5661523875565, 1870.0809056856456
349.47642850875854, 3361.5661523875565, 1870.0809056856456
349.93918657302856, 3361.5661523875565, 1870.0809056856456
350.4597918987274, 3361.5661523875565, 1870.0809056856456
350.9474844932556, 3361.5661523875565, 1870.0809056856456
351.45711874961853, 3361.5661523875565, 1870.0809056856456
351.9527904987335, 3361.5661523875565, 1870.0809056856456
352.46641397476196, 3361.5661523875565, 1870.0809056856456
352.9580957889557, 3361.5661523875565, 1870.0809056856456
353.4517731666565, 3361.5661523875565, 1870.0809056856456
353.95642018318176, 3361.5661523875565, 1870.0809056856456
354.4580762386322, 3361.5661523875565, 1870.0809056856456
354.9597315788269, 3361.5661523875565, 1870.0809056856456
355.45241117477417, 3361.5661523875565, 1870.0809056856456
355.96703124046326, 3361.5661523875565, 1870.0809056856456
356.46370100975037, 3361.5661523875565, 1870.0809056856456
356.939425945282, 3361.5661523875565, 1870.0809056856456
357.45404839515686, 3361.5661523875565, 1870.0809056856456
358.2449278831482, 3404.7656426365875, 1867.8898655598114
358.460351228714, 3404.7656426365875, 1867.8898655598114
358.94405460357666, 3404.7656426365875, 1867.8898655598114
359.44969940185547, 3404.7656426365875, 1867.8898655598114
359.9643199443817, 3404.7656426365875, 1867.8898655598114
360.47195982933044, 3404.7656426365875, 1867.8898655598114
360.9626441001892, 3404.7656426365875, 1867.8898655598114
361.68470907211304, 3705.7907989333316, 1874.0319206056245
361.95797753334045, 3705.7907989333316, 1874.0319206056245
362.71694231033325, 3709.90374025222, 1870.8631921978324
362.9563012123108, 3709.90374025222, 1870.8631921978324
363.68235516548157, 3681.96206949072, 1875.1814943199504
363.95961451530457, 3681.96206949072, 1875.1814943199504
364.4542889595032, 3681.96206949072, 1875.1814943199504
364.95294976234436, 3681.96206949072, 1875.1814943199504
365.72288823127747, 3450.6982858210527, 1884.3861110005644
365.9572591781616, 3450.6982858210527, 1884.3861110005644
366.6932861804962, 3418.2486524341216, 1873.7945164175546
366.9665536880493, 3418.2486524341216, 1873.7945164175546
367.7125561237335, 2872.5462283567717, 1871.6796348595863
367.95889472961426, 2872.5462283567717, 1871.6796348595863
368.4495813846588, 2872.5462283567717, 1871.6796348595863
368.95921516418457, 2872.5462283567717, 1871.6796348595863
369.7082073688507, 2364.347464813513, 1865.1534701196888
369.98047637939453, 2364.347464813513, 1865.1534701196888
370.44922065734863, 2364.347464813513, 1865.1534701196888
371.222149848938, 2309.8436188060327, 1872.7614583402517
371.7527277469635, 2246.0765957736485, 1864.8665984024049
372.2364311218262, 1874.1582700367335, 1870.307441083417
372.45484685897827, 1874.1582700367335, 1870.307441083417
372.9604914188385, 1874.1582700367335, 1870.307441083417
373.4481842517853, 1874.1582700367335, 1870.307441083417
373.9727783203125, 1874.1582700367335, 1870.307441083417
374.4584767818451, 1874.1582700367335, 1870.307441083417
375.2333993911743, 2027.4906291207703, 1869.4439102229924
375.4627854824066, 2027.4906291207703, 1869.4439102229924
375.95247292518616, 2027.4906291207703, 1869.4439102229924
376.4561231136322, 2027.4906291207703, 1869.4439102229924
376.9547872543335, 2027.4906291207703, 1869.4439102229924
377.69679856300354, 2081.6431175844573, 1865.8556448731836
377.96807193756104, 2081.6431175844573, 1865.8556448731836
378.71307611465454, 2080.0518814200063, 1862.2147019950396
378.9574193954468, 2080.0518814200063, 1862.2147019950396
379.726359128952, 2080.971236405959, 1869.0129920523545
379.9647214412689, 2080.971236405959, 1869.0129920523545
380.7117187976837, 2173.505979190015, 1866.2657847805588
380.95606446266174, 2173.505979190015, 1866.2657847805588
381.8227424621582, 2166.6578010687767, 1863.1101608413774
382.7642183303833, 2251.752279095238, 1870.1694139041904
382.96268677711487, 2251.752279095238, 1870.1694139041904
383.45337319374084, 2251.752279095238, 1870.1694139041904
383.97098445892334, 2251.752279095238, 1870.1694139041904
384.45369243621826, 2251.752279095238, 1870.1694139041904
384.97030687332153, 2251.752279095238, 1870.1694139041904
385.4719614982605, 2251.752279095238, 1870.1694139041904
385.9566626548767, 2251.752279095238, 1870.1694139041904
386.455326795578, 2251.752279095238, 1870.1694139041904
387.2571783065796, 1602.2304316901473, 1870.3126464715435
387.4905529022217, 1602.2304316901473, 1870.3126464715435
387.9672751426697, 1602.2304316901473, 1870.3126464715435
388.4679334163666, 1602.2304316901473, 1870.3126464715435
388.9656000137329, 1602.2304316901473, 1870.3126464715435
389.4503004550934, 1602.2304316901473, 1870.3126464715435
389.9509599208832, 1602.2304316901473, 1870.3126464715435
390.4665765762329, 1602.2304316901473, 1870.3126464715435
391.2355172634125, 1552.1993670996499, 1862.168783833801
391.481858253479, 1552.1993670996499, 1862.168783833801
391.96456384658813, 1552.1993670996499, 1862.168783833801
392.45824003219604, 1552.1993670996499, 1862.168783833801
392.96787452697754, 1552.1993670996499, 1862.168783833801
393.7547652721405, 1548.1595184558269, 1863.6129284952283
393.96420550346375, 1548.1595184558269, 1863.6129284952283
394.77104330062866, 1544.4618610849593, 1871.33461577294
394.9944441318512, 1544.4618610849593, 1871.33461577294
395.76936888694763, 1549.263963791168, 1859.368009422061
395.9738185405731, 1549.263963791168, 1859.368009422061
396.46649980545044, 1549.263963791168, 1859.368009422061
396.9751365184784, 1549.263963791168, 1859.368009422061
397.46582102775574, 1549.263963791168, 1859.368009422061
397.96548199653625, 1549.263963791168, 1859.368009422061
398.4651427268982, 1549.263963791168, 1859.368009422061
398.9667978286743, 1549.263963791168, 1859.368009422061
399.45848083496094, 1549.263963791168, 1859.368009422061
399.66492772102356, 1549.263963791168, 1859.368009422061
400.24637055397034, 1551.768459044878, 1866.426128991169
400.365051984787, 1551.768459044878, 1866.426128991169
400.5196375846863, 1551.768459044878, 1866.426128991169
400.9654417037964, 1551.768459044878, 1866.426128991169
401.0901081562042, 1551.768459044878, 1866.426128991169
401.71742701530457, 1546.1212606584666, 1871.7717223934255
401.9547908306122, 1546.1212606584666, 1871.7717223934255
402.0694839954376, 1546.1212606584666, 1871.7717223934255
402.294882774353, 1546.1212606584666, 1871.7717223934255
402.45046377182007, 1546.1212606584666, 1871.7717223934255
402.9551115036011, 1546.1212606584666, 1871.7717223934255
403.4487864971161, 1546.1212606584666, 1871.7717223934255
404.27357721328735, 1546.1212606584666, 1871.7717223934255
404.73932909965515, 1552.6078563193935, 1866.0048424505756
404.97170662879944, 1552.6078563193935, 1866.0048424505756
405.4554102420807, 1552.6078563193935, 1866.0048424505756
405.9590599536896, 1552.6078563193935, 1866.0048424505756
406.7140386104584, 1549.247861647549, 1861.6974488600088
407.2186849117279, 1552.4255710419438, 1859.7774025808992
407.48696541786194, 1552.4255710419438, 1859.7774025808992
408.2150180339813, 1555.4305637382495, 1862.57986771952
408.4483904838562, 1555.4305637382495, 1862.57986771952
409.97430062294006, 1555.4305637382495, 1862.57986771952
410.99157333374023, 1555.4305637382495, 1862.57986771952
411.71862626075745, 1554.1408116183072, 1869.0732296979543
412.2591784000397, 1553.166019821893, 1867.2729578193998
412.46662044525146, 1553.166019821893, 1867.2729578193998
412.9503252506256, 1553.166019821893, 1867.2729578193998
413.4559705257416, 1553.166019821893, 1867.2729578193998
414.45628905296326, 1553.166019821893, 1867.2729578193998
415.27808690071106, 1554.2452738033096, 1858.9511741712438
415.96026039123535, 1554.2452738033096, 1858.9511741712438
416.7301959991455, 1551.6658240362303, 1857.9116338307874
416.97254610061646, 1551.6658240362303, 1857.9116338307874
417.71455669403076, 1550.1838034827042, 1865.7478457915554
417.9658839702606, 1550.1838034827042, 1865.7478457915554
418.46554493904114, 1550.1838034827042, 1865.7478457915554
419.1915988922119, 1556.4884562154048, 1863.7427428806016
419.4568877220154, 1556.4884562154048, 1863.7427428806016
419.9605393409729, 1556.4884562154048, 1863.7427428806016
420.46518659591675, 1556.4884562154048, 1863.7427428806016
420.98080468177795, 1556.4884562154048, 1863.7427428806016
421.4754784107208, 1556.4884562154048, 1863.7427428806016
421.95918226242065, 1556.4884562154048, 1863.7427428806016
422.75504970550537, 1558.8710198146093, 1874.4493971969537
422.9784502983093, 1558.8710198146093, 1874.4493971969537
423.46714067459106, 1558.8710198146093, 1874.4493971969537
423.96380972862244, 1558.8710198146093, 1874.4493971969537
424.4584846496582, 1558.8710198146093, 1874.4493971969537
425.20448637008667, 1554.3251399899893, 1870.4611505925227
425.47376465797424, 1554.3251399899893, 1870.4611505925227
425.9814031124115, 1554.3251399899893, 1870.4611505925227
426.4651072025299, 1554.3251399899893, 1870.4611505925227
426.9727475643158, 1554.3251399899893, 1870.4611505925227
427.4574477672577, 1554.3251399899893, 1870.4611505925227
427.96110010147095, 1554.3251399899893, 1870.4611505925227
428.4567701816559, 1554.3251399899893, 1870.4611505925227
428.95742893218994, 1554.3251399899893, 1870.4611505925227
429.4660665988922, 1554.3251399899893, 1870.4611505925227
429.97470235824585, 1554.3251399899893, 1870.4611505925227
430.464391708374, 1554.3251399899893, 1870.4611505925227
430.9640531539917, 1554.3251399899893, 1870.4611505925227
431.46470952033997, 1554.3251399899893, 1870.4611505925227
432.2436213493347, 1562.3228321161746, 1870.0385573143772
432.4720108509064, 1562.3228321161746, 1870.0385573143772
432.960702419281, 1562.3228321161746, 1870.0385573143772
433.71667528152466, 1560.429458393229, 1867.3666274021
433.9709949493408, 1560.429458393229, 1867.3666274021
434.7568871974945, 1561.0142114768419, 1862.2986726638367
435.47496271133423, 1561.0142114768419, 1862.2986726638367
435.9666442871094, 1561.0142114768419, 1862.2986726638367
436.724613904953, 1564.3229026469, 1870.7470949102399
436.97294878959656, 1564.3229026469, 1870.7470949102399
437.7299208641052, 1563.4952066168773, 1872.7380818906483
437.9772570133209, 1563.4952066168773, 1872.7380818906483
438.47791504859924, 1563.4952066168773, 1872.7380818906483
439.0084927082062, 1563.4952066168773, 1872.7380818906483
439.49518942832947, 1563.4952066168773, 1872.7380818906483
439.9499714374542, 1563.4952066168773, 1872.7380818906483
440.46658635139465, 1563.4952066168773, 1872.7380818906483
440.9782156944275, 1563.4952066168773, 1872.7380818906483
441.7761240005493, 1564.4520776799475, 1873.8662816313833
442.541622877121, 1564.4520776799475, 1873.8662816313833
442.99640345573425, 1564.4520776799475, 1873.8662816313833
443.52401423454285, 1564.4520776799475, 1873.8662816313833
443.98876881599426, 1564.4520776799475, 1873.8662816313833
444.8215401172638, 1567.778859734312, 1869.9947865817578
445.4787757396698, 1567.778859734312, 1869.9947865817578
446.00438833236694, 1567.778859734312, 1869.9947865817578
446.4769780635834, 1567.778859734312, 1869.9947865817578
446.9927701950073, 1567.778859734312, 1869.9947865817578
447.7482669353485, 1566.5428612378776, 1872.2713400826888
447.9889621734619, 1566.5428612378776, 1872.2713400826888
448.47816371917725, 1566.5428612378776, 1872.2713400826888
448.96386194229126, 1566.5428612378776, 1872.2713400826888
449.4615275859833, 1566.5428612378776, 1872.2713400826888
449.98013830184937, 1566.5428612378776, 1872.2713400826888
450.4877781867981, 1566.5428612378776, 1872.2713400826888
450.98843717575073, 1566.5428612378776, 1872.2713400826888
451.49607610702515, 1566.5428612378776, 1872.2713400826888
451.9787817001343, 1566.5428612378776, 1872.2713400826888
452.7766435146332, 1569.9453878718432, 1874.1791831678136
453.46779203414917, 1569.9453878718432, 1874.1791831678136
453.97543263435364, 1569.9453878718432, 1874.1791831678136
454.48905515670776, 1569.9453878718432, 1874.1791831678136
454.9807379245758, 1569.9453878718432, 1874.1791831678136
455.77760195732117, 1565.0388835434312, 1876.0376413770532
456.00399589538574, 1565.0388835434312, 1876.0376413770532
456.4747350215912, 1565.0388835434312, 1876.0376413770532
456.97738885879517, 1565.0388835434312, 1876.0376413770532
457.4630868434906, 1565.0388835434312, 1876.0376413770532
457.97571063041687, 1565.0388835434312, 1876.0376413770532
458.4653992652893, 1565.0388835434312, 1876.0376413770532
459.2473042011261, 1570.1078365586955, 1873.7248795587782
459.9843292236328, 1570.1078365586955, 1873.7248795587782
460.46903014183044, 1570.1078365586955, 1873.7248795587782
460.94475507736206, 1570.1078365586955, 1873.7248795587782
461.4653604030609, 1570.1078365586955, 1873.7248795587782
461.97000670433044, 1570.1078365586955, 1873.7248795587782
462.466676235199, 1570.1078365586955, 1873.7248795587782
462.96534037590027, 1570.1078365586955, 1873.7248795587782
463.4440574645996, 1570.1078365586955, 1873.7248795587782
463.97762751579285, 1570.1078365586955, 1873.7248795587782
464.4762909412384, 1570.1078365586955, 1873.7248795587782
464.9749548435211, 1570.1078365586955, 1873.7248795587782
465.79874753952026, 1578.2653445292488, 1874.9260483495384
466.47992396354675, 1578.2653445292488, 1874.9260483495384
466.9775879383087, 1578.2653445292488, 1874.9260483495384
467.4792444705963, 1578.2653445292488, 1874.9260483495384
467.9828944206238, 1578.2653445292488, 1874.9260483495384
468.4656000137329, 1578.2653445292488, 1874.9260483495384
469.23055052757263, 1571.7063864540232, 1865.7741535956834
469.4659192562103, 1571.7063864540232, 1865.7741535956834
469.97555327415466, 1571.7063864540232, 1865.7741535956834
470.47022914886475, 1571.7063864540232, 1865.7741535956834
470.96689677238464, 1571.7063864540232, 1865.7741535956834
471.4525954723358, 1571.7063864540232, 1865.7741535956834
472.3073046207428, 1577.3808639392978, 1872.430470130215
473.25476598739624, 1573.3468751117493, 1870.1764660830272
473.9808213710785, 1573.3468751117493, 1870.1764660830272
474.4685139656067, 1573.3468751117493, 1870.1764660830272
474.98114013671875, 1573.3468751117493, 1870.1764660830272
475.48778104782104, 1573.3468751117493, 1870.1764660830272
475.9665005207062, 1573.3468751117493, 1870.1764660830272
476.7833104133606, 1570.9974710391018, 1872.6048754772257
477.49240946769714, 1570.9974710391018, 1872.6048754772257
477.96813702583313, 1570.9974710391018, 1872.6048754772257
478.7759702205658, 1570.3878695475557, 1865.9443891601702
479.0163264274597, 1570.3878695475557, 1865.9443891601702
479.4641261100769, 1570.3878695475557, 1865.9443891601702
479.99171137809753, 1570.3878695475557, 1865.9443891601702
480.7696270942688, 1562.359151274286, 1867.9877789710467
481.0099833011627, 1562.359151274286, 1867.9877789710467
481.7699475288391, 1563.7283036433198, 1870.4159161506823
482.2845678329468, 1565.0494767349255, 1871.7607150689346
483.3177983760834, 1570.7732749045883, 1870.3425612289006
484.2702474594116, 1569.0235968801446, 1875.5516854164607
484.5016269683838, 1569.0235968801446, 1875.5516854164607
484.9753577709198, 1569.0235968801446, 1875.5516854164607
485.4839940071106, 1569.0235968801446, 1875.5516854164607
485.96171522140503, 1569.0235968801446, 1875.5516854164607
486.47035098075867, 1569.0235968801446, 1875.5516854164607
486.9919526576996, 1569.0235968801446, 1875.5516854164607
487.8416759967804, 1569.8733764467377, 1876.11223803938
488.75024127960205, 1572.0465773773985, 1880.8637823454073
488.9945864677429, 1572.0465773773985, 1880.8637823454073
489.4683184623718, 1572.0465773773985, 1880.8637823454073
489.96997261047363, 1572.0465773773985, 1880.8637823454073
490.75885796546936, 1571.9011896617503, 1871.1950001315465
490.9852509498596, 1571.9011896617503, 1871.1950001315465
491.7811188697815, 1574.4372580519375, 1873.5235068263694
492.4583032131195, 1574.4372580519375, 1873.5235068263694
493.2222571372986, 1575.9487633697752, 1873.7923584758537
493.4775741100311, 1575.9487633697752, 1873.7923584758537
493.9692552089691, 1575.9487633697752, 1873.7923584758537
494.4699137210846, 1575.9487633697752, 1873.7923584758537
495.28672337532043, 1577.0134247526964, 1869.2243497009817
495.9768750667572, 1577.0134247526964, 1869.2243497009817
496.7378349304199, 1582.2169277013463, 1873.4481899782902
496.97719526290894, 1582.2169277013463, 1873.4481899782902
497.48882389068604, 1582.2169277013463, 1873.4481899782902
497.9745213985443, 1582.2169277013463, 1873.4481899782902
498.4741826057434, 1582.2169277013463, 1873.4481899782902
498.9848144054413, 1582.2169277013463, 1873.4481899782902
499.7497639656067, 1580.750774232257, 1874.9630841460264
499.98413729667664, 1580.750774232257, 1874.9630841460264
500.4628541469574, 1580.750774232257, 1874.9630841460264
500.9794692993164, 1580.750774232257, 1874.9630841460264
501.47314500808716, 1580.750774232257, 1874.9630841460264
501.974800825119, 1580.750774232257, 1874.9630841460264
502.47545981407166, 1580.750774232257, 1874.9630841460264
502.95916414260864, 1580.750774232257, 1874.9630841460264
503.4707932472229, 1580.750774232257, 1874.9630841460264
503.96646451950073, 1580.750774232257, 1874.9630841460264
504.4870698451996, 1580.750774232257, 1874.9630841460264
504.984735250473, 1580.750774232257, 1874.9630841460264
505.4804096221924, 1580.750774232257, 1874.9630841460264
505.97208976745605, 1580.750774232257, 1874.9630841460264
506.48072624206543, 1580.750774232257, 1874.9630841460264
506.97539949417114, 1580.750774232257, 1874.9630841460264
507.4740641117096, 1580.750774232257, 1874.9630841460264
508.21906757354736, 1584.1739342496055, 1867.5617034358852
508.7626130580902, 1586.8774318313008, 1868.673652680985
509.0259051322937, 1586.8774318313008, 1868.673652680985
509.46971559524536, 1586.8774318313008, 1868.673652680985
509.9773573875427, 1586.8774318313008, 1868.673652680985
510.4640529155731, 1586.8774318313008, 1868.673652680985
510.9966244697571, 1586.8774318313008, 1868.673652680985
511.4873104095459, 1586.8774318313008, 1868.673652680985
511.96403336524963, 1586.8774318313008, 1868.673652680985
512.4786531925201, 1586.8774318313008, 1868.673652680985
512.9803082942963, 1586.8774318313008, 1868.673652680985
513.4999160766602, 1586.8774318313008, 1868.673652680985
513.9896039962769, 1586.8774318313008, 1868.673652680985
514.6977052688599, 1581.7792286148147, 1877.6299539368047
514.98792719841, 1581.7792286148147, 1877.6299539368047
515.7578642368317, 1586.216357296485, 1876.8876382082594
516.0141780376434, 1586.216357296485, 1876.8876382082594
516.4679629802704, 1586.216357296485, 1876.8876382082594
516.937703371048, 1586.216357296485, 1876.8876382082594
517.4313805103302, 1586.216357296485, 1876.8876382082594
517.9230620861053, 1586.216357296485, 1876.8876382082594
518.6331584453583, 1585.601476720663, 1873.2982319189318
518.9802315235138, 1585.601476720663, 1873.2982319189318
519.7810838222504, 1585.701115569119, 1870.7897932523247
520.4453041553497, 1585.701115569119, 1870.7897932523247
520.9589273929596, 1585.701115569119, 1870.7897932523247
521.458587884903, 1585.701115569119, 1870.7897932523247
522.2155618667603, 1584.4286097466081, 1877.4187263456067
522.4658901691437, 1584.4286097466081, 1877.4187263456067
522.9725308418274, 1584.4286097466081, 1877.4187263456067
523.7454597949982, 1585.1318620180994, 1872.8937941160375
523.9778363704681, 1585.1318620180994, 1872.8937941160375
524.4804906845093, 1585.1318620180994, 1872.8937941160375
524.9881300926208, 1585.1318620180994, 1872.8937941160375
525.781004190445, 1586.9617951494085, 1874.791024414574
526.0034086704254, 1586.9617951494085, 1874.791024414574
526.4811289310455, 1586.9617951494085, 1874.791024414574
526.9847781658173, 1586.9617951494085, 1874.791024414574
527.4714753627777, 1586.9617951494085, 1874.791024414574
527.969140291214, 1586.9617951494085, 1874.791024414574
528.4907438755035, 1586.9617951494085, 1874.791024414574
529.2686574459076, 1590.5875893322775, 1878.925394689483
529.9877319335938, 1590.5875893322775, 1878.925394689483
530.499361038208, 1590.5875893322775, 1878.925394689483
530.9810690879822, 1590.5875893322775, 1878.925394689483
531.4707567691803, 1590.5875893322775, 1878.925394689483
531.9684226512909, 1590.5875893322775, 1878.925394689483
532.4680881500244, 1590.5875893322775, 1878.925394689483
532.968743801117, 1590.5875893322775, 1878.925394689483
533.4684042930603, 1590.5875893322775, 1878.925394689483
533.9810302257538, 1590.5875893322775, 1878.925394689483
534.4577524662018, 1590.5875893322775, 1878.925394689483
534.9783568382263, 1590.5875893322775, 1878.925394689483
535.466050863266, 1590.5875893322775, 1878.925394689483
535.9766817092896, 1590.5875893322775, 1878.925394689483
536.4673671722412, 1590.5875893322775, 1878.925394689483
536.9710166454315, 1590.5875893322775, 1878.925394689483
537.4706780910492, 1590.5875893322775, 1878.925394689483
538.200722694397, 1583.2993605137212, 1882.609780288791
538.4759840965271, 1583.2993605137212, 1882.609780288791
539.2389400005341, 1581.9470450679735, 1869.4951376060458
539.5072205066681, 1581.9470450679735, 1869.4951376060458
540.011869430542, 1581.9470450679735, 1869.4951376060458
540.4566760063171, 1581.9470450679735, 1869.4951376060458
541.0012176036835, 1581.9470450679735, 1869.4951376060458
541.4589903354645, 1581.9470450679735, 1869.4951376060458
541.992561340332, 1581.9470450679735, 1869.4951376060458
542.4812517166138, 1581.9470450679735, 1869.4951376060458
542.9739315509796, 1581.9470450679735, 1869.4951376060458
543.7588279247284, 1576.7744364330092, 1875.46161647234
543.9752466678619, 1576.7744364330092, 1875.46161647234
544.4769043922424, 1576.7744364330092, 1875.46161647234
545.2358689308167, 1584.4385427662505, 1876.3889941962611
545.4891910552979, 1584.4385427662505, 1876.3889941962611
545.9699018001556, 1584.4385427662505, 1876.3889941962611
546.753800868988, 1579.568112089234, 1875.2412713530791
546.9752082824707, 1579.568112089234, 1875.2412713530791
547.4499368667603, 1579.568112089234, 1875.2412713530791
547.9825081825256, 1579.568112089234, 1875.2412713530791
548.8701303005219, -17044.28076085402, 923.1021878757088
549.5872075557709, -17044.28076085402, 923.1021878757088
550.3870656490326, 3623.2806022625855, 778.3852428610109
551.1440343856812, 3623.2806022625855, 778.3852428610109
551.5599210262299, 3623.2806022625855, 778.3852428610109
552.0755400657654, 3623.2806022625855, 778.3852428610109
552.5732052326202, 3623.2806022625855, 778.3852428610109
553.4478631019592, 3853.5471416557666, 73789.24948571004
554.1380121707916, 3853.5471416557666, 73789.24948571004
556.4308671951294, 3650.324777585368, 848.4199846509398
557.567821264267, 3340.7320803778634, 14.722418703940813
558.2669467926025, 3340.7320803778634, 14.722418703940813
558.8374185562134, 3340.7320803778634, 14.722418703940813
559.8187899589539, 3340.7320803778634, 14.722418703940813
560.8829367160797, 3446.9176974808825, 1194.81887352112
561.6419038772583, 3446.9176974808825, 1194.81887352112
562.3819196224213, 3696.000466967636, 837.3661393124318
563.1518573760986, 3696.000466967636, 837.3661393124318
563.9367527961731, 3995.598062699368, 254.3538357552237
564.624908208847, 3995.598062699368, 254.3538357552237
565.1375346183777, 3995.598062699368, 254.3538357552237
565.6073231697083, 3995.598062699368, 254.3538357552237
566.1578004360199, 3995.598062699368, 254.3538357552237
566.5976228713989, 3995.598062699368, 254.3538357552237
567.124213218689, 3995.598062699368, 254.3538357552237
567.5939526557922, 3995.598062699368, 254.3538357552237
568.369874715805, 3338.9051425518214, -18730.20517999593
569.4300348758698, 3726.2213645236184, 809.4149262369966
570.1032304763794, 3726.2213645236184, 809.4149262369966
570.6308159828186, 3726.2213645236184, 809.4149262369966
574.9023673534393, 3555.083054801852, 701.2007042259444
575.6533541679382, 3555.083054801852, 701.2007042259444
576.1171133518219, 3555.083054801852, 701.2007042259444
576.6227555274963, 3555.083054801852, 701.2007042259444
577.3807272911072, 3473.792787234662, 977.5514337700686
578.148668050766, 3473.792787234662, 977.5514337700686
578.9176080226898, 3910.733654438753, 726.5386507260795
579.6356828212738, 3910.733654438753, 726.5386507260795
580.1852097511292, 3910.733654438753, 726.5386507260795
580.6210415363312, 3910.733654438753, 726.5386507260795
581.1526172161102, 3910.733654438753, 726.5386507260795
581.6502842903137, 3910.733654438753, 726.5386507260795
582.433185338974, 3596.6916930746233, 506.31174480268703
583.1223394870758, 3596.6916930746233, 506.31174480268703
583.6229975223541, 3596.6916930746233, 506.31174480268703
584.1316344738007, 3596.6916930746233, 506.31174480268703
584.6372792720795, 3596.6916930746233, 506.31174480268703
585.1389346122742, 3596.6916930746233, 506.31174480268703
585.6545536518097, 3596.6916930746233, 506.31174480268703
586.2838671207428, 3382.2261286520957, 846.8491324204082
587.1266086101532, 3382.2261286520957, 846.8491324204082
587.6382367610931, 3382.2261286520957, 846.8491324204082
588.120943069458, 3382.2261286520957, 846.8491324204082
588.9207992553711, 3502.0734777941866, 55664.46203479893
589.625910282135, 3502.0734777941866, 55664.46203479893
590.131555557251, 3502.0734777941866, 55664.46203479893
590.6072809696198, 3502.0734777941866, 55664.46203479893
591.1258902549744, 3502.0734777941866, 55664.46203479893
591.6474933624268, 3502.0734777941866, 55664.46203479893
592.1491496562958, 3502.0734777941866, 55664.46203479893
592.9599769115448, 3962.2497131385303, 27.00611416643694
593.6730647087097, 3962.2497131385303, 27.00611416643694
594.2305717468262, 3962.2497131385303, 27.00611416643694
594.9476497173309, 3492.9714831170995, 64179.430220538066
595.6687159538269, 3492.9714831170995, 64179.430220538066
596.1524195671082, 3492.9714831170995, 64179.430220538066
596.6460971832275, 3492.9714831170995, 64179.430220538066
597.408055305481, 3668.191251762348, 423.15942604345025
598.1261305809021, 3668.191251762348, 423.15942604345025
598.6158194541931, 3668.191251762348, 423.15942604345025
599.1214635372162, 3668.191251762348, 423.15942604345025
599.6610178947449, 3668.191251762348, 423.15942604345025
600.1187927722931, 3668.191251762348, 423.15942604345025
600.6503663063049, 3668.191251762348, 423.15942604345025
601.1330735683441, 3668.191251762348, 423.15942604345025
601.6656458377838, 3668.191251762348, 423.15942604345025
602.1852536201477, 3668.191251762348, 423.15942604345025
602.6420307159424, 3668.191251762348, 423.15942604345025
603.3970067501068, 3776.6489128309927, 878.9082168622255
604.1260528564453, 3776.6489128309927, 878.9082168622255
604.6336917877197, 3776.6489128309927, 878.9082168622255
605.148313999176, 3776.6489128309927, 878.9082168622255
605.6509659290314, 3776.6489128309927, 878.9082168622255
606.4219014644623, -120372.3211692988, 614.5793480382031
607.0482215881348, -120372.3211692988, 614.5793480382031
607.5488801002502, -120372.3211692988, 614.5793480382031
608.048540353775, -120372.3211692988, 614.5793480382031
608.5751292705536, -120372.3211692988, 614.5793480382031
609.0518524646759, -120372.3211692988, 614.5793480382031
609.5345582962036, -120372.3211692988, 614.5793480382031
610.4381368160248, 3458.65196536229, 533.3857749497553
611.1861321926117, 3458.65196536229, 533.3857749497553
611.6568713188171, 3458.65196536229, 533.3857749497553
615.88254737854, 3690.1947127044045, 950.1788178248421
616.6125915050507, 3690.1947127044045, 950.1788178248421
617.1082651615143, 3690.1947127044045, 950.1788178248421
617.5879778862, 3690.1947127044045, 950.1788178248421
618.1335165500641, 3690.1947127044045, 950.1788178248421
618.5823123455048, 3690.1947127044045, 950.1788178248421
619.4569699764252, 3796.0644206273387, 692.2711480968474
620.3735113143921, 3892.4582567755538, 1136.8794615182635
621.0836093425751, 3892.4582567755538, 1136.8794615182635
621.5902516841888, 3892.4582567755538, 1136.8794615182635
622.0709631443024, 3892.4582567755538, 1136.8794615182635
622.8568575382233, 3777.3779325239893, 968.5990155976948
623.6367671489716, 3777.3779325239893, 968.5990155976948
624.4116914272308, 3587.0063370690877, 1160.148088755792
625.0888755321503, 3587.0063370690877, 1160.148088755792
625.612473487854, 3587.0063370690877, 1160.148088755792
626.0642619132996, 3587.0063370690877, 1160.148088755792
626.6078052520752, 3587.0063370690877, 1160.148088755792
627.0685708522797, 3587.0063370690877, 1160.148088755792
627.6200928688049, 3587.0063370690877, 1160.148088755792
628.0758712291718, 3587.0063370690877, 1160.148088755792
628.5994703769684, 3587.0063370690877, 1160.148088755792
629.071202993393, 3587.0063370690877, 1160.148088755792
629.8740520477295, 3749.6605115285124, 715.7271317974246
630.887336730957, 3373.607587453559, 1064.0968289024618
631.585465669632, 3373.607587453559, 1064.0968289024618
632.1150465011597, 3373.607587453559, 1064.0968289024618
632.625678062439, 3373.607587453559, 1064.0968289024618
633.1652328968048, 3373.607587453559, 1064.0968289024618
633.6409573554993, 3373.607587453559, 1064.0968289024618
634.3630223274231, 3312.6385892313992, 670.6127654791321
635.0451943874359, 3312.6385892313992, 670.6127654791321
636.4783537387848, 3514.0989223426504, 823.3221741521463
637.4298050403595, 3679.5887933332897, 574.7168737482097
638.1698203086853, 3679.5887933332897, 574.7168737482097
638.6864366531372, 3679.5887933332897, 574.7168737482097
639.1162848472595, 3679.5887933332897, 574.7168737482097
639.6199340820312, 3679.5887933332897, 574.7168737482097
640.1066296100616, 3679.5887933332897, 574.7168737482097
641.980610370636, 3381.3254004784117, 539.5100095402458
642.6917026042938, 3381.3254004784117, 539.5100095402458
643.204329252243, 3381.3254004784117, 539.5100095402458
643.6401610374451, 3381.3254004784117, 539.5100095402458
644.1637582778931, 3381.3254004784117, 539.5100095402458
644.6075687408447, 3381.3254004784117, 539.5100095402458
645.1032392978668, 3381.3254004784117, 539.5100095402458
645.6088860034943, 3381.3254004784117, 539.5100095402458
646.1185209751129, 3381.3254004784117, 539.5100095402458
646.5982351303101, 3381.3254004784117, 539.5100095402458
647.1347978115082, 3381.3254004784117, 539.5100095402458
647.6035401821136, 3381.3254004784117, 539.5100095402458
648.1221499443054, 3381.3254004784117, 539.5100095402458
648.5988736152649, 3381.3254004784117, 539.5100095402458
649.1364333629608, 3381.3254004784117, 539.5100095402458
649.6211330890656, 3381.3254004784117, 539.5100095402458
650.0998508930206, 3381.3254004784117, 539.5100095402458
650.6164665222168, 3381.3254004784117, 539.5100095402458
651.0941865444183, 3381.3254004784117, 539.5100095402458
651.6217722892761, 3381.3254004784117, 539.5100095402458
652.0865271091461, 3381.3254004784117, 539.5100095402458
652.615110874176, 3381.3254004784117, 539.5100095402458
653.4010043144226, 3951.2086601898395, 1425.2701851177465
654.1081097126007, 3951.2086601898395, 1425.2701851177465
654.6526491641998, 3951.2086601898395, 1425.2701851177465
655.1463270187378, 3951.2086601898395, 1425.2701851177465
655.6559607982635, 3951.2086601898395, 1425.2701851177465
656.1406619548798, 3951.2086601898395, 1425.2701851177465
656.6373310089111, 3951.2086601898395, 1425.2701851177465
657.1300101280212, 3951.2086601898395, 1425.2701851177465
657.6416397094727, 3951.2086601898395, 1425.2701851177465
658.1472845077515, 3951.2086601898395, 1425.2701851177465
658.6190209388733, 3951.2086601898395, 1425.2701851177465
659.1595714092255, 3951.2086601898395, 1425.2701851177465
659.6342992782593, 3951.2086601898395, 1425.2701851177465
660.3374147415161, 3768.048976346552, 609.8601885273386
661.4095435142517, 3502.757486944561, 1221.1696378849733
662.1595325469971, 3502.757486944561, 1221.1696378849733
662.6492192745209, 3502.757486944561, 1221.1696378849733
663.13392162323, 3502.757486944561, 1221.1696378849733
663.6196188926697, 3502.757486944561, 1221.1696378849733
664.1053173542023, 3502.757486944561, 1221.1696378849733
664.5830383300781, 3502.757486944561, 1221.1696378849733
665.1375515460968, 3502.757486944561, 1221.1696378849733
665.6362156867981, 3502.757486944561, 1221.1696378849733
666.1308901309967, 3502.757486944561, 1221.1696378849733
666.6036233901978, 3502.757486944561, 1221.1696378849733
667.3994903564453, 3414.855670147499, 476.4899623436852
668.1375122070312, 3414.855670147499, 476.4899623436852
668.6192231178284, 3414.855670147499, 476.4899623436852
669.121874332428, 3414.855670147499, 476.4899623436852
669.6494605541229, 3414.855670147499, 476.4899623436852
670.1162106990814, 3414.855670147499, 476.4899623436852
670.6238498687744, 3414.855670147499, 476.4899623436852
673.3744804859161, 3463.032487561753, 1802.0824205173994
674.1204798221588, 3463.032487561753, 1802.0824205173994
674.6231319904327, 3463.032487561753, 1802.0824205173994
675.5815637111664, 3719.153584573576, 604.4518295936214
676.2826869487762, 3719.153584573576, 604.4518295936214
677.280012845993, 3719.153584573576, 604.4518295936214
678.2733523845673, 3719.153584573576, 604.4518295936214
679.2826473712921, 3719.153584573576, 604.4518295936214
680.4205961227417, 3672.87651346347, 623.544459947389
681.1346833705902, 3672.87651346347, 623.544459947389
681.6213791370392, 3672.87651346347, 623.544459947389
682.1170506477356, 3672.87651346347, 623.544459947389
682.9438343048096, 3911.449244993962, 562.5246030812808
683.6230149269104, 3911.449244993962, 562.5246030812808
684.1476089954376, 3911.449244993962, 562.5246030812808
684.9055774211884, 3659.973634273255, 1719.4038100617167
685.6356205940247, 3659.973634273255, 1719.4038100617167
686.1243116855621, 3659.973634273255, 1719.4038100617167
686.6518979072571, 3659.973634273255, 1719.4038100617167
687.3570086956024, 3766.537937328742, 2114.2514974246997
688.3623149394989, -58767.6744080863, 1325.2951665295282
689.8632929325104, 3633.0198293834164, 1333.7865793484414
690.5534443855286, 3633.0198293834164, 1333.7865793484414
691.0720529556274, 3633.0198293834164, 1333.7865793484414
691.5248394012451, 3633.0198293834164, 1333.7865793484414
692.0853374004364, 3633.0198293834164, 1333.7865793484414
692.8203670978546, 3733.621230368925, 810.1892992365459
693.5125131607056, 3733.621230368925, 810.1892992365459
694.0281317234039, 3733.621230368925, 810.1892992365459
694.5108382701874, 3733.621230368925, 810.1892992365459
695.4513175487518, 5564.951239966225, 561.1138241774661
696.1424658298492, 5564.951239966225, 561.1138241774661
696.6281642913818, 5564.951239966225, 561.1138241774661
697.3432474136353, 3636.8686809379506, 1140.7936673983993
698.0653138160706, 3636.8686809379506, 1140.7936673983993
698.5589897632599, 3636.8686809379506, 1140.7936673983993
699.0596492290497, 3636.8686809379506, 1140.7936673983993
699.5692837238312, 3636.8686809379506, 1140.7936673983993
700.0888907909393, 3636.8686809379506, 1140.7936673983993
700.6055059432983, 3636.8686809379506, 1140.7936673983993
701.1011779308319, 3636.8686809379506, 1140.7936673983993
701.5599498748779, 3636.8686809379506, 1140.7936673983993
702.0596108436584, 3636.8686809379506, 1140.7936673983993
702.8634562492371, 4988.255344414973, 790.300944869649
703.6074624061584, 4988.255344414973, 790.300944869649
704.0752084255219, 4988.255344414973, 790.300944869649
704.5828485488892, 4988.255344414973, 790.300944869649
705.3378238677979, 3357.833574655823, 866.6082519129537
706.0489196777344, 3357.833574655823, 866.6082519129537
706.567530632019, 3357.833574655823, 866.6082519129537
707.0572166442871, 3357.833574655823, 866.6082519129537
707.5907871723175, 3357.833574655823, 866.6082519129537
708.0884544849396, 3357.833574655823, 866.6082519129537
708.56019115448, 3357.833574655823, 866.6082519129537
709.0817940235138, 3357.833574655823, 866.6082519129537
709.5814535617828, 3357.833574655823, 866.6082519129537
710.0791187286377, 3357.833574655823, 866.6082519129537
710.5947382450104, 3357.833574655823, 866.6082519129537
711.3407382965088, 3646.0939973482136, 598.2324700406161
712.0907299518585, 3646.0939973482136, 598.2324700406161
712.5933821201324, 3646.0939973482136, 598.2324700406161
713.3204333782196, 3722.8889437817584, 888.9768422359845
714.0614473819733, 3722.8889437817584, 888.9768422359845
714.7944829463959, 3484.1788393558522, 862.2401623584395
715.5833697319031, 3484.1788393558522, 862.2401623584395
716.387216091156, 3719.0754077398637, 852.9655248853767
717.0175273418427, 3719.0754077398637, 852.9655248853767
717.5949788093567, 3719.0754077398637, 852.9655248853767
718.3908474445343, 3674.090161595554, 863.3495787291688
719.106926202774, 3674.090161595554, 863.3495787291688
719.9317166805267, 3569.8634682493785, 743.8318734501036
720.8851618766785, -37829.697037911355, 647.6940793012717
721.5842888355255, -37829.697037911355, 647.6940793012717
722.4090795516968, 3714.8792091709142, 741.2830406685885
723.1770210266113, 3714.8792091709142, 741.2830406685885
723.9020774364471, 3639.972983774531, 602.7777870547039
724.9931545257568, 3921.9101697921033, 1279.0689100596362
725.618479013443, 3921.9101697921033, 1279.0689100596362
726.2318336963654, 3921.9101697921033, 1279.0689100596362
726.8521735668182, 3548.226164922776, 298.3830607021213
727.8694458007812, 3561.828703259715, 1278.610313541857
728.8059372901917, 2894.972303934781, 586.7371909744173
729.5918302536011, 2894.972303934781, 586.7371909744173
730.0865046977997, 2894.972303934781, 586.7371909744173
730.6160860061646, 2894.972303934781, 586.7371909744173
731.4697976112366, -38382.90114373604, 540.6504957229015
732.0781672000885, -38382.90114373604, 540.6504957229015
732.9388604164124, 3987.052545638138, 1404.8568511451292
733.6369895935059, 3987.052545638138, 1404.8568511451292
734.4926972389221, 3591.690373064613, 653.1465678684972
735.0980753898621, 3591.690373064613, 653.1465678684972
735.6595709323883, 3591.690373064613, 653.1465678684972
736.3267819881439, 3378.205575556434, 1000.3230735725427
737.3859450817108, 4592.562085854202, 294.9769147195359
738.0820796489716, 4592.562085854202, 294.9769147195359
738.9308042526245, 3386.1895357298995, 1635.3005281220787
739.8264038562775, 2847.4245170461604, 636.2972197053268
740.5554518699646, 2847.4245170461604, 636.2972197053268
741.075058221817, 2847.4245170461604, 636.2972197053268
741.5517821311951, 2847.4245170461604, 636.2972197053268
742.375574350357, 3544.4982644026068, 866.5743947867611
743.0896599292755, 3544.4982644026068, 866.5743947867611
743.5633919239044, 3544.4982644026068, 866.5743947867611
744.41810131073, 3283.6679319990185, 249.3779654783398
745.0583846569061, 3283.6679319990185, 249.3779654783398
745.5869679450989, 3283.6679319990185, 249.3779654783398
746.3838317394257, 3515.01364398502, 513.5354412519046
747.4001088142395, 3253.728092120831, 636.1372459395507
749.7897064685822, 3650.636523696739, 615.7371482370152
750.5616376399994, 3650.636523696739, 615.7371482370152
751.0483334064484, 3650.636523696739, 615.7371482370152
751.5739257335663, 3650.636523696739, 615.7371482370152
752.3059659004211, 3811.1194214605534, 597.6782088769745
753.036007642746, 3811.1194214605534, 597.6782088769745
753.9844663143158, 3644.837758529107, 1257.7505977305573
754.6546680927277, 3644.837758529107, 1257.7505977305573
755.12939620018, 3644.837758529107, 1257.7505977305573
755.6310544013977, 3644.837758529107, 1257.7505977305573
756.1686124801636, 3644.837758529107, 1257.7505977305573
756.5944716930389, 3644.837758529107, 1257.7505977305573
757.0821645259857, 3644.837758529107, 1257.7505977305573
757.6456549167633, 3644.837758529107, 1257.7505977305573
758.1383333206177, 3644.837758529107, 1257.7505977305573
758.6200425624847, 3644.837758529107, 1257.7505977305573
759.1366574764252, 3644.837758529107, 1257.7505977305573
759.6273431777954, 3644.837758529107, 1257.7505977305573
760.1549296379089, 3644.837758529107, 1257.7505977305573
760.5448844432831, 3644.837758529107, 1257.7505977305573
761.0605053901672, 3644.837758529107, 1257.7505977305573
761.7187392711639, 3027.806888313941, 1356.2864298518189
762.0688006877899, 3027.806888313941, 1356.2864298518189
762.944454908371, 3888.6748390841162, 1161.1793534019546
763.5947115421295, 3888.6748390841162, 1161.1793534019546
764.1252899169922, 3888.6748390841162, 1161.1793534019546
764.80646443367, 3700.194864238172, 783.4094024057608
765.9773283004761, 3507.2436830807987, 956.3385513546547
766.8440051078796, 3758.71309924852, 888.1669168337663
767.5720527172089, 3758.71309924852, 888.1669168337663
768.0906636714935, 3758.71309924852, 888.1669168337663
769.063059091568, 3675.8098057823518, 709.5438867584584
769.8369841575623, 3291.6267223061045, 822.28117295164
770.5430943965912, 3291.6267223061045, 822.28117295164
771.0626995563507, 3291.6267223061045, 822.28117295164
772.1308376789093, 3803.547689445025, 637.1776187701785
773.1191897392273, 3533.662650462704, 2630.1496472623676
774.0018262863159, 3481.589149629799, 1095.2002013490062
774.7468285560608, 3481.589149629799, 1095.2002013490062
775.4060614109039, 3481.589149629799, 1095.2002013490062
776.3216071128845, 3481.589149629799, 1095.2002013490062
777.2740561962128, 3481.589149629799, 1095.2002013490062
777.7767081260681, 3481.589149629799, 1095.2002013490062
778.3092811107635, 3481.589149629799, 1095.2002013490062
779.2587361335754, 3481.589149629799, 1095.2002013490062
779.777346611023, 3481.589149629799, 1095.2002013490062
780.2091903686523, 3481.589149629799, 1095.2002013490062
780.78564453125, 3481.589149629799, 1095.2002013490062
781.8627579212189, 3562.7150933393646, 753.5518722718011
782.5858201980591, 3562.7150933393646, 753.5518722718011
783.0725169181824, 3562.7150933393646, 753.5518722718011
783.556220293045, 3562.7150933393646, 753.5518722718011
784.0808148384094, 3562.7150933393646, 753.5518722718011
784.5395863056183, 3562.7150933393646, 753.5518722718011
785.0941004753113, 3562.7150933393646, 753.5518722718011
785.9258692264557, 3628.5225527442244, 10306.744723350686
786.5900909900665, 3628.5225527442244, 10306.744723350686
787.3171417713165, 3765.0921324425503, 1153.7278273970692
788.0262415409088, 3765.0921324425503, 1153.7278273970692
788.5189225673676, 3765.0921324425503, 1153.7278273970692
789.0425179004669, 3765.0921324425503, 1153.7278273970692
789.5342025756836, 3765.0921324425503, 1153.7278273970692
790.0398449897766, 3765.0921324425503, 1153.7278273970692
790.5315282344818, 3765.0921324425503, 1153.7278273970692
791.3912241458893, 3656.577305943828, 1280.1963060499913
792.0295157432556, 3656.577305943828, 1280.1963060499913
792.562087059021, 3656.577305943828, 1280.1963060499913
793.0836901664734, 3656.577305943828, 1280.1963060499913
793.5863420963287, 3656.577305943828, 1280.1963060499913
794.0351400375366, 3656.577305943828, 1280.1963060499913
794.5726990699768, 3656.577305943828, 1280.1963060499913
795.2907745838165, 3666.4692566083445, 969.9370268661969
796.2402307987213, 3248.7633394382888, 954.9741490010385
796.5234715938568, 3248.7633394382888, 954.9741490010385
796.9952080249786, 3248.7633394382888, 954.9741490010385
797.4978609085083, 3248.7633394382888, 954.9741490010385
797.9855535030365, 3248.7633394382888, 954.9741490010385
798.5350799560547, 3248.7633394382888, 954.9741490010385
799.0088114738464, 3248.7633394382888, 954.9741490010385
799.5264236927032, 3248.7633394382888, 954.9741490010385
800.0131199359894, 3248.7633394382888, 954.9741490010385
800.8279371261597, -47839.36593956003, 707.7235202989806
801.542022228241, -47839.36593956003, 707.7235202989806
802.0396893024445, -47839.36593956003, 707.7235202989806
802.559296131134, -47839.36593956003, 707.7235202989806
803.0559678077698, -47839.36593956003, 707.7235202989806
805.2450995445251, 3782.7746691988464, 2143.024349765954
805.4744846820831, 3782.7746691988464, 2143.024349765954
806.3341829776764, 3713.927954898484, 570.295126890249
807.3384902477264, 3856.295006875477, 1157.16011719953
810.3494229316711, 2942.8402303084276, 1481.0317965194606
811.3507385253906, -52817.143357268855, 922.4461057343327
812.0349054336548, -52817.143357268855, 922.4461057343327
812.5475316047668, -52817.143357268855, 922.4461057343327
813.033230304718, -52817.143357268855, 922.4461057343327
813.5458559989929, -52817.143357268855, 922.4461057343327
814.0255694389343, -52817.143357268855, 922.4461057343327
814.5372002124786, -52817.143357268855, 922.4461057343327
815.336058139801, 3564.9691859217123, 1362.7800632542621
816.0381779670715, 3564.9691859217123, 1362.7800632542621
816.8519959449768, 3957.84637164594, 1141.2688141185993
817.9081656932831, 3324.057997201253, 754.4825863852411
818.5943269729614, 3324.057997201253, 754.4825863852411
819.0880055427551, 3324.057997201253, 754.4825863852411
819.5487704277039, 3324.057997201253, 754.4825863852411
820.0893201828003, 3324.057997201253, 754.4825863852411
820.5670404434204, 3324.057997201253, 754.4825863852411
821.067699432373, 3324.057997201253, 754.4825863852411
821.5414302349091, 3324.057997201253, 754.4825863852411
822.319344997406, 3501.140707716221, 1792.4160213129485
823.2767806053162, 3834.325736251958, 743.071244359373
824.4795558452606, 3432.977368464009, 69.24605353687065
825.2036159038544, 3432.977368464009, 69.24605353687065
825.6224935054779, 3432.977368464009, 69.24605353687065
826.175012588501, 3432.977368464009, 69.24605353687065
826.6457531452179, 3432.977368464009, 69.24605353687065
827.3847711086273, 12750.219913893696, 1158.7934542121272
828.0569698810577, 12750.219913893696, 1158.7934542121272
828.553640127182, 12750.219913893696, 1158.7934542121272
831.3770728111267, 2890.5575676654075, 1209.8860602683374
832.0522651672363, 2890.5575676654075, 1209.8860602683374
834.2912645339966, 3326.683929340008, 852.4249312842451
835.0761604309082, 3326.683929340008, 852.4249312842451
835.603746175766, 3326.683929340008, 852.4249312842451
836.0794723033905, 3326.683929340008, 852.4249312842451
843.404842376709, 3504.691973448105, 480.0117266506175
844.4430599212646, 3628.22105801941, 160.8385971735442
845.1421852111816, 3628.22105801941, 160.8385971735442
845.8173770904541, 3906.5725157862366, 849.5055304519822
846.9244115352631, 3960.492596522806, 1238.3579809381583
847.7432155609131, 3960.492596522806, 1238.3579809381583
848.1850321292877, 3960.492596522806, 1238.3579809381583
848.7405428886414, 3960.492596522806, 1238.3579809381583
849.1693935394287, 3960.492596522806, 1238.3579809381583
849.7388684749603, 3960.492596522806, 1238.3579809381583
850.160737991333, 3960.492596522806, 1238.3579809381583
850.6963028907776, 3960.492596522806, 1238.3579809381583
851.2049396038055, 3960.492596522806, 1238.3579809381583
851.6677002906799, 3960.492596522806, 1238.3579809381583
852.2092490196228, 3960.492596522806, 1238.3579809381583
852.6480729579926, 3960.492596522806, 1238.3579809381583
853.225527048111, 3960.492596522806, 1238.3579809381583
853.6653473377228, 3960.492596522806, 1238.3579809381583
854.2667346000671, 3960.492596522806, 1238.3579809381583
854.783350944519, 3960.492596522806, 1238.3579809381583
855.6959042549133, 3960.492596522806, 1238.3579809381583
