time, x0, y0, x1, y1...
3.3959054946899414, 2861.570744001213, 58.551064811069914
4.120965003967285, 2861.570744001213, 58.551064811069914
4.617634534835815, 2861.570744001213, 58.551064811069914
5.130263090133667, 2861.570744001213, 58.551064811069914
5.950066804885864, 2865.996160123908, 28.523529496618
6.917475700378418, 2848.604989980941, 25.008170590950936
7.958688497543335, 1537.7635458751788, 27.167722922376964
8.634877443313599, 1537.7635458751788, 27.167722922376964
9.15947437286377, 1537.7635458751788, 27.167722922376964
9.932404279708862, 2860.1216861414614, 27.82710352863046
10.917765378952026, 2856.301072439436, 27.017626782428888
11.626867294311523, 2856.301072439436, 27.017626782428888
12.128523588180542, 2856.301072439436, 27.017626782428888
12.632176637649536, 2856.301072439436, 27.017626782428888
13.124855995178223, 2856.301072439436, 27.017626782428888
13.933690309524536, 2859.3347265978764, 72.85360554238243
14.888134956359863, 2868.5328531168566, 1323.1491237660457
15.63014817237854, 2868.5328531168566, 1323.1491237660457
16.39111018180847, 2858.934023851783, 7.0222833224486685
17.109188318252563, 2858.934023851783, 7.0222833224486685
17.589900255203247, 2858.934023851783, 7.0222833224486685
18.38776397705078, 2867.6266398949397, 5.370092913484445
19.38808584213257, 2870.6983795859032, 52.076354668055174
20.085219383239746, 2870.6983795859032, 52.076354668055174
20.565934419631958, 2870.6983795859032, 52.076354668055174
21.394716024398804, 2872.175600412331, 421.5846959054748
22.46185541152954, 2867.5956149333715, 62.50812502217014
23.406327486038208, 2866.1277762347195, 19703.323804352418
24.385704278945923, 2859.780759775694, 2358.5278731054477
24.62306833267212, 2859.780759775694, 2358.5278731054477
25.383033275604248, 2869.7359005644757, 48.63073188463982
26.052242517471313, 2869.7359005644757, 48.63073188463982
26.82816505432129, 2872.4155786520887, 47.76428220488371
27.34478211402893, 2865.288398337658, 106.96466992861286
27.956144094467163, 2871.3713021233066, 55.76424389933766, 369.0002881035193, 1625.715239038343
29.14396333694458, 2863.757483109129, 62.095099062856335, 2860, 408.48298941330535
30.116360425949097, 2840.655201899739, 83.07861498043282, 2867.9283822907946, 2277.5944306093634
31.16256046295166, 2847.3138319429763, 82.56428573996641, 2853.8586986304176, 2706.9977846599763
32.17285370826721, 2852.1219497967454, 76.39532871851588, 2847.628299600791, 2462.4292127666736
33.166194677352905, 2855.5611900604904, 78.67589680656886, 2826.053700147576, 1200.393617313021
33.968048334121704, 2855.5611900604904, 78.67589680656886, 2826.053700147576, 1200.393617313021
34.97734451293945, 2855.5611900604904, 78.67589680656886, 2826.053700147576, 1200.393617313021
35.97068548202515, 2855.5611900604904, 78.67589680656886, 2826.053700147576, 1200.393617313021
37.175458908081055, 2863.3129300566106, 71.83507975516149, 2827.5874038781894, 1388.0004836287994
38.19273519515991, 2847.6582952735857, 88.12834434612371, 358.4999999999968, 1718.5000000000005
38.93574643135071, 2847.6582952735857, 88.12834434612371, 358.4999999999968, 1718.5000000000005
40.18639802932739, 485.7544859275799, 158.38426705294705, 3007.142329935884, 255.13982486814305
40.935391664505005, 485.7544859275799, 158.38426705294705, 3007.142329935884, 255.13982486814305
41.933719635009766, 485.7544859275799, 158.38426705294705, 3007.142329935884, 255.13982486814305
43.24221587181091, 541.7360012934971, 981.9615764053498, 3123.7425307100616, 1065.7544984209276
44.213613748550415, 601.7683035367697, 1395.8555991661437, 3132.3658749201504, 1499.4281302240784
45.23188877105713, 538.5061776601508, 1490.3353615896506, 3116.332555639572, 1584.1369105068015
45.93799710273743, 538.5061776601508, 1490.3353615896506, 3116.332555639572, 1584.1369105068015
46.978211879730225, 538.5061776601508, 1490.3353615896506, 3116.332555639572, 1584.1369105068015
47.93864059448242, 538.5061776601508, 1490.3353615896506, 3116.332555639572, 1584.1369105068015
49.18530249595642, 525.7135618164427, 1517.7095769639113, 3144.8854626565944, 1573.0700254506269
50.21454691886902, 608.6800937557334, 1439.048478064728, 3141.678344500432, 1580.721299640737
50.887744188308716, 608.6800937557334, 1439.048478064728, 3141.678344500432, 1580.721299640737
52.25009727478027, 626.8925990823874, 1433.1724441566348, 3132.4954961869335, 1591.7170667502442
53.228477001190186, 531.0311875028041, 1534.2090126517298, 3149.247572213162, 1581.1219497044392
53.830864667892456, 531.0311875028041, 1534.2090126517298, 3149.247572213162, 1581.1219497044392
54.43026065826416, 531.0311875028041, 1534.2090126517298, 3149.247572213162, 1581.1219497044392
55.415621757507324, 531.0311875028041, 1534.2090126517298, 3149.247572213162, 1581.1219497044392
56.67425179481506, 547.6108098341157, 1531.0898718362243, 3115.0012169203897, 1629.4612924841913
57.6775643825531, 840.577685031004, 1495.1643082139935, 3367.3463398527438, 1596.0118296866715
58.709801197052, 869.4068935760359, 1508.6932894616284, 3384.996885216927, 1623.3677104314045
59.69217038154602, 856.9850768304707, 1519.918207437916, 3406.691072250965, 1601.534485945689
60.70047163963318, 855.8143053666627, 1517.7940315578123, 3376.3421277766056, 1621.7297782670191
61.714754581451416, 817.4793040502883, 1524.4120977797231, 3377.92077697, 1613.7220744997499
62.687151193618774, 856.2827731491512, 1556.9856209862971, 3370.0517805335626, 1616.3842628595985
63.447118043899536, 856.2827731491512, 1556.9856209862971, 3370.0517805335626, 1616.3842628595985
64.72669005393982, 803.7633099891254, 1569.3111692179205, 3379.9643242394636, 1604.4134401695774
64.88227367401123, 803.7633099891254, 1569.3111692179205, 3379.9643242394636, 1604.4134401695774
65.75792980194092, 843.5190908813406, 1500.2250597413577, 3373.013281706558, 1621.3678975664202
66.73630881309509, 860.9929030376768, 1516.187728252882, 3373.0321866939544, 1621.6759776754502
67.75857400894165, 773.0200232075598, 1525.804019866621, 3371.3032603786055, 1614.8883420874758
68.7608892917633, 860.4021910335073, 1542.3403046369483, 3384.5214939321577, 1605.8383561040444
68.93841338157654, 860.4021910335073, 1542.3403046369483, 3384.5214939321577, 1605.8383561040444
69.46101379394531, 860.4021910335073, 1542.3403046369483, 3384.5214939321577, 1605.8383561040444
70.79644274711609, 789.6554783768299, 1547.451636678245, 3382.8170113569, 1606.83993506641
71.00089120864868, 789.6554783768299, 1547.451636678245, 3382.8170113569, 1606.83993506641
71.57535338401794, 789.6554783768299, 1547.451636678245, 3382.8170113569, 1606.83993506641
71.76285147666931, 789.6554783768299, 1547.451636678245, 3382.8170113569, 1606.83993506641
72.48990392684937, 789.6554783768299, 1547.451636678245, 3382.8170113569, 1606.83993506641
73.3994688987732, 789.6554783768299, 1547.451636678245, 3382.8170113569, 1606.83993506641
74.75982785224915, 783.949729764508, 1549.4040757117837, 3388.2324059391935, 1593.590894320753
75.41008687019348, 783.949729764508, 1549.4040757117837, 3388.2324059391935, 1593.590894320753
76.40143179893494, 783.949729764508, 1549.4040757117837, 3388.2324059391935, 1593.590894320753
77.75780034065247, 811.8207074080394, 1536.5283883590016, 3397.8045411627027, 1584.8718475863052
78.72720384597778, 828.7526896433078, 1512.707797498112, 3385.4028658729385, 1592.421711197614
79.35153317451477, 828.7526896433078, 1512.707797498112, 3385.4028658729385, 1592.421711197614
79.93995594978333, 828.7526896433078, 1512.707797498112, 3385.4028658729385, 1592.421711197614
80.93130278587341, 828.7526896433078, 1512.707797498112, 3385.4028658729385, 1592.421711197614
85.3404974937439, 3365.418717614561, 54.67925408867622, 2082.0736454385146, 122.37092241478574, 2105.4164354856066, 495.0337312345973, 3450.0532236233917, 754.6699171787858, 3095.0312106547017, 1000.7848147326241, 3467.7790993932717, 1366.1468075310586, 813.7832398618195, 1526.8869502130535, 2086.0103300648284, 1574.4474862644654, 3398.3263709948515, 1577.5318379794364, 3730.325428208711, 1577.7181225086542, 1575.0029892609207, 1606.0096393903548, 787.0106803118412, 1686.9538269251054, 2071.6806508121017, 1748.280812832002, 2373.5645741282974, 1928.616068924293, 713, 1978, 767.7451357629815, 2136.551743411966, 3341, 2137.5200132526193, 2341.719780596929, 2189.000575612347, 2093.403772380148, 2337.469928406547, 3618.017972473284, 2504.308335010876, 3457.46330927371, 2520
90.10274505615234, 3365.418717614561, 54.67925408867622, 2082.0736454385146, 122.37092241478574, 2105.4164354856066, 495.0337312345973, 3450.0532236233917, 754.6699171787858, 3095.0312106547017, 1000.7848147326241, 3467.7790993932717, 1366.1468075310586, 813.7832398618195, 1526.8869502130535, 2086.0103300648284, 1574.4474862644654, 3398.3263709948515, 1577.5318379794364, 3730.325428208711, 1577.7181225086542, 1575.0029892609207, 1606.0096393903548, 787.0106803118412, 1686.9538269251054, 2071.6806508121017, 1748.280812832002, 2373.5645741282974, 1928.616068924293, 713, 1978, 767.7451357629815, 2136.551743411966, 3341, 2137.5200132526193, 2341.719780596929, 2189.000575612347, 2093.403772380148, 2337.469928406547, 3618.017972473284, 2504.308335010876, 3457.46330927371, 2520
94.99265170097351, 1944, 175, 2283.999079925475, 175.3870404081576, 691.3411040782788, 229.25519140699976, 2282.716313595225, 243.78952908580968, 3286, 284, 1949.500000000005, 608.5367613400052, 3292.397228214917, 639.0, 3531.7215766623012, 930.7506414755139, 2913.0012928324527, 936.4012533073967, 2282, 1384.9968673847293, 857.7734893454491, 1513.2266872450632, 1477, 1529, 2275, 1563, 3033, 1565, 3365.174517924661, 1618.5601786555192, 2909.754389811323, 1718.625172034427, 777, 1952, 2282, 1993, 2282, 2432, 2282, 2432, 2287.2967788791134, 2432
96.1056718826294, 3351.5574764873736, 696.4999999999831
96.76590514183044, 3351.5574764873736, 696.4999999999831
97.2735447883606, 3351.5574764873736, 696.4999999999831
97.99361658096313, 2036.6990603544184, 885.0322916807806
99.05577349662781, 2036.3313443317788, 1598.6246939244934
99.76886343955994, 2036.3313443317788, 1598.6246939244934
100.28348541259766, 2036.3313443317788, 1598.6246939244934
100.95568609237671, 2051.0768639493936, 1610.8576558263228
102.00088787078857, 2028.79715792321, 719.7575045990109
106.45196962356567, 3883, 72, 3642.4671058582985, 675.5574046322838, 2243.7567368519954, 742.2311642788042, 2265.49999999999, 904.4569167523964, 779.8847387890253, 1527.7745121363732, 1478.1958455403592, 1561.5000002128622, 2237.437919373605, 1582.9999999992012, 3379.0940403212044, 1597.5761998487474, 3892.4311066820583, 1601.9940380265616, 1859.4508261316948, 1650.440834833078, 3626.2591956057354, 1666.947746534107, 3896.008242034208, 1758.5724093949495, 2240, 1972, 1113.604800647915, 2155.9656186060374, 2247.86498031264, 2363.43701973291, 1122.4666408773599, 2702.728803207069, 3331, 2788, 755.6880089493482, 2866, 2236, 2866, 3091.900266934181, 2866, 2233.0, 2877.7208075475323
111.4884843826294, 3883, 72, 3642.4671058582985, 675.5574046322838, 2243.7567368519954, 742.2311642788042, 2265.49999999999, 904.4569167523964, 779.8847387890253, 1527.7745121363732, 1478.1958455403592, 1561.5000002128622, 2237.437919373605, 1582.9999999992012, 3379.0940403212044, 1597.5761998487474, 3892.4311066820583, 1601.9940380265616, 1859.4508261316948, 1650.440834833078, 3626.2591956057354, 1666.947746534107, 3896.008242034208, 1758.5724093949495, 2240, 1972, 1113.604800647915, 2155.9656186060374, 2247.86498031264, 2363.43701973291, 1122.4666408773599, 2702.728803207069, 3331, 2788, 755.6880089493482, 2866, 2236, 2866, 3091.900266934181, 2866, 2233.0, 2877.7208075475323
