time, x0, y0, x1, y1...
1.956907033920288, 20.0, 20.0
2.4533066749572754, 20.0, 20.0
2.959951639175415, 20.0, 20.0
3.443113327026367, 20.0, 20.0
3.9459950923919678, 20.0, 20.0
4.579299688339233, 2845.7344298201115, 1418.6295651620956
4.965394496917725, 2845.7344298201115, 1418.6295651620956
5.460468769073486, 2845.7344298201115, 1418.6295651620956
6.082245349884033, 2883.0432342864633, 1417.6357264116327
6.582906007766724, 2853.927316819242, 1417.858528058285
6.96806526184082, 2853.927316819242, 1417.858528058285
7.589007377624512, 2851.033397337677, 1418.782088786149
7.6568262577056885, 2851.033397337677, 1418.782088786149
8.081688404083252, 2959.3022586653906, 1418.569458394686
8.591324806213379, 2848.6595113513617, 1418.6216364992747
8.95760703086853, 2848.6595113513617, 1418.6216364992747
9.466722249984741, 2848.6595113513617, 1418.6216364992747
9.959712982177734, 2848.6595113513617, 1418.6216364992747
10.457724809646606, 2848.6595113513617, 1418.6216364992747
10.573415279388428, 2848.6595113513617, 1418.6216364992747
10.964842557907104, 2848.6595113513617, 1418.6216364992747
11.588719367980957, 2853.3855584825906, 1418.8381618135488
12.090376138687134, 2853.810489671683, 1417.8699891547958
12.620957136154175, 2915.796384590956, 1418.705036057143
13.084714889526367, 2899.335582682442, 1418.6907660186755
13.623272895812988, 2910.3968843572607, 1418.8714093780804
13.75292706489563, 2910.3968843572607, 1418.8714093780804
14.098999500274658, 3006.77515343047, 1418.5886068656953
14.469730138778687, 3006.77515343047, 1418.5886068656953
14.961120367050171, 3006.77515343047, 1418.5886068656953
15.168437242507935, 3006.77515343047, 1418.5886068656953
15.411785364151001, 2954.4639234714055, 1418.6374336956
15.527475833892822, 2954.4639234714055, 1418.6374336956
15.656130313873291, 2954.4639234714055, 1418.6374336956
15.960542440414429, 2954.4639234714055, 1418.6374336956
16.466574668884277, 2954.4639234714055, 1418.6374336956
16.847766399383545, 2954.4639234714055, 1418.6374336956
16.979413986206055, 2954.4639234714055, 1418.6374336956
17.46553349494934, 2954.4639234714055, 1418.6374336956
18.071459770202637, 2948.5986450262126, 1418.9373985587988
18.474506616592407, 2948.5986450262126, 1418.9373985587988
18.963106870651245, 2948.5986450262126, 1418.9373985587988
19.45769429206848, 2948.5986450262126, 1418.9373985587988
19.96094298362732, 2948.5986450262126, 1418.9373985587988
20.5836820602417, 2854.6741563781584, 1418.7610088025385
21.086539030075073, 2922.126768782731, 1418.4826115420713
21.465343475341797, 2922.126768782731, 1418.4826115420713
21.971612453460693, 2922.126768782731, 1418.4826115420713
22.460304260253906, 2922.126768782731, 1418.4826115420713
22.957515478134155, 2922.126768782731, 1418.4826115420713
23.4668447971344, 2922.126768782731, 1418.4826115420713
23.963671445846558, 2922.126768782731, 1418.4826115420713
24.467995643615723, 2922.126768782731, 1418.4826115420713
24.559218645095825, 2922.126768782731, 1418.4826115420713
25.084532022476196, 2960.1996641737787, 1418.8509602578006
25.46475648880005, 2960.1996641737787, 1418.8509602578006
26.07127285003662, 2849.1168004615406, 1418.5921575642617
26.460719108581543, 2849.1168004615406, 1418.5921575642617
26.963988542556763, 2849.1168004615406, 1418.5921575642617
27.586323261260986, 2885.6904520445514, 1418.4743317135724
27.96072506904602, 2885.6904520445514, 1418.4743317135724
28.464924573898315, 2885.6904520445514, 1418.4743317135724
29.096267461776733, 2853.71226262801, 1418.757821347292
29.58944320678711, 2852.156500919919, 1418.3982284604306
30.078171253204346, 2908.9335901336376, 1419.1843188192352
30.46112632751465, 2908.9335901336376, 1419.1843188192352
31.08146619796753, 2849.8214708715677, 1419.110347149784
31.47712731361389, 2849.8214708715677, 1419.110347149784
31.97341799736023, 2849.8214708715677, 1419.110347149784
32.5824716091156, 2864.874191472425, 1418.1963083577793
32.96101260185242, 2864.874191472425, 1418.1963083577793
33.58424520492554, 3013.4849401311435, 1419.2509688125392
33.96511507034302, 3013.4849401311435, 1419.2509688125392
34.4709746837616, 3013.4849401311435, 1419.2509688125392
34.96166133880615, 3013.4849401311435, 1419.2509688125392
35.23061394691467, 3013.4849401311435, 1419.2509688125392
35.46598410606384, 3013.4849401311435, 1419.2509688125392
36.08039999008179, 3022.3651473492955, 1420.3291754151392
36.46370768547058, 3022.3651473492955, 1420.3291754151392
37.075929403305054, 2894.1612519901387, 1418.9927934636191
37.464709520339966, 2894.1612519901387, 1418.9927934636191
38.072407245635986, 2908.769344077857, 1418.2636349445374
38.46029472351074, 2908.769344077857, 1418.2636349445374
38.767621994018555, 2908.769344077857, 1418.2636349445374
39.08078336715698, 2960.7152883676595, 1418.0649234699454
39.5905339717865, 2905.568127188778, 1418.2564575798124
39.96253800392151, 2905.568127188778, 1418.2564575798124
40.223408222198486, 2905.568127188778, 1418.2564575798124
40.47074580192566, 2905.568127188778, 1418.2564575798124
41.078794717788696, 3011.034625555803, 1418.715679957708
41.460734844207764, 3011.034625555803, 1418.715679957708
41.95625400543213, 3011.034625555803, 1418.715679957708
42.457053422927856, 3011.034625555803, 1418.715679957708
42.96813154220581, 3011.034625555803, 1418.715679957708
43.45992469787598, 3011.034625555803, 1418.715679957708
44.087658643722534, 2906.072997456353, 1418.182268052794
44.21830725669861, 2906.072997456353, 1418.182268052794
44.46473145484924, 2906.072997456353, 1418.182268052794
45.07310390472412, 2983.044811436815, 1418.54122778353
45.46605086326599, 2983.044811436815, 1418.54122778353
46.08938241004944, 2952.333004699898, 1418.7441380765683
46.18911671638489, 2952.333004699898, 1418.7441380765683
46.48648810386658, 2952.333004699898, 1418.7441380765683
46.96378040313721, 2952.333004699898, 1418.7441380765683
47.47142219543457, 2952.333004699898, 1418.7441380765683
47.96598982810974, 2952.333004699898, 1418.7441380765683
48.4618239402771, 2952.333004699898, 1418.7441380765683
48.97448134422302, 2952.333004699898, 1418.7441380765683
49.469573974609375, 2952.333004699898, 1418.7441380765683
50.0721538066864, 2864.541365753064, 1418.2541525194174
50.595901012420654, 2843.958370707324, 1418.5312458018177
50.965909481048584, 2843.958370707324, 1418.5312458018177
51.459651708602905, 2843.958370707324, 1418.5312458018177
51.97132468223572, 2843.958370707324, 1418.5312458018177
52.46029615402222, 2843.958370707324, 1418.5312458018177
53.068764209747314, 2963.340030432842, 1418.995270347457
53.47467660903931, 2963.340030432842, 1418.995270347457
53.966740131378174, 2963.340030432842, 1418.995270347457
54.577181816101074, 2950.8856464064547, 1419.2125257930593
54.97051429748535, 2950.8856464064547, 1419.2125257930593
55.574897050857544, 2872.9517423895513, 1418.6299874528268
55.95738077163696, 2872.9517423895513, 1418.6299874528268
56.464252948760986, 2872.9517423895513, 1418.6299874528268
56.953795433044434, 2872.9517423895513, 1418.6299874528268
57.462953090667725, 2872.9517423895513, 1418.6299874528268
57.95590281486511, 2872.9517423895513, 1418.6299874528268
58.45563626289368, 2872.9517423895513, 1418.6299874528268
59.08794403076172, 2906.2810301190957, 1418.8466348816007
59.47091841697693, 2906.2810301190957, 1418.8466348816007
60.08153247833252, 2849.0206923646215, 1418.3542602266866
60.465426206588745, 2849.0206923646215, 1418.3542602266866
61.08120608329773, 2989.626814037579, 1418.4801262142976
61.4661967754364, 2989.626814037579, 1418.4801262142976
62.06468081474304, 2912.419784656573, 1418.7091823657343
62.467156171798706, 2912.419784656573, 1418.7091823657343
63.08049774169922, 2852.6075690554226, 1418.552697960256
63.58178400993347, 2948.942669577721, 1418.600749677411
63.98769688606262, 2948.942669577721, 1418.600749677411
64.5774314403534, 2858.784326866421, 1418.8506070061517
64.9626977443695, 2858.784326866421, 1418.8506070061517
65.46338391304016, 2858.784326866421, 1418.8506070061517
65.95803356170654, 2858.784326866421, 1418.8506070061517
66.46168565750122, 2858.784326866421, 1418.8506070061517
66.96547842025757, 2858.784326866421, 1418.8506070061517
67.58042168617249, 2965.7898119812494, 1418.333322266517
67.9843397140503, 2965.7898119812494, 1418.333322266517
68.47502756118774, 2965.7898119812494, 1418.333322266517
68.96791672706604, 2965.7898119812494, 1418.333322266517
69.46493196487427, 2965.7898119812494, 1418.333322266517
69.9633948802948, 2965.7898119812494, 1418.333322266517
70.59669899940491, 2906.142742482606, 1418.9812093196497
71.07043075561523, 2853.9660979202836, 1419.0685379859885
71.46238303184509, 2853.9660979202836, 1419.0685379859885
72.07574129104614, 2989.4221310614694, 1418.1899600628178
72.65020179748535, 216.84248953598873, 506.76395619235245
73.02320337295532, 216.84248953598873, 506.76395619235245
73.51887655258179, 216.84248953598873, 506.76395619235245
74.01155829429626, 216.84248953598873, 506.76395619235245
74.52514386177063, 216.84248953598873, 506.76395619235245
75.03378343582153, 216.84248953598873, 506.76395619235245
75.51373624801636, 216.84248953598873, 506.76395619235245
76.02137732505798, 216.84248953598873, 506.76395619235245
76.51444125175476, 216.84248953598873, 506.76395619235245
77.01653099060059, 216.84248953598873, 506.76395619235245
77.65282845497131, 3603.326446964174, 10.840438882373938
78.02686953544617, 3603.326446964174, 10.840438882373938
78.52092337608337, 3603.326446964174, 10.840438882373938
79.12653803825378, 2232.284828247366, 1052.9988560538095
79.51727890968323, 2232.284828247366, 1052.9988560538095
80.01594471931458, 2232.284828247366, 1052.9988560538095
80.64030146598816, 3566.83815107891, 2539.864561003142
81.03705143928528, 3566.83815107891, 2539.864561003142
81.52175331115723, 3566.83815107891, 2539.864561003142
82.02614569664001, 3566.83815107891, 2539.864561003142
82.6338472366333, 2414.008063294502, 1538.4970523925988
83.13949418067932, 3439.5781395036424, 2579.4914376155657
83.65078449249268, 2332.312616494248, 2435.506432665873
83.99987888336182, 2332.312616494248, 2435.506432665873
84.65808892250061, 47.994024060270426, 2669.658562651271
85.0994758605957, 2018.4214871810577, 1634.4310203466084
85.48441767692566, 2018.4214871810577, 1634.4310203466084
86.01780819892883, 2018.4214871810577, 1634.4310203466084
86.48267245292664, 2018.4214871810577, 1634.4310203466084
86.98435568809509, 2018.4214871810577, 1634.4310203466084
87.64572620391846, 3827.240159195218, 550.6479414770937
88.02368593215942, 3827.240159195218, 550.6479414770937
88.60780811309814, 2254.5466650581525, 1747.441970530116
88.98978614807129, 2254.5466650581525, 1747.441970530116
89.65909147262573, 3470.7955656060526, 914.6672100318981
90.03923296928406, 3470.7955656060526, 914.6672100318981
90.53889632225037, 3470.7955656060526, 914.6672100318981
91.12042617797852, 1325.5113373026506, 2823.0713781858844
91.62906503677368, 2.571594419909934, 2131.038261114682
92.13491201400757, 2265.638916670894, 867.2071279858776
92.61861801147461, 674.7402655019355, 97.3169556114828
93.11129903793335, 365.16317639146314, 890.0733348020606
93.62821459770203, 685.3422075381696, 1134.5461192699033
94.11253190040588, 2158.3255730240717, 1064.3235719325805
94.50658941268921, 2158.3255730240717, 1064.3235719325805
94.99611592292786, 2158.3255730240717, 1064.3235719325805
95.58576941490173, 2892.140229148008, 1424.507799199606
95.96375846862793, 2892.140229148008, 1424.507799199606
96.4594316482544, 2892.140229148008, 1424.507799199606
96.97373366355896, 2892.140229148008, 1424.507799199606
97.45454955101013, 2892.140229148008, 1424.507799199606
98.08001923561096, 2885.2783431019584, 1423.4962858223978
98.59911155700684, 2864.0355726719777, 1424.6198385481614
98.96722507476807, 2864.0355726719777, 1424.6198385481614
99.57748246192932, 2865.6714072436807, 1424.9043023621448
99.96839809417725, 2865.6714072436807, 1424.9043023621448
100.45908403396606, 2865.6714072436807, 1424.9043023621448
101.10136485099792, 2834.294816630337, 1423.9062125142084
101.46475529670715, 2834.294816630337, 1423.9062125142084
101.9711058139801, 2834.294816630337, 1423.9062125142084
102.46355199813843, 2834.294816630337, 1423.9062125142084
102.97619390487671, 2834.294816630337, 1423.9062125142084
103.46887445449829, 2834.294816630337, 1423.9062125142084
104.0841896533966, 2948.650871671315, 1424.7073689701665
104.58799576759338, 2835.2086562998675, 1424.7742208625536
104.97196793556213, 2835.2086562998675, 1424.7742208625536
105.46416091918945, 2835.2086562998675, 1424.7742208625536
105.97380638122559, 2835.2086562998675, 1424.7742208625536
106.48388147354126, 2835.2086562998675, 1424.7742208625536
106.96559262275696, 2835.2086562998675, 1424.7742208625536
107.5872437953949, 2808.2899535437773, 1424.463868866122
107.97606444358826, 2808.2899535437773, 1424.463868866122
108.59839749336243, 2889.174213876334, 1424.736345801635
108.96840691566467, 2889.174213876334, 1424.736345801635
109.59389734268188, 2895.9411349757174, 1424.743838978061
109.9619128704071, 2895.9411349757174, 1424.743838978061
110.47395849227905, 2895.9411349757174, 1424.743838978061
110.96767210960388, 2895.9411349757174, 1424.743838978061
111.46733736991882, 2895.9411349757174, 1424.743838978061
112.13789343833923, 2183.314558005388, 1355.3881278717522
112.50391864776611, 2183.314558005388, 1355.3881278717522
113.00656962394714, 2183.314558005388, 1355.3881278717522
113.51424026489258, 2183.314558005388, 1355.3881278717522
114.13505244255066, 1123.3995749656704, 342.8468795980875
114.50905275344849, 1123.3995749656704, 342.8468795980875
115.0057225227356, 1123.3995749656704, 342.8468795980875
115.5462749004364, 1123.3995749656704, 342.8468795980875
116.00501537322998, 1123.3995749656704, 342.8468795980875
116.51758241653442, 1123.3995749656704, 342.8468795980875
117.01445245742798, 1123.3995749656704, 342.8468795980875
117.50810074806213, 1123.3995749656704, 342.8468795980875
118.12753653526306, 3840.567106580317, 516.0699120766953
118.62221217155457, 3255.231549626256, 729.3301092097179
118.9972403049469, 3255.231549626256, 729.3301092097179
119.62752151489258, 6922.7530001706455, 457.63175064182815
120.01220655441284, 6922.7530001706455, 457.63175064182815
120.50887703895569, 6922.7530001706455, 457.63175064182815
121.00998616218567, 6922.7530001706455, 457.63175064182815
121.52389430999756, 6922.7530001706455, 457.63175064182815
122.14790296554565, 2869.6755102691027, 1376.3023456598216
122.53417825698853, 2869.6755102691027, 1376.3023456598216
123.03809714317322, 2869.6755102691027, 1376.3023456598216
123.55063223838806, 2869.6755102691027, 1376.3023456598216
124.1668963432312, 1665.5685570886405, 51.77122466795377
124.56544232368469, 1665.5685570886405, 51.77122466795377
125.05413365364075, 1665.5685570886405, 51.77122466795377
125.54681444168091, 1665.5685570886405, 51.77122466795377
126.06642365455627, 1665.5685570886405, 51.77122466795377
126.56316065788269, 1665.5685570886405, 51.77122466795377
127.14632487297058, 182.93320811766242, 519.5181950247636
127.53195309638977, 182.93320811766242, 519.5181950247636
128.1078884601593, 1542.481134185398, 1210.0866172965575
128.6384687423706, 1637.7611333590094, 1190.708231353525
129.00264406204224, 1637.7611333590094, 1190.708231353525
129.4943277835846, 1637.7611333590094, 1190.708231353525
130.00296711921692, 1637.7611333590094, 1190.708231353525
130.67035174369812, 1425.0629867707714, 1556.3986630740412
131.0533263683319, 1425.0629867707714, 1556.3986630740412
131.6607005596161, 1560.5286471087122, 1366.0048429955987
132.14340782165527, 136.17733028294776, 773.6999893820116
132.5523133277893, 136.17733028294776, 773.6999893820116
133.03103232383728, 136.17733028294776, 773.6999893820116
133.5406677722931, 136.17733028294776, 773.6999893820116
136.0965633392334, 1442.2131245949981, 781.9287450062888
136.58210968971252, 2752.502740150034, 948.0159009563056
136.9473648071289, 2752.502740150034, 948.0159009563056
137.4467740058899, 2752.502740150034, 948.0159009563056
138.07683086395264, 2752.5807753736885, 955.9287142390435
138.57050824165344, 2752.475368664541, 955.6371619801674
139.0609953403473, 2749.9749931577053, 960.4836109593575
139.4610652923584, 2749.9749931577053, 960.4836109593575
140.0849163532257, 2750.5534048685713, 961.2242568988867
140.45204043388367, 2750.5534048685713, 961.2242568988867
141.0614082813263, 2748.188141479268, 959.8916931622213
141.4499008655548, 2748.188141479268, 959.8916931622213
141.95676016807556, 2748.188141479268, 959.8916931622213
142.58949279785156, 2815.3862859269793, -51071.60594706612
143.06222653388977, 2753.4109376435645, 970.2366187261974
143.45572352409363, 2753.4109376435645, 970.2366187261974
143.9523949623108, 2753.4109376435645, 970.2366187261974
144.4512882232666, 2753.4109376435645, 970.2366187261974
144.9458179473877, 2753.4109376435645, 970.2366187261974
145.5747721195221, 2740.826207966529, 1652.7428081276335
145.96472835540771, 2740.826207966529, 1652.7428081276335
146.58407044410706, 2739.850054406258, 1655.3336132340864
147.0857286453247, 2702.0702803446966, 1045.4341842069807
147.57880020141602, 2694.262710312399, 1009.1470568464543
148.08754229545593, 2595.9586502160582, 2011.9481193868617
148.5782287120819, 2716.009122434352, 2063.4194235840782
148.96343970298767, 2716.009122434352, 2063.4194235840782
149.46416640281677, 2716.009122434352, 2063.4194235840782
149.9655442237854, 2716.009122434352, 2063.4194235840782
150.45604395866394, 2716.009122434352, 2063.4194235840782
151.0862078666687, 2669.3769229072605, 2518.7686946613053
151.60056853294373, 2855.3861994927574, 2952.4288644641692
151.96762776374817, 2855.3861994927574, 2952.4288644641692
152.46724843978882, 2855.3861994927574, 2952.4288644641692
152.97593593597412, 2855.3861994927574, 2952.4288644641692
153.47759437561035, 2855.3861994927574, 2952.4288644641692
153.98127460479736, 2855.3861994927574, 2952.4288644641692
154.59190583229065, 3066.4002873592103, 2500.7176657633663
154.8492193222046, 2859.014245038026, 2523.6183435118273
155.06763243675232, 3047.06646877488, 2519.1553961923532
155.3069930076599, 2836.221738748071, 2762.3245807361523
155.58026123046875, 3051.5624053006295, 2522.494743780959
155.69794487953186, 3051.5624053006295, 2522.494743780959
155.9363350868225, 3059.5444114611687, 2455.8545623568357
156.18364477157593, 2668.644699370711, 2525.6773080584107
156.29933547973633, 2668.644699370711, 2525.6773080584107
156.43297839164734, 2668.644699370711, 2525.6773080584107
156.5476713180542, 2668.644699370711, 2525.6773080584107
156.6972987651825, 2668.644699370711, 2525.6773080584107
156.8349325656891, 2668.644699370711, 2525.6773080584107
156.9695703983307, 2668.644699370711, 2525.6773080584107
157.46959257125854, 2668.644699370711, 2525.6773080584107
157.95948886871338, 2668.644699370711, 2525.6773080584107
158.193861246109, 2857.1079996144717, 2516.5614641584134
158.48508048057556, 2847.0263939000906, 2441.660810973859
158.71649026870728, 2876.493983913948, 2453.622827277581
158.97177362442017, 2876.493983913948, 2453.622827277581
159.19318222999573, 2876.493983913948, 2453.622827277581
159.31385922431946, 2876.493983913948, 2453.622827277581
159.59610438346863, 2894.7807252985217, 2536.4808857624193
159.9760389328003, 2894.7807252985217, 2536.4808857624193
160.2822196483612, 2856.7825444832874, 2489.3004115076064
160.52257800102234, 2957.6256419706674, 2521.7027960756236
160.76093769073486, 2672.0082193440044, 2299.9389384435844
160.9863338470459, 2873.119226473714, 2557.193035733226
161.09706592559814, 2873.119226473714, 2557.193035733226
161.34839344024658, 2916.1537371947384, 2297.4350310140267
161.5937089920044, 2667.766943261393, 2513.196476076243
161.70942783355713, 2667.766943261393, 2513.196476076243
161.82907843589783, 2667.766943261393, 2513.196476076243
161.97768092155457, 2667.766943261393, 2513.196476076243
162.33073616027832, 2761.4492442312467, 2512.9637337568042
162.47036170959473, 2761.4492442312467, 2512.9637337568042
162.59901762008667, 2761.4492442312467, 2512.9637337568042
162.75460147857666, 2761.4492442312467, 2512.9637337568042
163.08371996879578, 3059.9059411075928, 2272.005080076195
163.35599040985107, 2671.408371782883, 2581.4647911403936
163.47268104553223, 2671.408371782883, 2581.4647911403936
163.64222478866577, 2671.408371782883, 2581.4647911403936
163.77885913848877, 2671.408371782883, 2581.4647911403936
164.01722073554993, 2671.408371782883, 2581.4647911403936
164.472003698349, 2671.408371782883, 2581.4647911403936
164.97225165367126, 2671.408371782883, 2581.4647911403936
165.47989296913147, 2671.408371782883, 2581.4647911403936
165.973571062088, 2671.408371782883, 2581.4647911403936
166.57681107521057, 2813.298252253334, 1834.0595930276386
166.96311712265015, 2813.298252253334, 1834.0595930276386
167.58683061599731, 2912.999182138376, 2468.4614297217963
167.96679019927979, 2912.999182138376, 2468.4614297217963
168.58114576339722, 2898.1348551580245, 2451.9941769146094
170.6336407661438, 2038.7814283713287, 2880.9085384310956
171.02392101287842, 2038.7814283713287, 2880.9085384310956
171.5388698577881, 2038.7814283713287, 2880.9085384310956
172.03062558174133, 2038.7814283713287, 2880.9085384310956
172.52626204490662, 2038.7814283713287, 2880.9085384310956
173.151997089386, 244.8686704363982, 1889.179515432683
173.54295182228088, 244.8686704363982, 1889.179515432683
174.04460787773132, 244.8686704363982, 1889.179515432683
174.53115057945251, 244.8686704363982, 1889.179515432683
175.07167601585388, 244.8686704363982, 1889.179515432683
175.53462100028992, 244.8686704363982, 1889.179515432683
176.13202214241028, 2805.5340511328477, 2301.327078542125
178.1351773738861, 2085.901875402006, -26055.39338809466
178.61046695709229, 2742.7880086978457, 957.3695265147751
179.09816884994507, 2901.8816103718636, 2261.9583478709965
179.4841275215149, 2901.8816103718636, 2261.9583478709965
179.9896411895752, 2901.8816103718636, 2261.9583478709965
180.63887691497803, 2909.8060066994453, 2567.7337667656734
181.01306891441345, 2909.8060066994453, 2567.7337667656734
181.61484551429749, 2805.5282565731136, 2559.1902072649023
181.9918999671936, 2805.5282565731136, 2559.1902072649023
182.60089659690857, 2859.1755878437616, 2449.8453686695602
182.9888575077057, 2859.1755878437616, 2449.8453686695602
183.60276532173157, 2856.8955788341264, 2431.4401386437753
183.97927498817444, 2856.8955788341264, 2431.4401386437753
184.4789378643036, 2856.8955788341264, 2431.4401386437753
185.1185486316681, 3010.342074186778, 2557.154526101488
185.3648898601532, 2784.9877118941436, 2449.604341961959
185.4865641593933, 2784.9877118941436, 2449.604341961959
186.1177580356598, 2794.237476164761, 2567.4136858768147
186.58151745796204, 3022.157137878314, 2584.6427856447754
186.8278579711914, 2837.3414584014663, 2568.1197494939056
187.0811789035797, 2719.6152104471935, 2430.9093910352576
187.31954097747803, 2900.387497662022, 2440.7767100228025
187.46814346313477, 2900.387497662022, 2440.7767100228025
187.58183908462524, 2900.387497662022, 2440.7767100228025
187.77233028411865, 2900.387497662022, 2440.7767100228025
187.90497398376465, 2900.387497662022, 2440.7767100228025
188.17126083374023, 2718.3969725502725, 2437.731087298714
188.5057246685028, 2718.3969725502725, 2437.731087298714
188.99294805526733, 2718.3969725502725, 2437.731087298714
189.49280834197998, 2718.3969725502725, 2437.731087298714
189.99368739128113, 2718.3969725502725, 2437.731087298714
190.622004032135, 2820.896854974749, 2499.0878187888175
191.00745272636414, 2820.896854974749, 2499.0878187888175
191.53105211257935, 2820.896854974749, 2499.0878187888175
192.12745594978333, 3009.191423378323, 2561.2751972125197
192.51042890548706, 3009.191423378323, 2561.2751972125197
193.0100917816162, 3009.191423378323, 2561.2751972125197
193.50727367401123, 3009.191423378323, 2561.2751972125197
194.1166434288025, 2788.0175282227656, 2567.926939905204
194.62058329582214, 2870.5249374962127, 2447.544644148303
195.12342524528503, 2717.123688608448, 2552.767866826698
195.5158658027649, 2717.123688608448, 2552.767866826698
196.0160722732544, 2717.123688608448, 2552.767866826698
196.6317162513733, 2879.835180436006, 2589.60778621355
196.9987335205078, 2879.835180436006, 2589.60778621355
197.61719417572021, 2718.0239460060725, 2466.239859962907
197.99084329605103, 2718.0239460060725, 2466.239859962907
198.50610446929932, 2718.0239460060725, 2466.239859962907
198.83414244651794, 2718.0239460060725, 2466.239859962907
199.07450008392334, 2890.679784686455, 2431.206772832909
199.30986881256104, 2718.5442663309673, 2431.1937745669698
199.63001227378845, 2874.6066644317534, 2461.7138471875833
200.1127212047577, 2883.0675539763715, 2586.5696055899534
200.50199508666992, 2883.0675539763715, 2586.5696055899534
201.00514006614685, 2883.0675539763715, 2586.5696055899534
201.49679589271545, 2883.0675539763715, 2586.5696055899534
202.01241612434387, 2883.0675539763715, 2586.5696055899534
202.50808906555176, 2883.0675539763715, 2586.5696055899534
203.12578344345093, 2848.3120750233197, 2587.3795913394615
203.5107524394989, 2848.3120750233197, 2587.3795913394615
204.13270616531372, 2715.9162960178137, 2584.3768834508423
204.50894856452942, 2715.9162960178137, 2584.3768834508423
205.12649202346802, 2797.5590439257207, 2440.5100100332006
205.51197361946106, 2797.5590439257207, 2440.5100100332006
205.9946837425232, 2797.5590439257207, 2440.5100100332006
206.4926950931549, 2797.5590439257207, 2440.5100100332006
207.00279068946838, 2797.5590439257207, 2440.5100100332006
207.49904322624207, 2797.5590439257207, 2440.5100100332006
208.00268054008484, 2797.5590439257207, 2440.5100100332006
208.4933671951294, 2797.5590439257207, 2440.5100100332006
209.1081418991089, 3005.68616037949, 2523.872336480433
209.49809765815735, 3005.68616037949, 2523.872336480433
209.98564171791077, 3005.68616037949, 2523.872336480433
210.4843077659607, 3005.68616037949, 2523.872336480433
210.99493980407715, 3005.68616037949, 2523.872336480433
211.48707699775696, 3005.68616037949, 2523.872336480433
212.11374950408936, 3009.684513402378, 2540.3049544612945
212.51066184043884, 3009.684513402378, 2540.3049544612945
213.0121786594391, 3009.684513402378, 2540.3049544612945
213.50286388397217, 3009.684513402378, 2540.3049544612945
214.11622405052185, 3007.325764500807, 2448.7620191105016
214.4934582710266, 3007.325764500807, 2448.7620191105016
214.9910979270935, 3007.325764500807, 2448.7620191105016
215.61542630195618, 3002.640064271776, 2480.3099378212164
216.09191918373108, 3075.1552916004716, 2425.202037554819
216.48393201828003, 3075.1552916004716, 2425.202037554819
216.9781939983368, 3075.1552916004716, 2425.202037554819
217.6344382762909, 3083.2975819510334, 2551.8215007164335
217.69031739234924, 3083.2975819510334, 2551.8215007164335
217.9960000514984, 3083.2975819510334, 2551.8215007164335
218.62531638145447, 2993.542921763586, 2480.2302846504313
218.7160725593567, 2993.542921763586, 2480.2302846504313
219.09705209732056, 3007.087755749841, 2508.3087535594595
219.50233912467957, 3007.087755749841, 2508.3087535594595
219.9833219051361, 3007.087755749841, 2508.3087535594595
220.48360085487366, 3007.087755749841, 2508.3087535594595
220.98508286476135, 3007.087755749841, 2508.3087535594595
221.49044919013977, 3007.087755749841, 2508.3087535594595
222.0004858970642, 3007.087755749841, 2508.3087535594595
222.48954844474792, 3007.087755749841, 2508.3087535594595
223.11870431900024, 3024.2169584115463, 2513.226011221732
223.51863408088684, 3024.2169584115463, 2513.226011221732
224.01231241226196, 3024.2169584115463, 2513.226011221732
224.63279485702515, 3083.6015399684243, 2551.3543018795262
225.00978660583496, 3083.6015399684243, 2551.3543018795262
225.50652694702148, 3083.6015399684243, 2551.3543018795262
226.00246381759644, 3083.6015399684243, 2551.3543018795262
226.50194716453552, 3083.6015399684243, 2551.3543018795262
227.01557230949402, 3083.6015399684243, 2551.3543018795262
227.50183081626892, 3083.6015399684243, 2551.3543018795262
228.01895952224731, 3083.6015399684243, 2551.3543018795262
228.62006855010986, 2998.572936856505, 2442.578685432248
228.98708701133728, 2998.572936856505, 2442.578685432248
229.49672198295593, 2998.572936856505, 2442.578685432248
229.99070858955383, 2998.572936856505, 2442.578685432248
230.60468888282776, 2990.746550189993, 2419.7956172709646
231.11722493171692, 2731.987983117437, 2990.7382835611756
231.48723435401917, 2731.987983117437, 2990.7382835611756
232.1034014225006, 3068.3732678472666, 2435.1331626381
232.4977958202362, 3068.3732678472666, 2435.1331626381
233.10217809677124, 2994.80172708592, 2446.191957130922
233.48882818222046, 2994.80172708592, 2446.191957130922
233.9834430217743, 2994.80172708592, 2446.191957130922
234.49526858329773, 2994.80172708592, 2446.191957130922
236.6143560409546, 2730.937756374733, 2990.86693865575
237.03075981140137, 2730.937756374733, 2990.86693865575
237.51262140274048, 2730.937756374733, 2990.86693865575
238.11034059524536, 2731.002119620787, 2926.3716755569276
238.4992983341217, 2731.002119620787, 2926.3716755569276
238.9964783191681, 2731.002119620787, 2926.3716755569276
239.61075973510742, 2731.239275406198, 2919.2870740421527
239.996972322464, 2731.239275406198, 2919.2870740421527
240.65321803092957, 2730.3581362521472, 2880.6229944925703
241.00427508354187, 2730.3581362521472, 2880.6229944925703
241.6256458759308, 2731.631838248452, 2880.5388485215194
241.9988877773285, 2731.631838248452, 2880.5388485215194
242.61822986602783, 2728.7723811032947, 2879.149554504224
243.00181460380554, 2728.7723811032947, 2879.149554504224
243.6379415988922, 2728.7964548936357, 2879.386076251556
244.14251279830933, 2732.8350580111614, 2880.511499624678
244.50155377388, 2732.8350580111614, 2880.511499624678
245.10493803024292, 2727.607425040998, 2880.4028498445073
245.50549340248108, 2727.607425040998, 2880.4028498445073
245.9950225353241, 2727.607425040998, 2880.4028498445073
246.61726188659668, 2729.788426065335, 2879.624022026061
247.1179220676422, 2728.343113552083, 2879.8481808848005
247.62157273292542, 2732.0033003740496, 2879.4384872794203
247.99552202224731, 2732.0033003740496, 2879.4384872794203
248.62568068504333, 2728.689044157421, 2879.667255134005
249.00865626335144, 2728.689044157421, 2879.667255134005
249.4993417263031, 2728.689044157421, 2879.667255134005
250.0019178390503, 2728.689044157421, 2879.667255134005
250.5095317363739, 2728.689044157421, 2879.667255134005
251.11116743087769, 2728.154207142607, 2823.8915320058045
251.5060896873474, 2728.154207142607, 2823.8915320058045
251.99877190589905, 2728.154207142607, 2823.8915320058045
252.51040124893188, 2728.154207142607, 2823.8915320058045
252.99661421775818, 2728.154207142607, 2823.8915320058045
253.4993622303009, 2728.154207142607, 2823.8915320058045
253.99515414237976, 2728.154207142607, 2823.8915320058045
254.6256537437439, 2727.756630988198, 2679.6704904648886
255.11327123641968, 2728.5160928591727, 2652.7885477481927
255.4995903968811, 2728.5160928591727, 2652.7885477481927
256.0012466907501, 2728.5160928591727, 2652.7885477481927
256.62102580070496, 2734.693045871043, 2593.1164315084793
257.11813020706177, 2733.6892890871663, 2593.5276081998504
257.49711537361145, 2733.6892890871663, 2593.5276081998504
258.1216187477112, 2732.4281936503953, 2593.9454487063467
258.497225522995, 2732.4281936503953, 2593.9454487063467
259.1351342201233, 2733.5785279772185, 2593.6524021657024
259.5031499862671, 2733.5785279772185, 2593.6524021657024
260.1294729709625, 2733.9840760102734, 2593.5518379563487
260.62913489341736, 2734.9390876379885, 2593.318554229476
261.0141043663025, 2734.9390876379885, 2593.318554229476
261.502144575119, 2734.9390876379885, 2593.318554229476
262.1243450641632, 2733.6073405288303, 2592.5084734905813
262.5252718925476, 2733.6073405288303, 2592.5084734905813
263.00561237335205, 2733.6073405288303, 2592.5084734905813
263.4963300228119, 2733.6073405288303, 2592.5084734905813
264.0076234340668, 2733.6073405288303, 2592.5084734905813
264.4983103275299, 2733.6073405288303, 2592.5084734905813
265.1194381713867, 2736.3736661144994, 2592.1617414390557
265.62932896614075, 2735.7062330623403, 2592.9176185828806
266.0053219795227, 2735.7062330623403, 2592.9176185828806
266.5045521259308, 2735.7062330623403, 2592.9176185828806
267.0096924304962, 2735.7062330623403, 2592.9176185828806
267.61834502220154, 2733.6653555209346, 2594.3765138011036
268.11800742149353, 2734.845673900115, 2593.561594349688
268.63209223747253, 2735.3775866266315, 2593.2641605004683
269.01155972480774, 2735.3775866266315, 2593.2641605004683
269.49628591537476, 2735.3775866266315, 2593.2641605004683
270.01223635673523, 2735.3775866266315, 2593.2641605004683
270.5082685947418, 2735.3775866266315, 2593.2641605004683
271.0100772380829, 2735.3775866266315, 2593.2641605004683
271.5077667236328, 2735.3775866266315, 2593.2641605004683
272.00865745544434, 2735.3775866266315, 2593.2641605004683
272.49438858032227, 2735.3775866266315, 2593.2641605004683
273.1166687011719, 2734.615491484945, 2593.3745925687062
273.5136058330536, 2734.615491484945, 2593.3745925687062
274.01366782188416, 2734.615491484945, 2593.3745925687062
274.4968435764313, 2734.615491484945, 2593.3745925687062
275.1208670139313, 2734.627320493575, 2599.672017114152
275.63667154312134, 2730.8869452239505, 2620.388175375919
276.00740933418274, 2730.8869452239505, 2620.388175375919
276.5052800178528, 2730.8869452239505, 2620.388175375919
277.0165419578552, 2730.8869452239505, 2620.388175375919
277.6205174922943, 2729.9855279373314, 2620.371223109031
278.00518131256104, 2729.9855279373314, 2620.371223109031
278.4966547489166, 2729.9855279373314, 2620.371223109031
279.0033655166626, 2729.9855279373314, 2620.371223109031
279.4986357688904, 2729.9855279373314, 2620.371223109031
280.11997151374817, 2730.8289037545596, 2625.44505624309
280.4979603290558, 2730.8289037545596, 2625.44505624309
281.0286843776703, 2730.8289037545596, 2625.44505624309
281.62989115715027, 2729.2360134275427, 2625.280062783127
282.12213587760925, 2729.833945429822, 2625.5353536326165
282.5008821487427, 2729.833945429822, 2625.5353536326165
283.0269846916199, 2729.833945429822, 2625.5353536326165
283.6163983345032, 2730.7784852679188, 2625.37153985795
284.0046000480652, 2730.7784852679188, 2625.37153985795
284.5062575340271, 2730.7784852679188, 2625.37153985795
285.1179950237274, 2730.5430350110178, 2625.3388672475157
285.63287806510925, 2731.253191581415, 2633.060022852411
286.12755393981934, 2741.318706913061, 2693.300018345796
286.5015525817871, 2741.318706913061, 2693.300018345796
287.1194078922272, 2734.623930644304, 2807.4360172633305
287.5094790458679, 2734.623930644304, 2807.4360172633305
288.14178681373596, 2729.9180662781278, 2808.5767349298703
288.49982810020447, 2729.9180662781278, 2808.5767349298703
289.1216514110565, 2733.604545349625, 2809.2807499900177
289.50064992904663, 2733.604545349625, 2809.2807499900177
290.12040972709656, 2732.4330712451933, 2808.565634115894
290.4993941783905, 2732.4330712451933, 2808.565634115894
291.0074076652527, 2732.4330712451933, 2808.565634115894
291.499174118042, 2732.4330712451933, 2808.565634115894
292.01563477516174, 2732.4330712451933, 2808.565634115894
292.6492803096771, 2725.4775279063824, 2876.417394379604
293.0080680847168, 2725.4775279063824, 2876.417394379604
293.49942088127136, 2725.4775279063824, 2876.417394379604
294.01124835014343, 2725.4775279063824, 2876.417394379604
294.50093722343445, 2725.4775279063824, 2876.417394379604
294.9996907711029, 2725.4775279063824, 2876.417394379604
295.6127436161041, 2726.7392669261308, 2876.9212756478505
296.13296937942505, 2722.0253203073958, 2876.5131674640083
296.4987998008728, 2722.0253203073958, 2876.5131674640083
297.00143456459045, 2722.0253203073958, 2876.5131674640083
297.6144690513611, 2722.833843857672, 2704.4147092747944
298.0195906162262, 2722.833843857672, 2704.4147092747944
298.49785828590393, 2722.833843857672, 2704.4147092747944
298.99951553344727, 2722.833843857672, 2704.4147092747944
299.4990270137787, 2722.833843857672, 2704.4147092747944
300.1406931877136, 2721.9852990781906, 2518.553908950094
300.502724647522, 2721.9852990781906, 2518.553908950094
301.0063774585724, 2721.9852990781906, 2518.553908950094
301.5213522911072, 2721.9852990781906, 2518.553908950094
302.12142181396484, 2724.4931969253325, 2320.0091140055542
302.5024027824402, 2724.4931969253325, 2320.0091140055542
303.0144820213318, 2724.4931969253325, 2320.0091140055542
303.6148750782013, 2726.7172467417645, 2318.6485379425953
304.0144877433777, 2726.7172467417645, 2318.6485379425953
304.4998550415039, 2726.7172467417645, 2318.6485379425953
304.99943494796753, 2726.7172467417645, 2318.6485379425953
305.6261479854584, 2726.4246154071443, 2318.869832263554
306.009779214859, 2726.4246154071443, 2318.869832263554
306.51858472824097, 2726.4246154071443, 2318.869832263554
307.1345944404602, 2722.233129595935, 2319.5992449425703
307.64239406585693, 2732.8290200169713, 2315.7604366547685
307.99911618232727, 2732.8290200169713, 2315.7604366547685
308.62145161628723, 2734.791897909982, 2261.7572562974347
309.1251013278961, 2734.0134647568198, 2263.1305334473273
309.5030963420868, 2734.0134647568198, 2263.1305334473273
310.0097334384918, 2734.0134647568198, 2263.1305334473273
310.50727343559265, 2734.0134647568198, 2263.1305334473273
311.00095081329346, 2734.0134647568198, 2263.1305334473273
311.50676250457764, 2734.0134647568198, 2263.1305334473273
312.12610387802124, 2729.1403656248594, 2262.6665007534702
312.505117893219, 2729.1403656248594, 2262.6665007534702
313.00170636177063, 2729.1403656248594, 2262.6665007534702
313.4975333213806, 2729.1403656248594, 2262.6665007534702
313.99672269821167, 2729.1403656248594, 2262.6665007534702
314.4950978755951, 2729.1403656248594, 2262.6665007534702
314.99766659736633, 2729.1403656248594, 2262.6665007534702
315.50530767440796, 2729.1403656248594, 2262.6665007534702
315.9972677230835, 2729.1403656248594, 2262.6665007534702
316.62099027633667, 2733.2536815138437, 2262.228482034881
317.0049617290497, 2733.2536815138437, 2262.228482034881
317.4983513355255, 2733.2536815138437, 2262.228482034881
318.11716961860657, 2729.5717007746953, 2262.673437893916
318.63004517555237, 2731.7492646119445, 2262.290759962998
319.00515723228455, 2731.7492646119445, 2262.290759962998
319.6173312664032, 2731.8194195358633, 2262.728225859364
320.12998390197754, 2734.286797597914, 2262.0003842762053
320.50594758987427, 2734.286797597914, 2262.0003842762053
320.9986116886139, 2734.286797597914, 2262.0003842762053
321.60828590393066, 2729.836789678231, 2262.7972312738766
322.00597643852234, 2729.836789678231, 2262.7972312738766
322.6133530139923, 2729.5156982961885, 2262.476843131599
323.0023124217987, 2729.5156982961885, 2262.476843131599
323.4935345649719, 2729.5156982961885, 2262.476843131599
324.1224830150604, 2735.006783289962, 2262.3667434463982
324.50845074653625, 2735.006783289962, 2262.3667434463982
325.00428676605225, 2735.006783289962, 2262.3667434463982
325.49577236175537, 2735.006783289962, 2262.3667434463982
326.0073733329773, 2735.006783289962, 2262.3667434463982
326.5056047439575, 2735.006783289962, 2262.3667434463982
327.0017919540405, 2735.006783289962, 2262.3667434463982
327.6122922897339, 2746.0462918603707, 2121.237959189475
328.0110762119293, 2746.0462918603707, 2121.237959189475
328.6098177433014, 2745.052829775209, 2120.7580272310333
329.0067300796509, 2745.052829775209, 2120.7580272310333
329.5000653266907, 2745.052829775209, 2120.7580272310333
330.1174132823944, 2745.2707188220184, 2120.6776764269316
330.6173343658447, 2745.893630835773, 2120.869367534374
331.0113101005554, 2745.893630835773, 2120.869367534374
331.4929909706116, 2745.893630835773, 2120.869367534374
332.00233912467957, 2745.893630835773, 2120.869367534374
332.6110942363739, 2746.2369255249846, 2121.8706031029124
333.13725543022156, 2723.2391399132084, 2230.5808922436827
333.5011270046234, 2723.2391399132084, 2230.5808922436827
333.998996257782, 2723.2391399132084, 2230.5808922436827
334.6168580055237, 2724.351208782365, 2229.9633266548963
335.00310730934143, 2724.351208782365, 2229.9633266548963
335.5017874240875, 2724.351208782365, 2229.9633266548963
336.12680172920227, 2721.430927835888, 2540.728881718801
336.50090432167053, 2721.430927835888, 2540.728881718801
337.1459903717041, 2690.7623106916776, 2203.0499490973557
337.50802063941956, 2690.7623106916776, 2203.0499490973557
338.01453471183777, 2690.7623106916776, 2203.0499490973557
338.51150608062744, 2690.7623106916776, 2203.0499490973557
339.00580048561096, 2690.7623106916776, 2203.0499490973557
339.6437578201294, 2732.9248584104, 2203.7110572507263
340.025187253952, 2732.9248584104, 2203.7110572507263
340.5276482105255, 2732.9248584104, 2203.7110572507263
341.0172643661499, 2732.9248584104, 2203.7110572507263
341.52647399902344, 2732.9248584104, 2203.7110572507263
342.0156033039093, 2732.9248584104, 2203.7110572507263
342.52676033973694, 2732.9248584104, 2203.7110572507263
343.0335991382599, 2732.9248584104, 2203.7110572507263
343.63589453697205, 2798.9985960785416, 2240.4083038577214
344.13518595695496, 2706.934632437278, 2668.1981036319235
344.6324849128723, 2710.934367343144, 2275.7990446510194
345.13647651672363, 2733.937537113539, 2044.1332827210936
345.49651312828064, 2733.937537113539, 2044.1332827210936
346.0121479034424, 2733.937537113539, 2044.1332827210936
346.4982407093048, 2733.937537113539, 2044.1332827210936
347.15225315093994, 2731.584291823316, 2042.4929469990848
347.4986946582794, 2731.584291823316, 2042.4929469990848
348.010272026062, 2731.584291823316, 2042.4929469990848
348.49799489974976, 2731.584291823316, 2042.4929469990848
349.1170086860657, 2726.2593663618504, 1901.8248621519858
349.5065231323242, 2726.2593663618504, 1901.8248621519858
350.1420919895172, 2894.8798672266303, 2284.793216299012
350.5068418979645, 2894.8798672266303, 2284.793216299012
351.0214800834656, 2894.8798672266303, 2284.793216299012
351.51437401771545, 2894.8798672266303, 2284.793216299012
352.00805139541626, 2894.8798672266303, 2284.793216299012
352.6236562728882, 2885.1742733819933, 2274.1072119926157
353.0066328048706, 2885.1742733819933, 2274.1072119926157
353.52025628089905, 2885.1742733819933, 2274.1072119926157
354.1386296749115, 2866.394786925747, 2298.090181955377
354.51060700416565, 2866.394786925747, 2298.090181955377
355.1429138183594, 2874.4808868774758, 2320.8598943518737
355.50095534324646, 2874.4808868774758, 2320.8598943518737
356.0170147418976, 2874.4808868774758, 2320.8598943518737
356.5196695327759, 2874.4808868774758, 2320.8598943518737
357.1253683567047, 2881.045178705784, 2306.029829632777
357.5163221359253, 2881.045178705784, 2306.029829632777
358.0106601715088, 2881.045178705784, 2306.029829632777
358.50420928001404, 2881.045178705784, 2306.029829632777
359.00626277923584, 2881.045178705784, 2306.029829632777
359.6271414756775, 2875.732144108716, 2317.328276111487
360.00907158851624, 2875.732144108716, 2317.328276111487
360.5057635307312, 2875.732144108716, 2317.328276111487
361.0064232349396, 2875.732144108716, 2317.328276111487
361.62167048454285, 2881.0061226909215, 2305.907590387485
362.0081422328949, 2881.0061226909215, 2305.907590387485
362.6162600517273, 2872.6591064132995, 2270.1091440157643
363.0089774131775, 2872.6591064132995, 2270.1091440157643
363.5258765220642, 2872.6591064132995, 2270.1091440157643
364.1455376148224, 2889.487339335091, 2151.397097887393
364.50610613822937, 2889.487339335091, 2151.397097887393
365.12741231918335, 2872.3627590335223, 2149.480669778334
365.6254312992096, 2906.5312775754087, 2207.3325248382444
366.0094037055969, 2906.5312775754087, 2207.3325248382444
366.6317358016968, 2865.63469165178, 2283.553507308405
367.0112233161926, 2865.63469165178, 2283.553507308405
367.5106556415558, 2865.63469165178, 2283.553507308405
368.0025956630707, 2865.63469165178, 2283.553507308405
368.5122811794281, 2865.63469165178, 2283.553507308405
369.0106976032257, 2865.63469165178, 2283.553507308405
369.50608706474304, 2865.63469165178, 2283.553507308405
370.1302673816681, 2715.8351151154566, 1899.2788944179445
370.51979780197144, 2715.8351151154566, 1899.2788944179445
371.0094838142395, 2715.8351151154566, 1899.2788944179445
371.51766705513, 2715.8351151154566, 1899.2788944179445
372.0123436450958, 2715.8351151154566, 1899.2788944179445
372.5229756832123, 2715.8351151154566, 1899.2788944179445
373.0246379375458, 2715.8351151154566, 1899.2788944179445
373.650981426239, 2730.360134194079, 1879.6938734738062
374.0239579677582, 2730.360134194079, 1879.6938734738062
374.6702575683594, 2727.655658238617, 1879.7319178708804
375.0375006198883, 2727.655658238617, 1879.7319178708804
375.5143129825592, 2727.655658238617, 1879.7319178708804
376.01999592781067, 2727.655658238617, 1879.7319178708804
376.6335883140564, 2726.4973707176937, 1881.2159075133025
377.17720317840576, 2728.951803109716, 1879.0513502094882
377.5282635688782, 2728.951803109716, 1879.0513502094882
378.0259313583374, 2728.951803109716, 1879.0513502094882
378.5183889865875, 2728.951803109716, 1879.0513502094882
379.01705408096313, 2728.951803109716, 1879.0513502094882
379.63545298576355, 2727.130238919017, 1879.0308510319
380.01222491264343, 2727.130238919017, 1879.0308510319
380.6382324695587, 2725.9205283091164, 1880.8576009644087
381.15667510032654, 2730.722165614463, 1879.3623032821165
381.5177080631256, 2730.722165614463, 1879.3623032821165
382.1445894241333, 2731.949224150521, 1879.6088031378038
382.51160740852356, 2731.949224150521, 1879.6088031378038
383.15224528312683, 2728.6943973400907, 1880.0772703655143
383.53222918510437, 2728.6943973400907, 1880.0772703655143
384.0191249847412, 2728.6943973400907, 1880.0772703655143
384.6443462371826, 2721.7497867033144, 1817.0566329068606
385.0222792625427, 2721.7497867033144, 1817.0566329068606
385.51897859573364, 2721.7497867033144, 1817.0566329068606
386.15079402923584, 2716.0474299621546, 1311.1100293393085
386.64725065231323, 2716.9260790751177, 961.3288206216521
387.01726031303406, 2716.9260790751177, 961.3288206216521
387.5217776298523, 2716.9260790751177, 961.3288206216521
388.13917446136475, 2721.3755923740196, 961.2102119669431
388.6268689632416, 2717.84404495029, 961.2223583731828
389.01338720321655, 2717.84404495029, 961.2223583731828
389.51703906059265, 2717.84404495029, 961.2223583731828
390.1337480545044, 2720.031204517531, 662.1500685827751
390.52113676071167, 2720.031204517531, 662.1500685827751
391.0227930545807, 2720.031204517531, 662.1500685827751
391.64120864868164, 2875.5582916950584, 1992.0469552742256
392.03218030929565, 2875.5582916950584, 1992.0469552742256
392.53159403800964, 2875.5582916950584, 1992.0469552742256
393.0290606021881, 2875.5582916950584, 1992.0469552742256
393.5241274833679, 2875.5582916950584, 1992.0469552742256
394.1454646587372, 2875.920707951043, 2012.1310897620774
394.6435775756836, 2858.3687769151943, 2977.6649282032345
395.16140818595886, 2830.890488651005, 1163.9930403914786
395.52543663978577, 2830.890488651005, 1163.9930403914786
396.02141070365906, 2830.890488651005, 1163.9930403914786
396.52845335006714, 2830.890488651005, 1163.9930403914786
397.0276482105255, 2830.890488651005, 1163.9930403914786
397.6331624984741, 2696.260438313903, 1033.6478386468418
398.01910853385925, 2696.260438313903, 1033.6478386468418
398.50912833213806, 2696.260438313903, 1033.6478386468418
399.02337312698364, 2696.260438313903, 1033.6478386468418
399.51867938041687, 2696.260438313903, 1033.6478386468418
400.1358187198639, 2712.971890757057, 1487.4164106946623
400.6417281627655, 2705.2184384779575, 1556.68745788194
401.0276963710785, 2705.2184384779575, 1556.68745788194
401.51937890052795, 2705.2184384779575, 1556.68745788194
402.00807070732117, 2705.2184384779575, 1556.68745788194
402.5286524295807, 2705.2184384779575, 1556.68745788194
403.008367061615, 2705.2184384779575, 1556.68745788194
403.6396780014038, 2701.656374102455, 1564.6049912981875
404.1343536376953, 2704.846266481672, 1564.9139972245484
404.52253341674805, 2704.846266481672, 1564.9139972245484
405.1508505344391, 2702.117332648227, 1564.1505083981667
405.510657787323, 2702.117332648227, 1564.1505083981667
406.146954536438, 2702.739950643541, 1565.2638761990734
406.63165760040283, 2699.4848517281903, 1565.5050101928673
407.1502683162689, 2703.132076867044, 1564.21529280986
407.51928091049194, 2703.132076867044, 1564.21529280986
408.04156041145325, 2703.132076867044, 1564.21529280986
408.6359691619873, 2710.0678900204316, 1554.9495822168494
409.0197515487671, 2710.0678900204316, 1554.9495822168494
409.51741909980774, 2710.0678900204316, 1554.9495822168494
410.0084125995636, 2710.0678900204316, 1554.9495822168494
410.62955713272095, 2714.6688606753587, 1546.6379769907342
411.0158579349518, 2714.6688606753587, 1546.6379769907342
411.52449679374695, 2714.6688606753587, 1546.6379769907342
412.1443314552307, 2713.8212037012127, 1547.8771952709476
412.51760268211365, 2713.8212037012127, 1547.8771952709476
413.01361751556396, 2713.8212037012127, 1547.8771952709476
413.5217969417572, 2713.8212037012127, 1547.8771952709476
414.02172017097473, 2713.8212037012127, 1547.8771952709476
414.51080226898193, 2713.8212037012127, 1547.8771952709476
415.0264995098114, 2713.8212037012127, 1547.8771952709476
415.52512526512146, 2713.8212037012127, 1547.8771952709476
416.14043283462524, 2711.71995807343, 1547.7827694957023
416.5214295387268, 2711.71995807343, 1547.7827694957023
417.1316752433777, 2715.632391389788, 1548.374570550744
417.5190577507019, 2715.632391389788, 1548.374570550744
418.02088832855225, 2715.632391389788, 1548.374570550744
418.5109951496124, 2715.632391389788, 1548.374570550744
419.01714873313904, 2715.632391389788, 1548.374570550744
419.5189299583435, 2715.632391389788, 1548.374570550744
420.02184224128723, 2715.632391389788, 1548.374570550744
420.62647104263306, 2712.817554778349, 1548.0823076158583
421.0303900241852, 2712.817554778349, 1548.0823076158583
421.63786935806274, 2718.76296928284, 1549.8617878067073
422.0247440338135, 2718.76296928284, 1549.8617878067073
422.513911485672, 2718.76296928284, 1549.8617878067073
423.01606917381287, 2718.76296928284, 1549.8617878067073
423.51237177848816, 2718.76296928284, 1549.8617878067073
424.0219895839691, 2718.76296928284, 1549.8617878067073
424.51787185668945, 2718.76296928284, 1549.8617878067073
425.01454401016235, 2718.76296928284, 1549.8617878067073
425.63388538360596, 2718.437353007134, 1548.5855837595382
426.02229619026184, 2718.437353007134, 1548.5855837595382
426.51509284973145, 2718.437353007134, 1548.5855837595382
427.019814491272, 2718.437353007134, 1548.5855837595382
427.51249504089355, 2718.437353007134, 1548.5855837595382
428.14480209350586, 2717.7822853451385, 1548.9159498896943
428.51544761657715, 2717.7822853451385, 1548.9159498896943
429.1332035064697, 2718.7548033263824, 1548.6590365514917
429.63885021209717, 2718.5329183472554, 1549.5919744976816
430.14226174354553, 2718.044609866683, 1548.8693799799175
430.51387095451355, 2718.044609866683, 1548.8693799799175
431.01427459716797, 2718.044609866683, 1548.8693799799175
431.6445872783661, 2717.841940162369, 1549.2933467715914
432.0265667438507, 2717.841940162369, 1549.2933467715914
432.528222322464, 2717.841940162369, 1549.2933467715914
433.017911195755, 2717.841940162369, 1549.2933467715914
433.5258424282074, 2717.841940162369, 1549.2933467715914
434.02195930480957, 2717.841940162369, 1549.2933467715914
436.13615012168884, 2717.6989891870985, 1548.2304881606194
436.5255045890808, 2717.6989891870985, 1548.2304881606194
437.14800691604614, 2718.760154045193, 1547.8736489194796
437.52200508117676, 2718.760154045193, 1547.8736489194796
438.140260219574, 2718.5735138688906, 1547.783711714719
438.66009187698364, 2718.554173449422, 1548.2774112957188
439.033091545105, 2718.554173449422, 1548.2774112957188
439.5331621170044, 2718.554173449422, 1548.2774112957188
440.0296597480774, 2718.554173449422, 1548.2774112957188
440.5562071800232, 2718.554173449422, 1548.2774112957188
441.0221130847931, 2718.554173449422, 1548.2774112957188
441.5255227088928, 2718.554173449422, 1548.2774112957188
442.0211958885193, 2718.554173449422, 1548.2774112957188
442.51487398147583, 2718.554173449422, 1548.2774112957188
443.019517660141, 2718.554173449422, 1548.2774112957188
443.51508498191833, 2718.554173449422, 1548.2774112957188
444.14480996131897, 2689.5828734099746, 2685.1339148742595
444.51581740379333, 2689.5828734099746, 2685.1339148742595
445.0204656124115, 2689.5828734099746, 2685.1339148742595
445.6259677410126, 2713.60064842404, 2813.1107823831617
446.0204019546509, 2713.60064842404, 2813.1107823831617
446.52295327186584, 2713.60064842404, 2813.1107823831617
447.01609468460083, 2713.60064842404, 2813.1107823831617
447.6270966529846, 2709.327319273727, 2711.754134551948
448.0136470794678, 2709.327319273727, 2711.754134551948
448.52028036117554, 2709.327319273727, 2711.754134551948
449.14098715782166, 2696.371152236549, 2710.3869960901907
449.5253462791443, 2696.371152236549, 2710.3869960901907
450.140278339386, 2710.6504434683784, 2629.516247013841
450.6578948497772, 2570.3206550464743, 2709.6183425708573
451.1409020423889, 2718.727350956787, 2709.1985947177322
451.63836002349854, 2675.5471473800158, 2627.894844192778
452.02695512771606, 2675.5471473800158, 2627.894844192778
452.53238439559937, 2675.5471473800158, 2627.894844192778
453.13832092285156, 2643.516347370588, 2693.653630194642
453.5114064216614, 2643.516347370588, 2693.653630194642
454.0185317993164, 2643.516347370588, 2693.653630194642
454.62795090675354, 2691.576870163953, 2173.076146498663
455.0221197605133, 2691.576870163953, 2173.076146498663
455.51094579696655, 2691.576870163953, 2173.076146498663
456.130286693573, 2697.7395097463404, 2170.440424234327
456.6253967285156, 2699.2625567232417, 2171.16826947533
457.1330382823944, 2695.0216096142717, 2172.7243819930336
457.5154514312744, 2695.0216096142717, 2172.7243819930336
458.01212096214294, 2695.0216096142717, 2172.7243819930336
458.6275291442871, 2695.9371225231844, 2205.6353760852558
459.0254645347595, 2695.9371225231844, 2205.6353760852558
459.6228642463684, 2702.8372581601384, 2276.606139300471
460.0205466747284, 2702.8372581601384, 2276.606139300471
460.62828850746155, 2698.6568366653323, 2284.2578688738145
461.1382920742035, 2838.0462714932783, 2931.6526320535395
461.6523332595825, 2653.4890246817845, 2196.6866169131645
462.0163185596466, 2653.4890246817845, 2196.6866169131645
462.51525473594666, 2653.4890246817845, 2196.6866169131645
463.1399760246277, 2869.6644933784323, 2920.439816971222
463.6386845111847, 2781.010115311841, 2920.8045169153124
464.1639428138733, 2829.246926097119, 2920.023221884412
464.54115629196167, 2829.246926097119, 2920.023221884412
465.0367319583893, 2829.246926097119, 2920.023221884412
465.5343987941742, 2829.246926097119, 2920.023221884412
466.03281569480896, 2829.246926097119, 2920.023221884412
466.5322332382202, 2829.246926097119, 2920.023221884412
467.1352963447571, 2898.068434439679, 2835.3036140222293
467.6293590068817, 2854.181133897615, 2887.303679189499
468.02130913734436, 2854.181133897615, 2887.303679189499
468.52408742904663, 2854.181133897615, 2887.303679189499
469.02343487739563, 2854.181133897615, 2887.303679189499
469.51910948753357, 2854.181133897615, 2887.303679189499
470.0164964199066, 2854.181133897615, 2887.303679189499
470.6527931690216, 3095.4205813289655, 2836.037677988079
471.1638352870941, 2971.142533330952, 2793.6521451287053
471.64569902420044, 3047.0010145468514, 2671.207919066932
472.1438043117523, 3101.6127324487998, 2655.4133784623923
472.51580834388733, 3101.6127324487998, 2655.4133784623923
473.0144557952881, 3101.6127324487998, 2655.4133784623923
473.52110028266907, 3101.6127324487998, 2655.4133784623923
474.0213599205017, 3101.6127324487998, 2655.4133784623923
474.62937235832214, 2720.2920495346325, 2975.81431739215
475.13701343536377, 2721.6395764270483, 2975.3426780662667
475.5269694328308, 2721.6395764270483, 2975.3426780662667
476.1437177658081, 2719.513185851376, 2975.553566396067
476.6303207874298, 2720.0716436580556, 2976.1917806346814
477.13995814323425, 2719.5756810097355, 2975.105431747642
477.6289780139923, 2719.654042150611, 2975.5989390400914
478.0162179470062, 2719.654042150611, 2975.5989390400914
478.6355686187744, 2719.2642832901183, 2943.258418914043
479.03465270996094, 2719.2642832901183, 2943.258418914043
479.67543482780457, 2722.057468628347, 2939.84570915567
480.16612124443054, 2721.7913971569988, 2939.3742517427
480.5342400074005, 2721.7913971569988, 2939.3742517427
481.0480706691742, 2721.7913971569988, 2939.3742517427
481.66043186187744, 2719.8340994616246, 2710.5777304599196
482.1685287952423, 2720.6376356569044, 2614.2557309330145
482.6542284488678, 2710.752010766388, 2496.788906826689
483.17094373703003, 2711.6492525130825, 2481.372931969647
483.5390193462372, 2711.6492525130825, 2481.372931969647
484.0371754169464, 2711.6492525130825, 2481.372931969647
484.546683549881, 2711.6492525130825, 2481.372931969647
485.03787446022034, 2711.6492525130825, 2481.372931969647
485.55100321769714, 2711.6492525130825, 2481.372931969647
486.0450813770294, 2711.6492525130825, 2481.372931969647
486.66557717323303, 2708.9110441704415, 2413.770635827426
487.04550766944885, 2708.9110441704415, 2413.770635827426
487.55015659332275, 2708.9110441704415, 2413.770635827426
488.1669270992279, 2708.3459917248397, 2413.8772843347992
488.56187081336975, 2708.3459917248397, 2413.8772843347992
489.0462441444397, 2708.3459917248397, 2413.8772843347992
489.6864833831787, 2708.6806442800466, 2413.681550791978
490.1636493206024, 2707.2094863815228, 2414.1524163506356
490.54865550994873, 2707.2094863815228, 2414.1524163506356
491.1645472049713, 2708.717495673803, 2413.33785875764
491.6592233181, 2708.3620005639004, 2414.1912608117796
492.1718511581421, 2708.761185948329, 2413.9455269845457
492.5378715991974, 2708.761185948329, 2413.9455269845457
493.0514965057373, 2708.761185948329, 2413.9455269845457
493.546719789505, 2708.761185948329, 2413.9455269845457
494.1684031486511, 2706.9618994431085, 2414.2020879510064
494.5477924346924, 2706.9618994431085, 2414.2020879510064
495.1644115447998, 2707.879510839749, 2414.0540297241996
495.65579557418823, 2709.1198883843467, 2413.9611147715264
496.05216813087463, 2709.1198883843467, 2413.9611147715264
496.5403838157654, 2709.1198883843467, 2413.9611147715264
497.03905963897705, 2709.1198883843467, 2413.9611147715264
497.5496928691864, 2709.1198883843467, 2413.9611147715264
498.16976594924927, 2709.114932283021, 2413.930284442349
498.65845704078674, 2708.1040816289633, 2414.355750803974
499.04790353775024, 2708.1040816289633, 2414.355750803974
499.5355968475342, 2708.1040816289633, 2414.355750803974
500.1843340396881, 2707.9788707845423, 2413.8157864810414
500.54203391075134, 2707.9788707845423, 2413.8157864810414
501.05008029937744, 2707.9788707845423, 2413.8157864810414
501.66076374053955, 2706.655322536639, 2413.1403236383044
502.04803586006165, 2706.655322536639, 2413.1403236383044
502.6563241481781, 2707.4297708036293, 2414.062983194767
503.05423498153687, 2707.4297708036293, 2414.062983194767
503.6556251049042, 2708.0710459150337, 2413.992969441784
504.0485289096832, 2708.0710459150337, 2413.992969441784
504.5649070739746, 2708.0710459150337, 2413.992969441784
505.0431387424469, 2708.0710459150337, 2413.992969441784
505.54962491989136, 2708.0710459150337, 2413.992969441784
506.18781089782715, 2707.736980477393, 2413.2730089439906
506.55363416671753, 2707.736980477393, 2413.2730089439906
507.2562325000763, 3213.666017603395, 1107.426261718211
507.6132755279541, 3213.666017603395, 1107.426261718211
508.2645330429077, 3067.045030411278, 2444.6349878559013
508.79085326194763, 754.0927333245608, 2002.4172227284312
509.19055008888245, 754.0927333245608, 2002.4172227284312
509.6456844806671, 754.0927333245608, 2002.4172227284312
510.14335203170776, 754.0927333245608, 2002.4172227284312
510.72482895851135, 1254.8663807926378, 2646.601311817061
511.1137557029724, 1254.8663807926378, 2646.601311817061
511.5963056087494, 1254.8663807926378, 2646.601311817061
512.0981373786926, 1254.8663807926378, 2646.601311817061
512.7194747924805, 2836.2544163486, 1579.4474151407287
513.1012418270111, 2836.2544163486, 1579.4474151407287
513.608318567276, 2836.2544163486, 1579.4474151407287
514.1032218933105, 2836.2544163486, 1579.4474151407287
514.6627416610718, 2709.6119912505746, 2414.4982933774068
515.1705124378204, 2707.604633136686, 2414.3169903788435
515.547168970108, 2707.604633136686, 2414.3169903788435
516.0475659370422, 2707.604633136686, 2414.3169903788435
516.5452334880829, 2707.604633136686, 2414.3169903788435
517.0460605621338, 2707.604633136686, 2414.3169903788435
517.663408279419, 2708.027590986117, 2413.331621613172
518.0578184127808, 2708.027590986117, 2413.331621613172
518.5502891540527, 2708.027590986117, 2413.331621613172
519.0509219169617, 2708.027590986117, 2413.331621613172
519.5525801181793, 2708.027590986117, 2413.331621613172
520.0379378795624, 2708.027590986117, 2413.331621613172
520.6766774654388, 3054.1721191121287, 2675.223538044714
521.0488262176514, 3054.1721191121287, 2675.223538044714
521.6554992198944, 3054.067064210864, 2639.075613581762
522.1870090961456, 3059.7729575681365, 2659.5897041364256
522.6817526817322, 3083.326280864652, 2654.750785733466
523.066525220871, 3083.326280864652, 2654.750785733466
523.5582365989685, 3083.326280864652, 2654.750785733466
524.0685319900513, 3083.326280864652, 2654.750785733466
524.6602339744568, 3053.4107417646396, 2655.135681994342
525.1838326454163, 3082.772939270791, 2670.5985733107336
525.6695618629456, 3022.2394016047524, 2648.9917850945244
526.0554990768433, 3022.2394016047524, 2648.9917850945244
526.5601489543915, 3022.2394016047524, 2648.9917850945244
527.0579538345337, 3022.2394016047524, 2648.9917850945244
527.5491626262665, 3022.2394016047524, 2648.9917850945244
528.0584840774536, 3022.2394016047524, 2648.9917850945244
529.1935770511627, 2715.4826133808147, 2919.1573170128745
529.6653134822845, 2717.2305898336967, 2913.168205652529
530.1903567314148, 2714.8770073080314, 2913.6276434133097
530.5613632202148, 2714.8770073080314, 2913.6276434133097
531.1727261543274, 2712.550324996495, 2812.0222602853164
531.550808429718, 2712.550324996495, 2812.0222602853164
532.0557727813721, 2712.550324996495, 2812.0222602853164
532.6749029159546, 2712.8100880913194, 2801.1531991389375
533.0638680458069, 2712.8100880913194, 2801.1531991389375
533.6715250015259, 2713.504351564397, 2702.34546999075
534.0687987804413, 2713.504351564397, 2702.34546999075
534.6684579849243, 2713.0294284235765, 2597.3341568945034
535.0681693553925, 2713.0294284235765, 2597.3341568945034
535.5652060508728, 2713.0294284235765, 2597.3341568945034
536.065681219101, 2713.0294284235765, 2597.3341568945034
536.5674703121185, 2713.0294284235765, 2597.3341568945034
537.1810386180878, 2715.9548086277446, 2429.5374913847986
537.5683128833771, 2715.9548086277446, 2429.5374913847986
538.2027108669281, 2715.089838356906, 2430.6477727073357
538.5796711444855, 2715.089838356906, 2430.6477727073357
539.1962037086487, 2714.9341729478388, 2430.456487560657
539.5697238445282, 2714.9341729478388, 2430.456487560657
540.0807383060455, 2714.9341729478388, 2430.456487560657
540.5764398574829, 2714.9341729478388, 2430.456487560657
541.0747427940369, 2714.9341729478388, 2430.456487560657
541.57049036026, 2714.9341729478388, 2430.456487560657
542.0708472728729, 2714.9341729478388, 2430.456487560657
542.5742783546448, 2714.9341729478388, 2430.456487560657
543.2044916152954, 3065.1655219597765, 2629.7789490257296
543.5850520133972, 3065.1655219597765, 2629.7789490257296
544.2053096294403, 2936.1723167836963, 2414.5729213806844
544.7284874916077, 3065.632517703177, 2602.17614403413
545.2092022895813, 3055.4135141039196, 2577.663845042698
545.6948285102844, 3055.645986906817, 2599.55815434348
546.0857832431793, 3055.645986906817, 2599.55815434348
546.6016328334808, 3055.645986906817, 2599.55815434348
547.1024804115295, 3055.645986906817, 2599.55815434348
547.6007926464081, 3055.645986906817, 2599.55815434348
548.0934734344482, 3055.645986906817, 2599.55815434348
548.6018621921539, 3055.645986906817, 2599.55815434348
549.0958766937256, 3055.645986906817, 2599.55815434348
549.7067294120789, 2708.3645160530177, 2849.982633314532
550.2133731842041, 2711.249688321345, 2764.5732101667318
550.5893676280975, 2711.249688321345, 2764.5732101667318
551.1019940376282, 2711.249688321345, 2764.5732101667318
551.7148978710175, 2714.0394931768974, 2628.3164060996946
552.1038570404053, 2714.0394931768974, 2628.3164060996946
552.7251937389374, 2715.2136019964078, 2627.945938171675
553.090217590332, 2715.2136019964078, 2627.945938171675
553.701831817627, 2714.756853257615, 2628.189489321413
554.22274518013, 2715.3362602788725, 2628.8567244126375
554.5967440605164, 2715.3362602788725, 2628.8567244126375
555.2274219989777, 2713.9899384239225, 2531.75158129834
555.5891416072845, 2713.9899384239225, 2531.75158129834
556.0873279571533, 2713.9899384239225, 2531.75158129834
556.5867092609406, 2713.9899384239225, 2531.75158129834
557.0867822170258, 2713.9899384239225, 2531.75158129834
557.6041402816772, 2713.9899384239225, 2531.75158129834
558.0880553722382, 2713.9899384239225, 2531.75158129834
558.5976629257202, 2713.9899384239225, 2531.75158129834
559.0873825550079, 2713.9899384239225, 2531.75158129834
559.5986578464508, 2713.9899384239225, 2531.75158129834
560.0915992259979, 2713.9899384239225, 2531.75158129834
560.7045347690582, 2713.5305878300624, 2166.763695911868
561.1071863174438, 2713.5305878300624, 2166.763695911868
561.7031035423279, 2714.383273498154, 2165.9247610494845
562.2174835205078, 2712.618758034115, 2167.1777452312535
562.5984644889832, 2712.618758034115, 2167.1777452312535
563.09437084198, 2712.618758034115, 2167.1777452312535
563.5913560390472, 2712.618758034115, 2167.1777452312535
564.2214403152466, 2713.493414952657, 2166.218332927896
564.5904524326324, 2713.493414952657, 2166.218332927896
565.0970978736877, 2713.493414952657, 2166.218332927896
565.6077313423157, 2713.493414952657, 2166.218332927896
566.0913212299347, 2713.493414952657, 2166.218332927896
566.5954613685608, 2713.493414952657, 2166.218332927896
567.0922091007233, 2713.493414952657, 2166.218332927896
567.6002507209778, 2713.493414952657, 2166.218332927896
568.2133541107178, 2722.522430269268, 2162.7665308627606
568.5853569507599, 2722.522430269268, 2162.7665308627606
569.0965294837952, 2722.522430269268, 2162.7665308627606
569.5864145755768, 2722.522430269268, 2162.7665308627606
570.2536334991455, 2713.2665711896675, 2166.0984257791056
570.591728925705, 2713.2665711896675, 2166.0984257791056
571.1109261512756, 2713.2665711896675, 2166.0984257791056
571.6006133556366, 2713.2665711896675, 2166.0984257791056
572.232081413269, 2714.655888232068, 2165.9881233191795
572.7417171001434, 2713.0098692119413, 2167.1847299628607
573.0958120822906, 2713.0098692119413, 2167.1847299628607
573.5927262306213, 2713.0098692119413, 2167.1847299628607
574.0944936275482, 2713.0098692119413, 2167.1847299628607
574.592381477356, 2713.0098692119413, 2167.1847299628607
575.095016002655, 2713.0098692119413, 2167.1847299628607
575.6022906303406, 2713.0098692119413, 2167.1847299628607
576.2158970832825, 2713.281345567686, 2166.6819030397705
576.7152123451233, 2713.4029175525275, 2166.4356062973916
577.096194267273, 2713.4029175525275, 2166.4356062973916
577.604350566864, 2713.4029175525275, 2166.4356062973916
578.211564540863, 2713.747535860235, 2165.998422215849
578.5970788002014, 2713.747535860235, 2165.998422215849
579.0901877880096, 2713.747535860235, 2165.998422215849
579.6045849323273, 2713.747535860235, 2165.998422215849
580.0955622196198, 2713.747535860235, 2165.998422215849
580.7139456272125, 2712.828588955635, 2167.124021481698
581.2255568504333, 2715.2485345516084, 2166.1537522203316
581.612523317337, 2715.2485345516084, 2166.1537522203316
582.0962762832642, 2715.2485345516084, 2166.1537522203316
582.7230591773987, 2713.2212531758805, 2167.058564015889
583.1076498031616, 2713.2212531758805, 2167.058564015889
583.6027019023895, 2713.2212531758805, 2167.058564015889
584.0895655155182, 2713.2212531758805, 2167.058564015889
584.6032245159149, 2713.2212531758805, 2167.058564015889
585.0918221473694, 2713.2212531758805, 2167.058564015889
585.596471786499, 2713.2212531758805, 2167.058564015889
586.0999758243561, 2713.2212531758805, 2167.058564015889
586.5934510231018, 2713.2212531758805, 2167.058564015889
587.2068085670471, 2714.3288590402226, 2165.957728231338
587.5967664718628, 2714.3288590402226, 2165.957728231338
588.0894384384155, 2714.3288590402226, 2165.957728231338
588.6095161437988, 2714.3288590402226, 2165.957728231338
589.0972118377686, 2714.3288590402226, 2165.957728231338
589.5977454185486, 2714.3288590402226, 2165.957728231338
590.209635257721, 2719.6037890000725, 2166.8043838512
590.6138129234314, 2719.6037890000725, 2166.8043838512
591.0965101718903, 2719.6037890000725, 2166.8043838512
591.5930328369141, 2719.6037890000725, 2166.8043838512
592.0901801586151, 2719.6037890000725, 2166.8043838512
592.7122709751129, 2719.868338292576, 2167.2757586605717
593.1002297401428, 2719.868338292576, 2167.2757586605717
593.7110397815704, 2719.548290186953, 2167.0743075767227
594.0899887084961, 2719.548290186953, 2167.0743075767227
594.5976750850677, 2719.548290186953, 2167.0743075767227
595.0958588123322, 2719.548290186953, 2167.0743075767227
595.7141470909119, 2718.702726690164, 2167.6037578157275
596.2178151607513, 2718.9962227806923, 2166.655519971633
596.7255737781525, 2720.7178557361594, 2167.3703952704914
597.2239511013031, 2719.1227138991326, 2166.925554561231
597.5949156284332, 2719.1227138991326, 2166.925554561231
598.0881974697113, 2719.1227138991326, 2166.925554561231
598.7301344871521, 2720.8469585298126, 2173.5662692749306
599.0951902866364, 2720.8469585298126, 2173.5662692749306
599.5993218421936, 2720.8469585298126, 2173.5662692749306
600.2107467651367, 2719.025256662665, 2167.4584089678874
600.5897567272186, 2719.025256662665, 2167.4584089678874
601.0933842658997, 2719.025256662665, 2167.4584089678874
601.587087392807, 2719.025256662665, 2167.4584089678874
602.2098338603973, 2720.3305469044667, 2166.3830149431883
602.5977935791016, 2720.3305469044667, 2166.3830149431883
603.0978214740753, 2720.3305469044667, 2166.3830149431883
603.5934941768646, 2720.3305469044667, 2166.3830149431883
604.0973765850067, 2720.3305469044667, 2166.3830149431883
604.7120478153229, 2719.278051506006, 2167.002027441353
605.092031955719, 2719.278051506006, 2167.002027441353
605.5926911830902, 2719.278051506006, 2167.002027441353
606.2116487026215, 2719.7987270416193, 2167.5665984721477
606.5976150035858, 2719.7987270416193, 2167.5665984721477
607.2189517021179, 3180.2422470000033, 2218.1638281421956
607.7812061309814, 3940.580219109616, 2745.9489481483947
608.2546947002411, 2038.791621283726, 2801.5646690306185
608.7748277187347, 3357.435770489389, 2864.447450220376
609.2906942367554, 1928.9941537932793, 1967.0407150525698
609.6696796417236, 1928.9941537932793, 1967.0407150525698
610.1733329296112, 1928.9941537932793, 1967.0407150525698
610.6676621437073, 1928.9941537932793, 1967.0407150525698
611.1726427078247, 1928.9941537932793, 1967.0407150525698
611.6683158874512, 1928.9941537932793, 1967.0407150525698
612.1639904975891, 1928.9941537932793, 1967.0407150525698
612.6656465530396, 1928.9941537932793, 1967.0407150525698
613.1648797988892, 1928.9941537932793, 1967.0407150525698
613.783365726471, 2403.8638653259645, 2795.6704673987047
614.1633214950562, 2403.8638653259645, 2795.6704673987047
614.6573829650879, 2403.8638653259645, 2795.6704673987047
615.2036688327789, 2719.787936557109, 2167.466449657788
615.7242746353149, 2719.579463131001, 2167.1332637713854
616.1012654304504, 2719.579463131001, 2167.1332637713854
616.5925228595734, 2719.579463131001, 2167.1332637713854
617.0854535102844, 2719.579463131001, 2167.1332637713854
617.7214148044586, 2719.3016843097025, 2167.4889394625366
618.0939376354218, 2719.3016843097025, 2167.4889394625366
618.7272424697876, 2719.8404134862812, 2167.3664527633023
619.2141048908234, 2719.4101775317863, 2167.6935500115583
619.5910954475403, 2719.4101775317863, 2167.6935500115583
620.0998063087463, 2719.4101775317863, 2167.6935500115583
620.7221684455872, 2719.547654105351, 2166.9203024977423
621.0921769142151, 2719.547654105351, 2166.9203024977423
621.592066526413, 2719.547654105351, 2166.9203024977423
622.0879952907562, 2719.547654105351, 2166.9203024977423
622.7214529514313, 2719.10318069179, 2167.3736661231037
623.0884020328522, 2719.10318069179, 2167.3736661231037
623.7237012386322, 2720.302458489267, 2167.248595478344
624.2273807525635, 2720.6185902167795, 2167.219650454793
624.589349269867, 2720.6185902167795, 2167.219650454793
625.0889763832092, 2720.6185902167795, 2167.219650454793
625.6024601459503, 2720.6185902167795, 2167.219650454793
626.1001269817352, 2720.6185902167795, 2167.219650454793
626.7217669487, 2719.8149312290966, 2167.066947763806
627.0848388671875, 2719.8149312290966, 2167.066947763806
627.602751493454, 2719.8149312290966, 2167.066947763806
628.0954723358154, 2719.8149312290966, 2167.066947763806
628.7131545543671, 2721.679928072344, 2166.9102125768527
629.1001183986664, 2721.679928072344, 2166.9102125768527
629.6131730079651, 2721.679928072344, 2166.9102125768527
630.1056652069092, 2721.679928072344, 2166.9102125768527
630.7301769256592, 2719.436844064356, 2081.8845389023377
631.1052122116089, 2719.436844064356, 2081.8845389023377
631.6169204711914, 2719.436844064356, 2081.8845389023377
632.110164642334, 2719.436844064356, 2081.8845389023377
632.6034917831421, 2719.436844064356, 2081.8845389023377
633.1051497459412, 2719.436844064356, 2081.8845389023377
633.6196532249451, 2719.436844064356, 2081.8845389023377
634.1123464107513, 2719.436844064356, 2081.8845389023377
634.6051938533783, 2719.436844064356, 2081.8845389023377
635.241491317749, 2731.660205665224, 2984.1555318041887
635.6184813976288, 2731.660205665224, 2984.1555318041887
636.255776643753, 2751.823874235725, 2859.553011259905
636.7803716659546, 3152.0636328124683, 2487.5806051499962
637.1343171596527, 3152.0636328124683, 2487.5806051499962
637.614673614502, 3152.0636328124683, 2487.5806051499962
638.2322256565094, 2909.6695058993114, 2562.782182798198
638.7540421485901, 2771.7691108706927, 2561.139914184519
639.2945945262909, 2759.7753928163697, -581.7186355255401
639.6355113983154, 2759.7753928163697, -581.7186355255401
640.1481645107269, 2759.7753928163697, -581.7186355255401
640.6395924091339, 2759.7753928163697, -581.7186355255401
641.1366169452667, 2759.7753928163697, -581.7186355255401
641.7448635101318, 2932.7212667905665, 2540.930725501183
642.1150658130646, 2932.7212667905665, 2540.930725501183
642.6164622306824, 2932.7212667905665, 2540.930725501183
643.1118097305298, 2932.7212667905665, 2540.930725501183
643.7334897518158, 2808.3821572706024, 2549.8485190180913
644.2236173152924, 2804.476780043386, 2570.600220747866
644.6056232452393, 2804.476780043386, 2570.600220747866
645.1062550544739, 2804.476780043386, 2570.600220747866
645.6099553108215, 2804.476780043386, 2570.600220747866
646.2203447818756, 2772.820466348072, 2540.092592190114
646.6212720870972, 2772.820466348072, 2540.092592190114
647.2292127609253, 2896.5854727878236, 2351.2531836532153
647.6214325428009, 2896.5854727878236, 2351.2531836532153
648.1134829521179, 2896.5854727878236, 2351.2531836532153
648.8026392459869, 3588.3402335308165, 2946.9502924313474
649.2919895648956, 2003.9678330475074, 2466.1237840739423
649.6724128723145, 2003.9678330475074, 2466.1237840739423
650.2208285331726, 2003.9678330475074, 2466.1237840739423
650.6796016693115, 2003.9678330475074, 2466.1237840739423
651.1935184001923, 2003.9678330475074, 2466.1237840739423
651.6696181297302, 2003.9678330475074, 2466.1237840739423
652.1770288944244, 2003.9678330475074, 2466.1237840739423
652.7425150871277, 2901.983319021828, 2529.599423683824
653.2803246974945, 2932.7345173905746, 2552.514984000207
653.7579822540283, 2866.3431898828176, 2581.839536156474
654.1861119270325, 2866.3431898828176, 2581.839536156474
654.6266112327576, 2866.3431898828176, 2581.839536156474
655.1655716896057, 2866.3431898828176, 2581.839536156474
655.6291174888611, 2866.3431898828176, 2581.839536156474
656.1243386268616, 2866.3431898828176, 2581.839536156474
656.6281485557556, 2866.3431898828176, 2581.839536156474
657.3063328266144, 3952.567514516444, 2649.3845135894608
657.6954431533813, 3952.567514516444, 2649.3845135894608
658.209832906723, 3952.567514516444, 2649.3845135894608
658.6825728416443, 3952.567514516444, 2649.3845135894608
659.2251205444336, 3952.567514516444, 2649.3845135894608
659.6978805065155, 3952.567514516444, 2649.3845135894608
660.1895694732666, 3952.567514516444, 2649.3845135894608
660.7550587654114, 2936.3992525021686, 2539.829839721503
661.1328008174896, 2936.3992525021686, 2539.829839721503
661.6230838298798, 2936.3992525021686, 2539.829839721503
662.1460654735565, 2936.3992525021686, 2539.829839721503
662.6253752708435, 2936.3992525021686, 2539.829839721503
663.269781589508, 2922.674740864937, 2615.83841704368
663.7816874980927, 2773.395079872702, 2391.0202214122114
664.3181722164154, 2043.7924707934567, 1782.2231908159843
664.7512967586517, 2963.8687815770118, 2589.301820713801
665.1324255466461, 2963.8687815770118, 2589.301820713801
665.631875038147, 2963.8687815770118, 2589.301820713801
666.1245555877686, 2963.8687815770118, 2589.301820713801
666.6272094249725, 2963.8687815770118, 2589.301820713801
667.2395732402802, 2789.8291656088318, 2573.3722722125485
667.7691543102264, 2946.705907745043, 2624.991165475965
668.2688388824463, 2712.9874076513665, 2716.471767958194
668.7644953727722, 2738.4322808978627, 2366.6706471875104
669.1694111824036, 2738.4322808978627, 2366.6706471875104
669.617609500885, 2738.4322808978627, 2366.6706471875104
670.2696154117584, 2583.5219450751447, 2746.8988525138107
670.6389479637146, 2583.5219450751447, 2746.8988525138107
671.1408801078796, 2583.5219450751447, 2746.8988525138107
672.3576233386993, 105.91313779259318, -11263.33042017123
672.7086851596832, 105.91313779259318, -11263.33042017123
673.2392637729645, 105.91313779259318, -11263.33042017123
673.7848043441772, 3391.291354929166, 1691.2236580872072
674.1867289543152, 3391.291354929166, 1691.2236580872072
674.8084909915924, 27502.77343648764, 1295.4772436576195
675.1794984340668, 27502.77343648764, 1295.4772436576195
675.7482676506042, 2834.74572627706, 2199.090966822255
676.1372561454773, 2834.74572627706, 2199.090966822255
676.6257247924805, 2834.74572627706, 2199.090966822255
677.1313424110413, 2834.74572627706, 2199.090966822255
677.6399810314178, 2834.74572627706, 2199.090966822255
678.1366529464722, 2834.74572627706, 2199.090966822255
678.6375980377197, 2834.74572627706, 2199.090966822255
679.1702103614807, 2834.74572627706, 2199.090966822255
679.7379684448242, 2728.3595162925935, 2141.9788985685254
680.3473358154297, 3732.66518582045, 1662.567982808375
680.7253246307373, 3732.66518582045, 1662.567982808375
681.2190027236938, 3732.66518582045, 1662.567982808375
681.7266438007355, 3732.66518582045, 1662.567982808375
682.227303981781, 3732.66518582045, 1662.567982808375
682.7215442657471, 3732.66518582045, 1662.567982808375
683.2570955753326, 2728.723773428629, 2839.982825742052
683.6302213668823, 2728.723773428629, 2839.982825742052
684.2253043651581, 2728.723773428629, 2839.982825742052
684.7384676933289, 2727.9322717243413, 2927.3594823441667
685.3595154285431, 2726.074407291256, 2926.7548308575497
685.6184146404266, 2726.074407291256, 2926.7548308575497
686.1250927448273, 2726.074407291256, 2926.7548308575497
686.7450590133667, 2727.7048092465366, 2932.3964135436877
687.1312625408173, 2727.7048092465366, 2932.3964135436877
687.6233313083649, 2727.7048092465366, 2932.3964135436877
688.1302950382233, 2727.7048092465366, 2932.3964135436877
688.6246976852417, 2727.7048092465366, 2932.3964135436877
689.129346370697, 2727.7048092465366, 2932.3964135436877
689.6229696273804, 2727.7048092465366, 2932.3964135436877
690.1166207790375, 2727.7048092465366, 2932.3964135436877
690.6249475479126, 2727.7048092465366, 2932.3964135436877
691.3556625843048, 179.33198743843494, 2607.329904929761
691.7538583278656, 179.33198743843494, 2607.329904929761
692.2860200405121, 179.33198743843494, 2607.329904929761
692.8080418109894, 2359.9196225761375, 2746.668950953028
693.2348682880402, 2359.9196225761375, 2746.668950953028
693.7469296455383, 2718.408275997747, 2937.1637688826804
694.1259155273438, 2718.408275997747, 2937.1637688826804
694.647711277008, 2718.408275997747, 2937.1637688826804
695.127268075943, 2718.408275997747, 2937.1637688826804
695.6266059875488, 2718.408275997747, 2937.1637688826804
696.1255588531494, 2718.408275997747, 2937.1637688826804
696.7431135177612, 2722.3163432604665, 2935.891392437869
697.2517528533936, 2719.173384974183, 2935.422767958078
697.6309425830841, 2719.173384974183, 2935.422767958078
698.1400485038757, 2719.173384974183, 2935.422767958078
698.6297733783722, 2719.173384974183, 2935.422767958078
699.2311594486237, 2721.625053494797, 2935.665961397227
699.6424474716187, 2721.625053494797, 2935.665961397227
700.1259007453918, 2721.625053494797, 2935.665961397227
700.617518901825, 2721.625053494797, 2935.665961397227
701.156947851181, 2721.625053494797, 2935.665961397227
701.6235966682434, 2721.625053494797, 2935.665961397227
702.132238149643, 2721.625053494797, 2935.665961397227
702.7417595386505, 2716.885229878803, 2935.5909680692193
703.1616365909576, 2716.885229878803, 2935.5909680692193
703.618451833725, 2716.885229878803, 2935.5909680692193
704.241863489151, 2723.7883245915064, 2934.941696736177
704.6260964870453, 2723.7883245915064, 2934.941696736177
705.2404520511627, 2721.030571780889, 2934.907416806894
705.7441034317017, 2720.520323040737, 2936.493923834159
706.310587644577, 2715.0105704026682, 2954.2843318551936
706.6436285972595, 2715.0105704026682, 2954.2843318551936
707.1402978897095, 2715.0105704026682, 2954.2843318551936
707.6310904026031, 2715.0105704026682, 2954.2843318551936
708.1491596698761, 2715.0105704026682, 2954.2843318551936
708.7622809410095, 2716.281211539897, 2935.2384872862335
709.2486712932587, 2722.84545580442, 2934.518348491612
709.7712309360504, 2719.726055087386, 2934.7298902708444
710.26092004776, 2722.57466558496, 2934.9061852556383
710.762392282486, 2719.2897584856073, 2934.7073426486545
711.2511193752289, 2726.5034179961435, 2932.706292635093
711.6310729980469, 2726.5034179961435, 2932.706292635093
712.1415734291077, 2726.5034179961435, 2932.706292635093
712.639643907547, 2726.5034179961435, 2932.706292635093
713.159462928772, 2726.5034179961435, 2932.706292635093
713.6341919898987, 2726.5034179961435, 2932.706292635093
714.149183511734, 2726.5034179961435, 2932.706292635093
714.6370182037354, 2726.5034179961435, 2932.706292635093
715.160101890564, 2726.5034179961435, 2932.706292635093
715.7583565711975, 2721.839039080899, 2934.986378512276
716.1363456249237, 2721.839039080899, 2934.986378512276
716.6632227897644, 2721.839039080899, 2934.986378512276
717.1334161758423, 2721.839039080899, 2934.986378512276
717.7592225074768, 2718.1777302227592, 2934.088887636725
718.1584525108337, 2718.1777302227592, 2934.088887636725
718.7648296356201, 2722.6624585651903, 2935.169765868034
719.254518032074, 2720.625333675402, 2935.1414486358663
719.6368005275726, 2720.625333675402, 2935.1414486358663
720.1347677707672, 2720.625333675402, 2935.1414486358663
720.7550518512726, 2718.8577972770636, 2934.6582658516068
721.1360993385315, 2718.8577972770636, 2934.6582658516068
721.6477363109589, 2718.8577972770636, 2934.6582658516068
722.1384243965149, 2718.8577972770636, 2934.6582658516068
722.6321032047272, 2718.8577972770636, 2934.6582658516068
723.1690266132355, 2718.8577972770636, 2934.6582658516068
723.6459577083588, 2718.8577972770636, 2934.6582658516068
724.3119349479675, 2722.4963429713216, 2935.3937155859294
