time, x0, y0, x1, y1...
2.60371732711792, 1690.6123296385283, 1857.9799253818633
3.114396095275879, 1690.7950328605773, 1857.8063312486943
3.4994759559631348, 1690.7950328605773, 1857.8063312486943
4.162797212600708, 1691.0586120667303, 1857.8141830404234
4.63960862159729, 1691.5762461794338, 1857.7491198310627
5.167203664779663, 1691.8880164651416, 1858.1582168429054
5.535215139389038, 1691.8880164651416, 1858.1582168429054
6.1717529296875, 1692.238177681415, 1858.4156399264532
6.668505668640137, 1692.4404237378951, 1857.8971064613563
7.207201242446899, 1692.826923030593, 1857.8184845036672
7.709942579269409, 1693.452158529582, 1857.5101599796167
8.232781887054443, 1693.3698665997065, 1858.057750094102
8.695714473724365, 1694.118632715687, 1857.7424049469548
9.22728681564331, 1693.9423648067484, 1857.7568933081086
9.294107913970947, 1693.9423648067484, 1857.7568933081086
9.696027278900146, 1694.3406313063565, 1857.9469266255633
10.101019382476807, 1694.3406313063565, 1857.9469266255633
10.706557273864746, 1694.914788024942, 1858.2582457189055
11.22523045539856, 1695.332298737872, 1858.0710494082123
11.711050510406494, 1694.9234937592796, 1857.209942345659
12.245824575424194, 1695.944896119986, 1857.536489369606
12.710628271102905, 1695.5778475466718, 1856.4489069156539
13.250321865081787, 1696.018661913557, 1856.6669270940574
13.712215185165405, 1696.2166317630713, 1856.8787698351634
14.25001573562622, 1696.6176875731896, 1856.8505975573692
14.734863758087158, 1696.523980177884, 1857.060013466925
15.258580684661865, 1696.7378466076548, 1857.0887456416963
15.72938871383667, 1696.890283439002, 1857.024586644888
16.257035732269287, 1696.9628919967877, 1857.1433642215052
16.617141485214233, 1696.9628919967877, 1857.1433642215052
17.27442979812622, 1697.1879660376098, 1857.0114258726765
17.765177488327026, 1697.5066538494857, 1857.1513063675457
18.270979166030884, 1697.34605148497, 1857.0474269914837
18.74975275993347, 1697.615023504956, 1857.1580065224132
19.274492740631104, 1697.701578799506, 1856.9416352195594
19.75542712211609, 1697.6746114471682, 1856.8551584984773
20.27621078491211, 1697.3026569673248, 1856.501292554521
20.741007328033447, 1697.8194997464589, 1856.4860698516964
21.271710872650146, 1697.653901095196, 1856.9551579071372
21.74552345275879, 1698.001851334125, 1857.0352944993565
22.278093576431274, 1697.5059206117874, 1856.6892672177858
22.77385449409485, 1698.0101684904191, 1856.9418491002136
23.16389751434326, 1698.0101684904191, 1856.9418491002136
23.767447471618652, 1697.5924958101136, 1857.0981840587033
24.27124047279358, 1697.198695689437, 1856.3826642386036
24.78186869621277, 1697.083904459958, 1856.6286206238804
25.305662393569946, 1696.9548367231284, 1857.1808654763036
25.777440071105957, 1696.3655403618568, 1857.128737198862
26.298176288604736, 1696.4188392247531, 1856.693404687338
26.814884424209595, 1696.0535502592522, 1856.975109055197
27.315642595291138, 1695.812176440545, 1856.922554404205
27.704757928848267, 1695.812176440545, 1856.922554404205
28.3153555393219, 1695.4172375479714, 1856.808451700904
28.8390212059021, 1695.4001265060433, 1856.1538829521282
29.208158493041992, 1695.4001265060433, 1856.1538829521282
29.82598328590393, 1695.0054195420764, 1855.132705713586
30.22200632095337, 1695.0054195420764, 1855.132705713586
30.84754180908203, 1693.8422248215754, 1855.84973196098
31.229641437530518, 1693.8422248215754, 1855.84973196098
31.86199450492859, 1694.1670615667283, 1856.3840745649031
32.351808309555054, 1693.4958683689122, 1856.2527599175241
32.85053586959839, 1693.013906326572, 1856.4917447870478
33.35031867027283, 1692.4943204782544, 1856.3659559235248
33.86410045623779, 1692.4779566179095, 1856.705106712248
34.23918318748474, 1692.4779566179095, 1856.705106712248
34.864715814590454, 1690.5233962620032, 1854.0309579346238
35.41423940658569, 1692.3420153730322, 1852.3934801197233
35.875998735427856, 1692.9893642919817, 1850.5614269214582
36.27093744277954, 1692.9893642919817, 1850.5614269214582
36.88329195976257, 1691.624006608004, 1851.7393525833088
37.38594198226929, 1691.4754544325692, 1852.751958726339
37.89070916175842, 1688.9931924425707, 1846.3265184552297
38.27572321891785, 1688.9931924425707, 1846.3265184552297
38.90514254570007, 1691.4492816662887, 1833.8512125814593
39.288193464279175, 1691.4492816662887, 1833.8512125814593
39.9236102104187, 1683.374888464936, 1828.3812090186777
40.426268577575684, 1681.0674645724207, 1828.7600172284444
40.93797779083252, 1680.8666006244644, 1828.9666513119532
41.45370268821716, 1690.2137771773826, 1831.2917692301253
41.9514262676239, 1691.5780909029504, 1833.394822187406
42.45706844329834, 1685.467126253348, 1835.5255104811272
42.97368502616882, 1696.9229022648808, 1833.3902681006107
43.472519874572754, 1689.0798116368003, 1827.8856657135395
43.998291969299316, 1688.947604258048, 1829.0378824460256
44.48993158340454, 1689.1732457165654, 1830.1347212661265
45.0205979347229, 1689.0529089931363, 1830.0317960987086
45.491363286972046, 1689.3876363378233, 1830.7549400726673
45.99500775337219, 1689.6790180058283, 1830.0312795141404
46.49065017700195, 1684.0767214576927, 1824.7160508519246
47.01145267486572, 1673.7526124428607, 1812.4849859935944
47.52607727050781, 1673.5478651132028, 1815.788993197168
47.90408706665039, 1673.5478651132028, 1815.788993197168
48.52756404876709, 1700.8924798996525, 1869.9651148983678
48.9145565032959, 1700.8924798996525, 1869.9651148983678
49.54007172584534, 1712.2204948796957, 1888.8854085186063
49.94110441207886, 1712.2204948796957, 1888.8854085186063
50.5715970993042, 1712.1151701808433, 1890.3940932399228
51.11326360702515, 1711.8140535542714, 1890.2727286648928
51.58704423904419, 1711.0990269322012, 1889.0162322931164
51.96431016921997, 1711.0990269322012, 1889.0162322931164
52.45816946029663, 1711.0990269322012, 1889.0162322931164
53.06959414482117, 1709.3095011057185, 1890.7966423145945
53.580342531204224, 1708.2808119081503, 1892.3621551702704
54.08806657791138, 1709.1730688130463, 1894.4877578285639
54.46511673927307, 1709.1730688130463, 1894.4877578285639
55.08085775375366, 1711.6947305562385, 1892.3728604253565
55.45801329612732, 1711.6947305562385, 1892.3728604253565
56.09149384498596, 1708.2425377734758, 1895.879633483644
56.59720969200134, 1707.294840619486, 1899.4120790591494
57.10602378845215, 1711.6270023160794, 1900.699422150467
57.58880352973938, 1710.1026891559088, 1895.180849944958
58.09856677055359, 1710.6156682691503, 1896.6710039828688
58.592307567596436, 1710.0189154113732, 1896.631919492522
59.100991010665894, 1710.506778681795, 1897.4600020709886
59.60976982116699, 1710.553002359767, 1897.2642078674319
60.13457703590393, 1710.0798597467247, 1897.116254282626
60.52161169052124, 1710.0798597467247, 1897.116254282626
61.15508198738098, 1710.2986388435497, 1896.780861543789
61.65075731277466, 1710.3891909570684, 1897.1278446627919
62.22126030921936, 1710.263291715905, 1897.3405465373353
62.68208622932434, 1710.4756722253792, 1897.4626627266655
63.23084235191345, 1710.6222031652742, 1897.2766530733004
63.69770550727844, 1710.6653797375843, 1897.4176744357903
64.22741842269897, 1710.4953860397206, 1897.5171165740257
64.69421601295471, 1710.574758378342, 1897.4921272573124
65.22996234893799, 1710.87671225008, 1897.0473029663863
65.70977902412415, 1711.0807942279762, 1897.0943556087725
66.2284984588623, 1711.3153703665741, 1897.1232998222067
66.70738220214844, 1710.816091272995, 1897.105501681948
67.10445308685303, 1710.816091272995, 1897.105501681948
67.70683288574219, 1711.1881123627334, 1897.1450801673755
68.2315320968628, 1711.3677575032875, 1897.2045351379822
68.70736861228943, 1711.3799841039115, 1897.3138780532518
69.24602580070496, 1711.296565011374, 1897.3061659895338
69.72578477859497, 1711.8016298590196, 1897.4610710386994
70.25641870498657, 1711.500798164276, 1897.4366843002038
70.72822380065918, 1711.6355741238892, 1897.3759736613329
71.15316939353943, 1711.6355741238892, 1897.3759736613329
71.76070618629456, 1712.3095635786478, 1897.5293912240875
72.2695906162262, 1712.152425143063, 1897.312292186192
72.76226663589478, 1712.5476534221436, 1896.998558461721
73.28504395484924, 1712.9618150442175, 1897.3791038702432
73.7767858505249, 1713.017049702602, 1897.5609880471761
74.28947496414185, 1713.4590296013637, 1897.448268538865
74.7703275680542, 1713.357453242314, 1897.5853791003447
75.18037557601929, 1713.357453242314, 1897.5853791003447
75.7908866405487, 1713.4565919125455, 1897.3327163475708
76.2995777130127, 1714.1283726017816, 1897.6902042338388
76.8093752861023, 1714.0697441667053, 1897.392665738646
77.31402039527893, 1713.9867806426194, 1897.352910159084
77.80683088302612, 1714.195314798958, 1897.4988417360264
78.3175208568573, 1713.4446825734917, 1897.6255727438609
78.83118152618408, 1715.819626425907, 1897.4133691259303
79.33892011642456, 1714.9495046827085, 1897.3504016858212
79.72801876068115, 1714.9495046827085, 1897.3504016858212
80.37154746055603, 1715.0098796846876, 1897.9622621353938
80.85041403770447, 1715.0881794769718, 1897.3311564807814
81.36611580848694, 1715.2006073761343, 1897.250717416813
81.88086295127869, 1715.2754022431834, 1897.8653989633278
82.29582667350769, 1715.2754022431834, 1897.8653989633278
82.90930032730103, 1715.5911406712235, 1896.8074722850024
83.41899943351746, 1715.5242485426465, 1897.1202642091919
83.93168139457703, 1716.73776017488, 1896.8746440933703
84.42839121818542, 1715.7444303027025, 1897.5185919721027
84.94304537773132, 1715.782563275495, 1897.3541284764622
85.45667552947998, 1716.2406927054599, 1897.1365901047461
85.95243692398071, 1716.214592188659, 1896.764043929434
86.45915269851685, 1715.322686094035, 1896.9278268982757
86.98995661735535, 1689.2076782720333, 1883.6823223378751
87.35998773574829, 1689.2076782720333, 1883.6823223378751
87.86472392082214, 1689.2076782720333, 1883.6823223378751
88.44726228713989, 1672.6456921331524, 1893.025070581727
88.83532333374023, 1672.6456921331524, 1893.025070581727
89.4478051662445, 1690.0175424453448, 1890.6565277093985
89.82987952232361, 1690.0175424453448, 1890.6565277093985
90.43940472602844, 1698.852940657332, 1890.1971250366337
90.9711709022522, 1701.1840801614903, 1891.306350676843
91.46990418434143, 1676.9890002293243, 1894.993355082339
91.96859765052795, 1672.8078253653562, 1895.4542999935554
92.3696300983429, 1672.8078253653562, 1895.4542999935554
93.00001955032349, 1699.9021572598056, 1896.674946443219
93.47784113883972, 1721.339040038261, 1897.6378346960746
93.97864961624146, 1647.8892807900966, 1900.7071497557436
94.47645235061646, 1641.0263154998422, 1901.2298358127682
94.98313736915588, 1672.349546431706, 1898.5389568498883
95.47980284690857, 1648.756663837798, 1902.9565526596962
95.87474179267883, 1648.756663837798, 1902.9565526596962
96.51801323890686, 1632.270034676004, 1901.9861052521987
97.00774025917053, 1631.1419330300134, 1902.9778106021276
97.5234227180481, 1631.0789710733004, 1902.9124347472682
98.03813219070435, 1631.6781471441147, 1902.9187321566294
98.5507264137268, 1631.4385968816412, 1902.6423970323362
99.04745554924011, 1631.7040188379021, 1902.6220876753544
99.56615829467773, 1632.9781534689482, 1902.2150855973828
100.08388018608093, 1636.0330369562898, 1901.8024544616999
100.57666349411011, 1639.546020847415, 1901.6125685304132
101.06752490997314, 1657.3493887929287, 1899.4581976321558
101.5742609500885, 1647.5433052444778, 1899.9707589364643
102.07605814933777, 1646.7732642830779, 1900.300877147318
102.584721326828, 1643.474156557136, 1900.894306396861
103.10642647743225, 1663.502627035533, 1899.3702306024115
103.59919905662537, 1645.815450601832, 1900.6907168184248
104.12192726135254, 1635.7297588709441, 1901.1585073529097
104.61073470115662, 1636.2028511217247, 1901.0955692575883
105.11842656135559, 1636.048254482952, 1900.9873689101992
105.60320973396301, 1636.2377430251076, 1900.6943414624734
106.14402842521667, 1635.9022330762816, 1900.8683028492399
106.62093377113342, 1631.5506124543929, 1901.055073937657
107.15460443496704, 1632.2478074363823, 1900.405498296751
107.6413950920105, 1631.3381339063303, 1900.5598718042477
108.04743456840515, 1631.3381339063303, 1900.5598718042477
108.64998459815979, 1632.2534767984296, 1900.3756147853403
109.17974615097046, 1639.1084375579665, 1901.231428566882
109.6764862537384, 1639.256027160132, 1903.5818026000154
110.25991868972778, 1640.9120175148284, 1907.544001206979
110.70771789550781, 1642.8308598653684, 1911.7883099324636
111.20139169692993, 1645.255554697824, 1913.3628203812284
111.66018772125244, 1645.7118420589866, 1914.1777805564807
112.19684386253357, 1645.7188318887581, 1914.0986892352212
112.68453431129456, 1645.6004590291107, 1914.7843321249072
113.22714018821716, 1645.9770758936434, 1915.3610589865427
113.74379515647888, 1646.079897559374, 1915.4627945691668
114.11393070220947, 1646.079897559374, 1915.4627945691668
114.72740292549133, 1646.2460733657188, 1916.9108067143081
115.2511236667633, 1646.3229384813321, 1916.6665450806431
115.77384448051453, 1646.2172263816599, 1916.6568954045426
116.42011570930481, 1225.9988582633039, 49.98644586418317
117.32887959480286, 155.4999999999434, 1881.70277784369
117.82265949249268, 2983.9999999990696, 2413.014860678114
118.53575134277344, 83.00007157456444, 256.00172995543045
119.29802584648132, 21.000806401221485, 20.0
119.77586817741394, 43.44170334241374, 1937.918603235706
120.28164267539978, 117.46625322782647, 1915.594474326349
120.76339983940125, 736.1166318703226, 1914.0965505049826
121.28917288780212, 1253.1352424621057, 1912.7219064346018
121.78192329406738, 1522.7215781826633, 1911.2261886422893
122.28967523574829, 1891.9217507155904, 1909.9728269369734
122.83628678321838, 1916.1735553241701, 1910.3128778492526
123.3180320262909, 1914.3710287626782, 1911.049213609859
123.77891159057617, 1911.985924533183, 1911.2860319685585
124.29667663574219, 1894.7772224681296, 1913.6165885183775
124.77644968032837, 1556.364122126918, 1913.3297345721805
125.2862114906311, 1544.839715413681, 1913.4178067543098
125.76516270637512, 1546.841439223784, 1913.7277326362537
126.28802680969238, 1551.8055078306404, 1914.8973557159047
126.78482842445374, 1950.3367048373557, 1923.9147430390628
127.28953528404236, 2068.1620266102573, 1936.2900964422433
127.6896300315857, 2068.1620266102573, 1936.2900964422433
128.1844940185547, 2068.1620266102573, 1936.2900964422433
128.6971778869629, 2068.1620266102573, 1936.2900964422433
129.3177239894867, 2706.456817754943, 1973.596158690551
129.85639834403992, 3125.1502506479223, 1990.3796229741536
130.34023213386536, 3546.376881378879, 2002.1321647163297
130.8469536304474, 3966.6176343872157, 2023.5946302457894
131.34173488616943, 3982.571095953935, 2020.9014570212078
131.85352683067322, -13455.657028876365, 2032.0428669205246
132.36233520507812, 3908.8799629007453, 2015.9198754445936
132.86006498336792, 4021.4183065343673, 2045.0934214947376
133.3498227596283, 2711.88625025386, 2050.617435634017
133.88244795799255, 1559.5204368909529, 2052.537896781964
134.3522744178772, 1073.6982491292079, 2053.9079794862923
134.87698006629944, 1109.0896813757681, 2057.3019168444935
135.35470843315125, 1124.633592531319, 2058.9422096416647
135.899512052536, 1188.7145508041049, 2059.235167257769
136.36335349082947, 3120.144255471767, 2021.6068779155805
136.86008977890015, 2939.2773972900222, 1994.337142877951
137.3598349094391, 2157.554218489612, 1969.6259011898849
137.858567237854, 2289.016076603612, 1958.0013139892505
138.25856399536133, 2289.016076603612, 1958.0013139892505
138.87210845947266, 2383.2587170585525, 1953.1966047495912
139.253178358078, 2383.2587170585525, 1953.1966047495912
139.87962889671326, 2763.7838061145767, 1907.7739399314494
140.39132380485535, 2907.643433366924, 1917.804304080577
140.897057056427, 3501.4239033679205, 1934.1248045397701
141.40981316566467, 3624.8876624031445, 1927.5380529025251
141.93870401382446, 3660.941621446976, 1926.9743874289773
142.4255292415619, 3651.2012194947115, 1926.749404285061
142.88837695121765, 3634.628999768075, 1927.1022113456947
143.40116477012634, 3558.679932168373, 1925.3111746096115
143.89691972732544, 3574.9709997527466, 1915.992974235159
144.40561485290527, 3468.222659409553, 1912.4127881215313
144.7986867427826, 3468.222659409553, 1912.4127881215313
145.3982012271881, 3017.2663857251546, 1902.0367015629683
145.89794063568115, 2811.7066627828353, 1898.410681665546
146.40759944915771, 2642.1381503294874, 1896.2864061215873
146.9143979549408, 2346.733892543609, 1891.5573198455163
147.42608523368835, 2277.996721824266, 1884.997450922811
147.92181420326233, 2548.1298880832933, 1876.2051485712695
148.45544242858887, 2576.911875027229, 1865.9375099081497
148.95631527900696, 2683.6645782722917, 1859.9146912085162
149.45600485801697, 2739.723566563886, 1853.5409140134236
149.87196230888367, 2739.723566563886, 1853.5409140134236
150.5123929977417, 2688.8420341173546, 1841.9399879864206
150.99017357826233, 2675.468306577371, 1838.5324434206789
151.49685072898865, 2643.8480869273803, 1837.1970123306444
152.01649022102356, 2454.30203386747, 1836.6894073066728
152.5293698310852, 2330.5133541952287, 1833.8212927025177
153.0241458415985, 2288.439443523251, 1833.0703308043185
153.54284644126892, 2312.4752259569937, 1824.3787117542
154.03861737251282, 2530.6523945857634, 1815.8465698430678
154.5493381023407, 2925.2929535300827, 1802.289450183652
155.0599663257599, 3254.707269616241, 1788.8795810349961
155.60350728034973, 3357.0675471361, 1782.5074342381156
156.1011700630188, 3362.9615298082485, 1775.5170733735702
156.61478972434998, 3384.408724577813, 1767.1730125565
157.10449981689453, 3491.5449455472312, 1758.9596875195248
157.59940004348755, 3528.9684126583156, 1747.1746499720555
158.11809921264648, 3685.1571192547353, 1743.896622430047
158.49515914916992, 3685.1571192547353, 1743.896622430047
159.10371899604797, 3720.238545553293, 1737.2454940862385
159.6183786392212, 3732.128423551216, 1734.5557351348036
160.11010217666626, 3686.3106392850364, 1731.7352729733236
160.60084414482117, 3676.42263944784, 1729.4791859712711
160.9859344959259, 3676.42263944784, 1729.4791859712711
161.60244584083557, 3730.299438167212, 1726.9450832810687
162.11208748817444, 3771.552652863002, 1723.9849527027015
162.6157398223877, 3771.4436827762916, 1723.0126941594388
163.12042045593262, 3946.3177297126704, 1731.991257068105
164.148775100708, 3983.8438896972607, 196.99821128411298
164.72932624816895, 2367.9885756210224, 67.99988955828636
165.1134328842163, 2367.9885756210224, 67.99988955828636
165.6401970386505, 3941.3362791417803, 1640.4272687243108
166.1669192314148, 1929.9993919002757, 1528.024649283443
166.6726541519165, 2000.3308275481502, 20.0
167.18239784240723, 3887.008487515675, 1667.7721401356762
167.69515109062195, 3947.274181970065, 1661.9768697965717
168.21284937858582, 3945.670131442537, 1662.3808763663326
168.64380955696106, 3639.964245681169, 1690.3012461874564
169.16961431503296, 3523.1329205350326, 1690.3386527462299
169.65637254714966, 3523.1096549340245, 1690.2862058916496
170.19511365890503, 3278.2147919790777, 1690.9339669542358
170.6480040550232, 3050.813744404891, 1691.3616314112428
171.18866991996765, 3042.012003076501, 1691.887303188544
171.68251180648804, 3078.033667770981, 1690.4789852614117
172.20616745948792, 3092.046955324606, 1689.4493421858292
172.69898056983948, 3097.735207795651, 1689.7598985264474
173.22069334983826, 3144.734714856497, 1690.568877336116
173.7334167957306, 3146.8869883813154, 1690.290354211151
174.23510360717773, 3165.3214557283045, 1690.0419930819644
174.70901155471802, 3217.4726369627106, 1689.51274042007
175.22870802879333, 3279.7456818897417, 1689.3291979332892
175.72555994987488, 3282.0817190549515, 1689.747889092551
176.25513768196106, 3284.7253329624286, 1688.7364682937773
176.763836145401, 3285.9872753192462, 1688.7827491879634
177.10994815826416, 3285.9872753192462, 1688.7827491879634
177.60766005516052, 3285.9872753192462, 1688.7827491879634
178.26598930358887, 3297.1669437183277, 1688.9995297990954
178.75776147842407, 3309.6265903042618, 1689.2667139243508
179.272469997406, 3296.1248887092224, 1689.484937591024
179.75333285331726, 3304.6278642219854, 1689.6628788309447
180.17524790763855, 3304.6278642219854, 1689.6628788309447
180.78970050811768, 3293.4291288355016, 1689.644730904339
181.2845299243927, 3292.3844696766637, 1689.5841897554558
181.82031178474426, 3292.9859763821223, 1689.5486969633723
182.18832802772522, 3292.9859763821223, 1689.5486969633723
182.8238034248352, 3292.9367003330703, 1689.4919458130455
183.31172895431519, 3293.729229541251, 1689.7263110330605
183.81238985061646, 3293.3595751149996, 1689.4738608970254
184.32921957969666, 3294.328367409833, 1689.6559975132711
184.8698832988739, 3294.3456443028067, 1689.4746593955122
185.34382438659668, 3294.577194874685, 1689.7028769293186
185.8705677986145, 3294.018152844412, 1689.160300246465
186.38031029701233, 3294.748565677871, 1689.2220437659964
186.87404561042786, 3295.646402748593, 1689.2134094904434
187.37569785118103, 3303.5642727826603, 1689.4500507324478
187.87937593460083, 3303.1269617727557, 1689.185898582038
188.38210678100586, 3303.2287320945725, 1689.2098529416437
188.92072534561157, 3303.5334803714063, 1688.9381886380993
189.40255975723267, 3303.7396630935973, 1689.77984476723
189.90537643432617, 3303.413150886245, 1689.047596962005
190.3981068134308, 3317.0717780707605, 1689.221114105666
190.91387677192688, 3586.9427730009384, 1688.4341715011515
191.59404921531677, 1056.6431322412552, 467.99979138684307
192.14362478256226, 37.010995709052, 123.00001462665122
192.68314576148987, 1062.9883686442904, 2651.006937124047
192.9913465976715, 20.0, 477.9976259384606
193.5618290901184, 3244.9819672751128, 87.00037224884584
193.98091006278992, 20.0, 20.0
194.6522126197815, 1666.993584211751, 913.0000262405767
195.019282579422, 1122.0309678036301, 938.9966054090279
195.5339388847351, 2547.019921795905, 2211.0215930028476
196.03564739227295, 2268.0149996820496, 313.9975026975752
196.53147435188293, 382.0189462059521, 1614.0231435419246
196.9554042816162, 382.0189462059521, 1614.0231435419246
197.57288718223572, 338.99637895911457, 211.99739828688556
198.1872365474701, 20.0, 42.01624887641181
198.53533697128296, 20.0, 873.9973788080877
199.05095553398132, 906.0029365797343, 1379.0228496447867
199.4599645137787, 906.0029365797343, 1379.0228496447867
200.0604178905487, 20.0, 20.0
200.5741126537323, 120.0012069263335, 1115.9742066765828
201.04989624023438, 20.0, 20.0
201.59557509422302, 2406.016232937237, 436.99281203596894
202.0713701248169, 2240.0224318941036, 20.0
202.62396693229675, 2355.0190958425383, 1033.0000364457296
203.15374040603638, 1995.0164834726684, 236.98434360069066
203.6394112110138, 1977.9979461803327, 131.99976869340912
204.131117105484, 2958.9855449189513, 334.98419013271
204.6228609085083, 3151.014764694533, 1141.0333819523025
205.14752912521362, 998.9835925621967, 949.983091743429
205.642254114151, 2072.996776659813, 288.98728058625784
206.0343897342682, 2072.996776659813, 288.98728058625784
206.62784695625305, 1736.01537458984, 1639.9874321701654
207.09072828292847, 20.0, 20.0
207.49179816246033, 20.0, 20.0
208.31382179260254, 146.98577008108222, 1017.9870535671133
208.633962392807, 2334.0018525105124, 2818.018995050653
209.15475153923035, 90.00091465757592, 589.0154470386753
209.5488760471344, 90.00091465757592, 589.0154470386753
210.18833708763123, 578.0011256289563, 1962.017266142049
210.70295548439026, 128.99963710717267, 20.0
211.2594838142395, 1983.9998050448694, 2049.000150597218
211.69658207893372, 2119.024864272456, 2056.0200401940624
212.24220252037048, 2522.012460630916, 2574.0194770492885
212.67409825325012, 388.00497616451617, 20.0
213.21369624137878, 2374.0447659886645, 289.99963459222386
213.829256772995, 3802.000308578246, 1482.0036148570557
214.26513361930847, 2625.999802871489, 20.0
214.72495341300964, 20.0, 573.9976548399538
215.44701385498047, 3140.0042272142487, 878.9971918846444
215.77413535118103, 2244.0182869318696, 286.9921255731832
216.29872584342957, 2238.006102529242, 573.9976060121701
216.8871750831604, 352.0000221863674, 682.000019787466
217.27015018463135, 352.0000221863674, 682.000019787466
217.71706700325012, 2474.019603284827, 20.0
218.29362869262695, 20.0, 285.98757683795185
219.3869411945343, 322.00416882805507, 2227.248454183913
220.23369884490967, 20.0, 1938.0188045858615
220.78232192993164, 373.9734486808394, 20.0
221.27899312973022, 456.99999176374473, 1597.999825310431
221.74583196640015, 1787.9991559867676, 289.99672754973034
222.42116904258728, 1448.028719485413, 532.0000268065539
222.77926349639893, 1596.9915253714546, 1681.021086587696
223.12745714187622, 1596.9915253714546, 1681.021086587696
223.7509891986847, 2801.0128192293987, 1229.02296135282
224.80823421478271, 1234.9797699291717, 374.007098681729
225.77295541763306, 701.9982548830283, 89.00024940403753
226.43228268623352, 67.98821702093247, 1499.999999985839
226.76536011695862, 2516.9999243381, 628.9992792174088
227.1663544178009, 2516.9999243381, 628.9992792174088
227.76884388923645, 1444.987448209265, 1253.0008358697585
228.28352642059326, 2663.9980535173017, 1084.997328473712
228.76235365867615, 863.9804457684428, 20.0
229.3260498046875, 1986.999068256833, 360.99936174318924
230.30753755569458, 826.0000198425564, 1874.0213176217353
230.80236959457397, 2270.9852409115324, 20.0
231.3300895690918, 3498.01197032566, 150.00033466660344
232.22980046272278, 3342.991222595499, 178.01405763362382
232.84629607200623, 3150.000000011468, 340.9903502831005
233.38799953460693, 271.00000000136026, 20.0
233.89080667495728, 2541.995042959419, 585.9755042220031
234.29676175117493, 2541.995042959419, 585.9755042220031
235.35209918022156, 28.649369665578682, 1527.3507710306737
235.76013851165771, 28.649369665578682, 1527.3507710306737
236.36571335792542, 8.731271259912653, 1631.4817085084687
236.8744204044342, -45.17327373927581, 1615.0535387006507
237.38811039924622, -1225.3296318983917, 20.0
237.86391758918762, 23.145416427376876, 1586.1034629971161
238.36577200889587, 1031.1370364397876, 1603.2008211363411
238.9023997783661, 1350.1385284774706, 1603.4476584518263
239.38914513587952, 2249.600337777331, 1599.4577894105262
239.88598918914795, 2183.0375548360057, 1596.980129601984
240.41763377189636, 2259.1364222794464, 1599.4969085031078
240.87854099273682, 2214.511552612613, 1597.4852922386797
241.41020917892456, 2193.2239250433, 1597.1043121682048
241.91390132904053, 2327.8616629028584, 1598.7654697691828
242.4325828552246, 2243.3149342397624, 1597.1689782872281
242.9064977169037, 2171.0761464801317, 1590.2901050366095
243.4201169013977, 1640.540319145685, 1544.6225833385226
243.92990255355835, 2356.9289225142356, 1590.521968830437
244.34087491035461, 2356.9289225142356, 1590.521968830437
244.96134448051453, 2305.8244113282212, 1590.6745941103734
245.45406341552734, 2309.6547509400652, 1590.484669435222
245.94482159614563, 2322.4439611220296, 1590.1568334260717
246.4565670490265, 2322.5959995600847, 1590.1659794772995
246.96125960350037, 2311.1174037702513, 1590.6244938494035
247.45304322242737, 2363.8751016219135, 1590.0538987883838
247.9678807258606, 2377.4410521524997, 1590.4263060035253
248.45570588111877, 2389.0943929884743, 1590.0611329865908
248.97833609580994, 2547.719768182743, 1590.4451636520457
249.36935758590698, 2547.719768182743, 1590.4451636520457
250.0007026195526, 2495.228280495251, 1590.8262085503047
250.4863977432251, 2562.8548064857173, 1588.6222753760921
250.99702620506287, 2562.245959599061, 1590.5571327879072
251.51064682006836, 2695.2593723837676, 1588.932735772107
251.97553706169128, 2735.2737770002755, 1588.8276793652647
252.47423696517944, 2714.4662696733976, 1588.5856179590066
252.98192739486694, 2726.888794961379, 1588.5527400860792
253.5006387233734, 2745.5841712687134, 1588.4381019707384
254.0243957042694, 2751.286764352487, 1588.1550219915139
254.52620697021484, 2739.542554454577, 1588.5685477781742
255.03394079208374, 2732.466786625232, 1588.5320729249916
255.54372715950012, 2540.914777764148, 1548.9023574623673
256.2269742488861, 3816.563505245571, 55.96013464214657
256.93013858795166, 3077.249954789454, 490.9946903150097
257.6772859096527, 2746.9114736733754, 84.67208849621889
258.74751353263855, 3339.991089149986, 289.0329304547769
259.13151955604553, 2771.0000000004325, 111.99968489212583
259.5136413574219, 2771.0000000004325, 111.99968489212583
260.11912417411804, 2427.019798190998, 627.0068961365578
260.8612036705017, 2344.0008468612923, 2372.024031476194
261.1444425582886, 2270.9707356739004, 20.0
261.8018627166748, 3094.0044975807355, 1929.0155764691028
262.1958167552948, 3094.0044975807355, 1929.0155764691028
262.8221905231476, 2711.9967352209173, 163.00002067461517
263.1353485584259, 2059.994020897469, 495.0134627929582
264.1958155632019, 3298.0, 621.9865723376332
264.8241693973541, 380.0028925780882, 545.9838384783645
265.17323184013367, 711.9821271302947, 307.9998192665713
265.67388796806335, 3162.0125666285403, 20.0
266.3970193862915, 54.996007210384846, 850.9810853053572
266.6662962436676, 1929.986244717467, 457.9983401567376
267.13811707496643, 20.0, 20.0
267.6478626728058, 340.9898011670692, 499.99964438354095
268.15564012527466, 2759.006261463095, 860.9980540935982
268.69225788116455, 3863.010797930115, 906.9802662395417
269.22488498687744, 1542.9621365832943, 20.0
269.6966848373413, 702.0062496456098, 1797.0064271620436
270.22344183921814, 849.9863909018677, 257.99941092092456
270.6783232688904, 20.0, 2444.014960102093
271.2019364833832, 2306.973699345226, 522.9993240217594
271.7027304172516, 2819.0154991555755, 20.0
272.3312156200409, 20.0, 1553.0020606725773
272.72126150131226, 2990.0123708815336, 821.9821912405095
273.1342749595642, 2990.0123708815336, 821.9821912405095
273.72181129455566, 1283.9808363106613, 120.9997248591959
274.25447726249695, 20.0, 1578.0201123043046
274.7562303543091, 814.9882495835856, 337.0000826402508
275.1691210269928, 814.9882495835856, 337.0000826402508
275.8851978778839, 3994.0039809254536, 693.997771835508
276.2950963973999, 537.97302259387, 1992.0188336339247
276.8924911022186, 2299.99183055967, 20.0
277.57465863227844, 213.99515237768088, 19.985181812883457
278.4764184951782, 2468.9999739768828, 46.01401773986624
278.8354539871216, 2419.997140447863, 348.99925875742616
279.94574642181396, 1693.9734027178743, 1051.9914168752152
280.2868354320526, 179.99998233889397, 620.9796904366806
280.7786078453064, 263.00110524383666, 20.0
281.46089482307434, 786.9899050136611, 1907.0149162580465
281.9475882053375, 1981.9760435175324, 58.00390007740367
282.3725001811981, 1981.9760435175324, 58.00390007740367
282.94006419181824, 3514.018169581409, 60.499999999999964
283.3659551143646, 2709.998238812395, 299.9903765001399
283.8327751159668, 2270.0190117474285, 525.9984596569835
284.3614344596863, 20.0, 1135.9771659516118
285.0186679363251, 982.0000653838457, 1147.0401949932657
285.3597526550293, 20.0, 181.99586908889148
286.65955543518066, 13.997119975132184, 86.99775826912543
287.53740334510803, 13.997119975132184, 86.99775826912543
287.8445842266083, 20.0, 20.0
288.51591634750366, 3191.0143019613133, 12.006695547563004
289.0006139278412, 892.9999863610466, 46.01340198921346
289.42454051971436, 815.9927337638267, 1232.9775889699322
289.9003417491913, 2238.006060052377, 194.00000096035834
290.51173877716064, 20.0, 630.0000202158623
290.8867919445038, 3151.014764694533, 239.9997212020916
291.3865497112274, 3422.0109033584195, 1989.0178483367183
291.93721890449524, 3248.500000011572, 2433.018135527337
292.33831763267517, 3248.500000011572, 2433.018135527337
292.90595626831055, 1044.00344406786, 1964.0123110048667
293.40062713623047, 20.0, 196.00007725240263
293.91233468055725, 2530.0187675437055, 20.0
294.6265287399292, 167.00011935866183, 290.0339644879555
294.93669533729553, 1216.985583637493, 277.00000941243997
295.6388144493103, 20.01576255245672, 126.99981585464036
296.13454031944275, 2486.0017244833275, 543.0000214586067
296.5534493923187, 2486.0017244833275, 543.0000214586067
296.9673435688019, 20.0, 84.00050237379989
297.5279142856598, 436.00511495865163, 630.9938900941262
297.916029214859, 436.00511495865163, 630.9938900941262
298.4975366592407, 2581.0186873426937, 133.99970047868177
298.9912929534912, 20.0, 272.9937247695583
299.5618360042572, 2031.0198945227496, 2465.000000000239
300.0066704750061, 2709.5000000080054, -7.937899243810772
300.5234022140503, 2634.9956133268597, 825.9829163265038
301.15572476387024, 152.00746761130063, 1734.0187772178076
301.60654497146606, 3404.0108392279108, 2271.018369654591
302.04539155960083, 2428.013480212275, 1114.030832003209
302.6019172668457, 1020.024641079555, 191.99625070843646
303.2053644657135, 1028.9999253725148, 2696.0043194798586
304.6067695617676, 2862.01261823686, 639.9603442450554
305.11144733428955, 337.9927321119415, 423.9988628846738
305.62207531929016, 20.0, 1411.0216966916
306.30840396881104, 3355.994894281483, 134.0016633771894
306.6504850387573, 3355.994894281483, 134.0016633771894
307.3696119785309, 2978.499999996308, 389.0000211526063
307.71568298339844, 3296.011743957961, 255.9899630633704
308.3090891838074, 1105.9755656209966, 162.98451534517068
308.64817786216736, 20.0, 1700.024919210572
309.3632574081421, 2388.999992328938, 454.98650065196034
309.663507938385, 2011.849967181429, 20.0
310.21003913879395, 3171.013311402202, 20.0
310.7735311985016, 3343.0115190914385, 1062.9869439968347
311.2553265094757, 1262.9993711259976, 20.0
311.72414112091064, 2216.0248526173823, 50.99919485688707
312.2398536205292, 3458.010533065424, 2500.0196836571126
312.8891181945801, 36.013042597732834, 622.9977712715422
313.2132475376129, 109.99407087686187, 848.0159114604286
313.7169396877289, 1991.9993362889422, 80.9921647935576
314.8432788848877, 3015.998972409017, 441.9895228606753
315.2552111148834, 2038.0189282303809, 1046.985151200274
316.2617654800415, 2458.014764872113, 20.0
316.7504949569702, 1473.9689358621797, 20.0
317.1624641418457, 1473.9689358621797, 20.0
317.8227972984314, 1769.9903033417963, 1796.9989857987796
318.35536670684814, 3203.989997551031, 20.0
318.96781826019287, 2439.01363061374, 532.0136596479158
319.36477613449097, 1782.9992289322315, 2249.018363692876
319.80368542671204, 20.0, 378.99922962423886
320.49186515808105, 20.0, 295.98569355045305
320.82303166389465, 800.0013295047163, 1797.0213102687514
321.33469700813293, 1167.9851931487126, 20.0
321.8194854259491, 20.0, 20.0
322.52961802482605, 763.9881322000139, 185.99897499110588
322.8188409805298, 2711.014303426801, 660.9842060716722
323.3624815940857, 319.99269673322783, 1208.9999999988913
323.72757029533386, 319.99269673322783, 1208.9999999988913
324.48368740081787, 771.9958249503869, 626.0000078641198
324.9574453830719, 1272.9914395312487, 904.987901209755
325.4122486114502, 2584.0004544348553, 1230.011313376663
325.7732789516449, 2584.0004544348553, 1230.011313376663
326.34285831451416, 882.9886888635799, 966.9736282413588
326.8046844005585, 2767.998008336288, 20.0
328.41861510276794, 2564.9854925509994, 2122.000000024713
328.82487440109253, 417.02618080377044, 1239.9570073820637
329.5574896335602, 1203.000642324111, 1846.9996754023223
329.84471917152405, 271.9998487652517, 20.0
330.36011004447937, 20.0, 1741.010081435107
330.85022377967834, 2323.01584806252, 333.9999978136323
331.41912364959717, 596.0001448543004, 2470.0125918109557
331.8540771007538, 20.0, 1630.0194508756506
332.253538608551, 20.0, 1630.0194508756506
333.01926469802856, 3955.9905529359585, 1744.0000000059242
333.4020187854767, 3955.9905529359585, 1744.0000000059242
333.86177825927734, 3953.029110341565, 20.0
334.375527381897, 51.985648433043224, 151.9996490328684
334.7826497554779, 51.985648433043224, 151.9996490328684
335.27432918548584, 51.985648433043224, 151.9996490328684
335.8068985939026, 51.985648433043224, 151.9996490328684
336.54092741012573, 1881.0209227807118, 216.0126001931084
336.91281056404114, 463.9906151976469, 2503.015318007776
337.3804180622101, 3006.014779698568, 20.0
337.89543318748474, 3467.0103638345604, 20.0
338.55859112739563, 42.01015636804974, 20.0
338.9408938884735, 42.01015636804974, 20.0
339.4250409603119, 311.00005916170744, 817.9977112148152
339.8773503303528, 2458.0128799308586, 20.0
340.5865697860718, 2552.003397279715, 885.9989490415668
340.97999572753906, 2552.003397279715, 885.9989490415668
341.4403440952301, 689.9851083062259, 2343.0196760568037
342.0238265991211, 3520.997159712714, 2566.014516660112
342.41528511047363, 2980.014159340294, 930.9969314016356
342.8162512779236, 2980.014159340294, 930.9969314016356
343.3170440196991, 2980.014159340294, 930.9969314016356
344.0050392150879, 20.0, 2954.004712105484
344.43452882766724, 1822.0099345962142, 508.9861889875375
345.5354769229889, 2518.017907550427, 141.99905041785533
345.9672157764435, 2899.0008167679352, 203.99969303140296
346.4476897716522, 2575.0152757543483, 520.000099343857
347.1744191646576, 2320.9984528456334, 2969.0118338122707
347.43525743484497, 1696.0003254063274, 942.9836924556109
348.11759638786316, 1756.0005130689783, 87.99994302070766
348.4644386768341, 20.0, 20.0
348.82273530960083, 20.0, 20.0
349.4440360069275, 20.0, 2045.0222655923221
350.02976965904236, 1105.9994729882296, 96.50000001537568
350.3863596916199, 1105.9994729882296, 96.50000001537568
350.97797751426697, 3432.00000000015, 1345.023887624923
351.6652808189392, 454.0058922228909, 857.9968360978203
352.07714796066284, 20.0, 353.99331422466173
352.6908612251282, 211.00008832945147, 20.0
353.0245928764343, 439.9797856077898, 20.0
353.58145785331726, 322.99649949378414, 315.9850858627607
354.0527958869934, 2712.0060704262546, 1826.02235488429
354.61869382858276, 79.9985504907611, 1123.9856970057472
355.02909684181213, 2032.0197355014034, 20.0
355.6171443462372, 2759.013186785656, 691.9796889758353
356.0672993659973, 86.02249852648698, 1265.9979120378096
356.63272166252136, 3108.9764649781055, 20.0
357.0412447452545, 2575.9965317887054, 767.998347237064
357.43721652030945, 2575.9965317887054, 767.998347237064
358.041211605072, 84.02025554062173, 20.0
358.609162569046, 2933.0090797521993, 572.9983946313221
359.08007860183716, 20.0, 303.000928279275
359.46921038627625, 20.0, 303.000928279275
359.9574363231659, 20.0, 303.000928279275
360.5484833717346, 82.00620319942541, 2171.0193919507615
361.5564670562744, 2713.999908242241, 20.0
362.1209092140198, 308.999924729002, 20.0
362.57767271995544, 2365.0194934756505, 1230.034234077148
363.06812930107117, 1358.999658142502, 1368.0278088659115
363.47111892700195, 1358.999658142502, 1368.0278088659115
364.1122736930847, 308.00006667832116, 2924.009982040959
364.73678159713745, 322.0000858069982, 1072.2218582156197
365.11370062828064, 754.003638921613, 124.00025424473101
365.70878314971924, 3711.009610987759, 725.5413616599128
366.197083234787, 2923.9984634650486, 2206.0000000068253
366.67881441116333, 3455.487856964151, 1793.99943737523
367.6886246204376, 1705.9990225829645, 20.0
368.18249344825745, 2112.0190985013774, 1023.9539797937064
368.70489025115967, 2535.012716302377, 394.99942771878096
369.07484245300293, 2535.012716302377, 394.99942771878096
369.6678216457367, 1095.9862734715487, 20.0
370.2135262489319, 2385.019345270942, 2625.019874225375
370.5885183811188, 2385.019345270942, 2625.019874225375
371.17915415763855, 532.0001602643673, 20.0
371.71134090423584, 1225.9929911656968, 1259.029133708464
372.2119085788727, 1713.0009931435497, 1070.4999999913198
372.6445987224579, 1713.0009931435497, 1070.4999999913198
373.0926659107208, 1713.0009931435497, 1070.4999999913198
373.88424849510193, 1147.0340936092741, 308.9728377186265
374.29968667030334, 3085.000841532139, 292.99972752659073
374.7918453216553, 1261.9997273484885, 299.9903765001399
375.2060480117798, 910.031130417509, 20.0
375.7587070465088, 2517.99569565663, 1574.0201746008793
376.259361743927, 2814.0117503383813, 864.0303456915941
376.8897023200989, 2593.999624569718, 273.9997281302383
377.4539773464203, 1679.999968264323, 332.0308593493933
377.88715624809265, 3625.9976418699134, 65.99992078619009
378.31281185150146, 1297.9917855047631, 552.9873155564885
379.11108565330505, 3332.9892759320046, 24.987561677347248
379.77635312080383, 1557.9914897332035, 622.9982489579546
380.3287537097931, 3611.4999999938564, 92.0075515168757
380.7339782714844, 3611.4999999938564, 92.0075515168757
381.30437207221985, 1281.02703414115, 2751.0140955678376
381.76759791374207, 20.0, 129.00258600452517
382.36658120155334, 20.0, 2778.0137958187925
382.79583644866943, 868.0000560231772, 542.0036887968382
383.4544813632965, 473.00560701622567, 20.0
383.9738037586212, 998.5882269928013, 162.9999974352977
384.3070750236511, 1129.9998889332678, 764.9998832590934
384.86648321151733, 3090.01185399294, 1415.0076240165336
385.39345717430115, 3233.972007722983, 20.0
385.78228402137756, 3233.972007722983, 20.0
386.2820131778717, 3233.972007722983, 20.0
387.3363387584686, 1127.0051422199945, 645.999155433177
387.8035135269165, 2329.01875164997, 501.0017518281283
388.3345694541931, 3349.0120158540053, 2880.0150417406835
388.7277271747589, 3349.0120158540053, 2880.0150417406835
389.24067091941833, 3349.0120158540053, 2880.0150417406835
389.87335896492004, 757.0002093208913, 245.99996922563076
390.36927366256714, 2575.9998596314017, 2181.000197910567
390.77431440353394, 2575.9998596314017, 2181.000197910567
391.3725919723511, 3096.0125438702617, 691.9878293516019
391.77913546562195, 3096.0125438702617, 691.9878293516019
392.358656167984, 1074.999896197127, 1299.9637183418947
392.7627320289612, 1074.999896197127, 1299.9637183418947
393.37269258499146, 458.980483794934, 1061.9983790150977
393.8621230125427, 2337.0040845249964, 812.9704325689744
394.35024213790894, 2014.9951056350808, 20.0
394.8814220428467, 609.000000039854, 616.9988748676784
395.5984947681427, 42.986139668436984, 1681.000067678697
396.1131126880646, 699.9747536824922, 394.999461741127
396.420286655426, 699.9747536824922, 394.999461741127
397.23210644721985, 224.01026211150648, 35.992082651287284
398.1297013759613, 224.01026211150648, 35.992082651287284
398.6201982498169, 224.01026211150648, 35.992082651287284
398.9002015590668, 867.0100500595809, 255.98940873291818
400.5834572315216, 2358.0000755782817, 243.99963100672568
401.08078503608704, 886.9997822575936, 1913.0043242375564
401.5619533061981, 20.0, 334.0000311979351
401.9268205165863, 20.0, 237.98430445311155
402.4390535354614, 20.0, 259.0000510189296
402.79336190223694, 20.0, 259.0000510189296
403.6380469799042, 1302.985945233069, 2083.0187411904485
404.253121137619, 2478.003926741522, 1152.9999403855375
405.02694749832153, 3241.999995985529, 2549.014935085493
405.55254459381104, 67.99531312702422, 341.9998430166673
405.95223093032837, 1351.9936203243392, 1701.0078795171457
406.57314133644104, 1407.9997316666045, 20.0
406.98195219039917, 1232.0051688117467, 457.99889677135207
407.57709550857544, 2672.9984488972027, 224.0028288829374
407.9781265258789, 3236.0120367728255, 20.0
408.3773012161255, 3236.0120367728255, 20.0
408.99619793891907, 125.00231237319382, 20.0
409.5267608165741, 2764.0131921921584, 605.0004862330752
410.0167009830475, 3011.0130274305006, 343.9993128601137
410.61591482162476, 2576.013590951015, 249.9956580343718
411.0087103843689, 2576.013590951015, 249.9956580343718
411.5117897987366, 630.9746469785056, 261.99974585776334
411.90238308906555, 630.9746469785056, 261.99974585776334
412.5533232688904, 455.98969358992184, 556.9860241398279
413.19671869277954, 2407.00000001789, 81.00257501600782
413.60978841781616, 1804.0189920673793, 1449.998600723603
414.0543191432953, 2577.003938259164, 1906.0216270302014
414.5228462219238, 20.0, 1219.9967996870125
415.05610704421997, 370.9896807830409, 2776.0128524635943
415.6278975009918, 2443.009654760647, 20.0
416.05947256088257, 20.0, 2204.017445929346
416.6139545440674, 3022.499999997801, 1522.0216306512139
416.99930691719055, 3022.499999997801, 1522.0216306512139
417.62302255630493, 241.99541059431675, 311.00106587308386
418.09884238243103, 3232.4823142902096, 20.0
418.58907675743103, 586.9749604329596, 990.0244762301517
419.151389837265, 3535.0120305825712, 320.9995138177414
419.6142408847809, 1118.9907891601586, 461.0321162815342
419.99509477615356, 1118.9907891601586, 461.0321162815342
420.59010887145996, 20.0, 20.0
421.1043577194214, 2918.0133509991583, 1044.9784140388542
421.60081124305725, 176.0001323204896, 344.9883979008832
421.9823532104492, 176.0001323204896, 344.9883979008832
422.6392779350281, 3542.0126841432902, 775.0000000150908
423.0965156555176, 20.0, 20.0
423.6726326942444, 3123.0060146712026, 956.9971037964755
424.0389606952667, 3123.0060146712026, 956.9971037964755
424.7040934562683, 873.0029223800524, 2954.004712105484
425.3865942955017, 2168.0061169213136, 1229.0000131479094
425.8383831977844, 2540.002893720229, 20.0
426.6908733844757, 914.0119512845944, 128.00000319893263
427.1852641105652, 1260.999546940599, 819.9837631516026
427.87531876564026, 1870.0060379546046, 20.0
428.2161250114441, 1870.0060379546046, 20.0
428.63096737861633, 3123.012464603718, 20.0
429.1910614967346, 20.0, 66.00228610650447
429.59867238998413, 20.0, 66.00228610650447
430.1740257740021, 1003.9973786729454, 20.0
430.6638901233673, 20.0, 598.0007155540937
431.2570655345917, 1644.9916915982324, 337.9996238053974
432.74575185775757, 970.9999999974339, 1511.0085914312153
433.2598226070404, 1480.9926787383502, 365.9429927906981
433.7292356491089, 3935.0177905746486, 109.99996271194487
434.3819522857666, 2933.000000012862, 19.00318962903869
434.8175895214081, 2682.0175534722543, 107.97964623890384
435.2399117946625, 1595.0000766803703, 20.0
435.78175711631775, 2061.0172937842894, 509.0057559710916
436.2862446308136, 1199.4999999849642, 394.00000744925507
436.7878987789154, 3017.0108869841806, 20.0
437.3126640319824, 2358.0006805680696, 1734.0076441743356
437.7604615688324, 688.98654794731, 1383.999960794661
438.371306180954, 3060.9957415982994, 1699.0198279125257
438.79117703437805, 2952.0143293426668, 1102.9985451315526
439.2975471019745, 20.0, 1616.0199787194688
439.7020823955536, 20.0, 1616.0199787194688
440.19282054901123, 20.0, 1616.0199787194688
440.9936692714691, 930.0090759072667, 415.98715887814325
441.3128135204315, 930.0090759072667, 415.98715887814325
441.9132854938507, 3952.0000023432417, 20.0
442.33182668685913, 2817.0000002440265, 1024.997871468774
442.85143852233887, 2875.00090931056, -33968.81096637998
443.33239579200745, 20.0, 121.0113099945422
443.83570981025696, 1679.9952627371952, 739.0058526185333
444.2070896625519, 1679.9952627371952, 739.0058526185333
444.719206571579, 1679.9952627371952, 739.0058526185333
445.2784869670868, 1679.9952627371952, 739.0058526185333
446.0076012611389, 534.0107911803873, 19.985181812883457
446.6241409778595, 222.99673374650146, 22.989265152737325
446.93766498565674, 222.99673374650146, 22.989265152737325
447.3850681781769, 3452.013211893716, 194.99968222804702
448.0131392478943, 20.0, 55.01243887664159
448.4454128742218, 1102.972375654772, 395.9982803761312
448.77552556991577, 1102.972375654772, 395.9982803761312
449.27913093566895, 1102.972375654772, 395.9982803761312
450.0402250289917, 2960.01530070039, 708.9871197316209
450.3972284793854, 20.0, 105.99977718760245
450.92885088920593, 3217.0109917273303, 20.0
451.4447093009949, 3160.0157704473486, 1814.005017216
452.08066511154175, 3307.012307810143, 181.99647042147035
452.42366456985474, 20.0, 1103.028645124416
452.94334864616394, 978.9998995955841, 1394.027837695071
453.4309060573578, 2766.014690608893, 1978.917225282696
454.07262420654297, 1812.0219518522777, 329.00002638989537
454.5770363807678, 20.0, 72.9999198318591
455.00370144844055, 1151.0015268077946, 1406.0231517040286
455.5063796043396, 20.0, 20.0
455.83945631980896, 20.0, 20.0
456.4857211112976, 2248.952598935852, 1550.0263798693525
456.9574568271637, 20.0, 725.981927691319
457.5089728832245, 503.987394614658, 2902.0151837662456
458.06348514556885, 3628.9999999996708, 241.99953499431572
458.50532484054565, 1890.9968355914461, 1252.9729532952658
458.9949417114258, 20.0, 308.99420213976884
459.5698227882385, 20.0, 732.0001072113814
460.03052163124084, 20.0, 365.98487052674756
460.3898949623108, 20.0, 365.98487052674756
460.8965439796448, 20.0, 365.98487052674756
461.50601077079773, 1078.017450794717, 352.00022673301726
462.2020699977875, 2700.015515516674, 66.01224896439241
462.55041098594666, 2542.0038728709897, 1821.0000000081154
463.0686800479889, 459.0024470326929, 144.98162683612986
463.5568780899048, 2411.018187517824, 172.9990062890122
463.96366691589355, 2411.018187517824, 172.9990062890122
464.55457282066345, 20.0, 2079.0216547523287
464.94485116004944, 20.0, 2079.0216547523287
465.7359051704407, 3324.012660239857, 81.99997781308878
466.1152620315552, 2314.98662447892, 653.0056383724393
466.6048300266266, 20.0, 30.088733825752854
467.30803632736206, 2428.013480212275, 268.999972182136
467.5825426578522, 2289.005726069407, 868.0284793598787
468.1329822540283, 611.976429989653, 260.00002588523216
468.6054136753082, 797.9720788309126, 846.9825706154246
469.10312366485596, 612.9912268336448, 20.0
469.61271715164185, 1114.030753966972, 1482.1822833369995
470.1729874610901, 2070.9994252843044, 2209.1396603899047
470.6273694038391, 755.9875350007521, 1034.0315343854656
471.13467597961426, 822.0000472262834, 2851.0140909980964
471.69739413261414, 2148.99890852847, 588.9795099543334
472.0775234699249, 2148.99890852847, 588.9795099543334
472.61494183540344, 2148.99890852847, 588.9795099543334
473.1673069000244, 99.00365283854524, 1772.018649094006
473.750155210495, 182.99798125451548, 1443.0027308772515
474.23314690589905, 3230.0000000041646, 1352.0308124713847
474.7930316925049, 20.0, 20.0
475.2092328071594, 3349.0120158540053, 20.0
475.7601273059845, 3118.0146716104996, 459.9839929872513
476.2429118156433, 1187.0092444742604, 281.9919654249087
476.7227907180786, 2914.011528224716, 411.990316805981
477.1351726055145, 2914.011528224716, 411.990316805981
478.03144550323486, 641.0000413744635, 121.0228915094035
479.00585675239563, 1442.0035554585165, 2717.0140439717325
479.2771282196045, 2525.0001566833594, 674.999047631716
479.7810432910919, 3067.0043180380726, 2137.019047614383
480.36910820007324, 3984.769884296386, 258.9837426908519
480.76433658599854, 1345.0245649545463, 20.0
481.1524691581726, 1345.0245649545463, 20.0
481.9167993068695, 283.0001684415743, 32.986953293460395
482.28133845329285, 20.0, 20.0
482.8807942867279, 3472.994587942918, 1500.0245676294182
483.5083837509155, 891.9908424415046, 3.986909349168526
483.7686085700989, 20.0, 20.0
484.1586661338806, 20.0, 20.0
484.82296800613403, 2909.0133915976658, 108.00045289776016
485.2118308544159, 2909.0133915976658, 108.00045289776016
485.96978211402893, 214.99596453807268, 604.0000192960142
486.4232394695282, 95.00000346961363, 351.9959967847815
486.83506965637207, 322.0018818080184, 885.9676857762964
487.3989522457123, 2783.9970994447717, 466.99842481988264
487.9977915287018, 1382.393127647997, 536.999464430548
488.37892746925354, 1382.393127647997, 536.999464430548
489.0030937194824, 2887.988141172116, 20.0
489.3663172721863, 2887.988141172116, 20.0
489.85167145729065, 991.9862547685362, 2754.018543971815
490.38002038002014, 2754.9876808280865, 191.995837802315
490.9751877784729, 2473.9920404686227, 349.9950306035517
491.52158284187317, 2422.0215570398636, 1231.013483559341
491.9132206439972, 2422.0215570398636, 1231.013483559341
492.3741466999054, 2345.0043659727617, 20.0
493.05781078338623, 249.00013420764233, 298.9977426599289
493.5456383228302, 20.0, 178.00010743755945
493.9270713329315, 2057.023561642369, 2456.018335516701
494.4156594276428, 2621.0025724411703, 367.99999565100524
494.92685747146606, 676.0005581645718, 92.00027770770629
495.4317421913147, 586.9865360718502, 284.9153167785715
495.9493567943573, 493.0001537255468, 219.00053827366838
496.4073839187622, 20.0, 660.9782368544048
496.9987154006958, 722.997397411972, 181.00001526088056
497.43604731559753, 307.00016909484077, 1265.003893253058
497.81941533088684, 307.00016909484077, 1265.003893253058
498.4823203086853, 649.9807068094017, 1607.9997291925783
498.992155790329, 20.0, 103.0324857618894
499.46998286247253, 246.999796297064, 45.13640876721272
499.95894622802734, 2636.9747686520263, 451.9860701082725
500.42560505867004, 20.0, 821.9821912405095
501.05794501304626, 1262.993065116774, 351.9959967847815
501.6957483291626, 982.9968766389968, 718.9785262750945
502.5267310142517, 982.9968766389968, 718.9785262750945
503.4918625354767, 2903.004392425444, 414.99987086962994
504.2480115890503, 2270.5, 20.0
505.3167335987091, 310.9953723281251, 248.02266335535003
506.17847752571106, 310.9953723281251, 248.02266335535003
506.7470738887787, 1165.9999878120939, 445.00002257538085
507.03230834007263, 492.9706748118488, 2294.018735730267
507.4604151248932, 492.9706748118488, 2294.018735730267
508.1001389026642, 887.0000242191228, 2464.0194597965897
508.66248297691345, 1381.9908347332305, 372.0069550418209
509.0030162334442, 1381.9908347332305, 372.0069550418209
509.89535903930664, 24.995445497942264, 42.993553530478415
510.598637342453, 2587.99621024017, 319.99999496772233
511.0101809501648, 2587.99621024017, 319.99999496772233
511.63707518577576, 3618.000000013897, 20.0
512.1446330547333, 3637.0108336505723, 20.0
512.5971703529358, 575.0026137091037, 1369.027070849098
513.1017827987671, 3250.0124826531683, 20.0
513.5938949584961, 1334.0294766340428, 205.00460435081115
514.0005178451538, 1334.0294766340428, 205.00460435081115
514.7116310596466, 3227.9787639982683, 97.99820021317933
515.1524469852448, 530.9999905761346, 1275.9980443182583
515.7757732868195, 131.99933065496666, 2376.0162373275934
516.1557521820068, 20.0, 306.9877483745325
516.6994326114655, 3135.0133423426737, 280.0106050343099
517.090861082077, 3135.0133423426737, 280.0106050343099
517.8422756195068, 2547.986061441937, 20.0
518.1885964870453, 2836.0001630046386, 2208.017790683091
518.6851415634155, 364.99056214154916, 20.0
519.1993036270142, 20.0, 1448.9999699945474
519.7013878822327, 2259.0057361129625, 20.0
520.235878944397, 2596.8781773131946, 1863.0187058929673
520.7437224388123, 1898.002573588022, 194.0000317162849
521.3989133834839, 20.0, 304.0024379899786
521.7938709259033, 3099.998903723329, 417.9879792425632
522.2758131027222, 2968.9999999939323, 1441.9999738365248
522.7147030830383, 1541.9705977513886, 570.9842833288766
523.2338013648987, 2548.9993239442283, 2459.018579510545
523.7178189754486, 614.0000135051922, 131.0002898159517
524.2293863296509, 2574.0141831503047, 1250.7721423261946
524.8170664310455, 2535.9993666763953, 195.99998633988227
525.3849925994873, 52.432735478757735, 1104.9533802425938
525.8099176883698, 2199.0187037988544, 300.9918869208933
526.1726326942444, 2199.0187037988544, 300.9918869208933
526.8009333610535, 2913.9992165071594, 310.99961955138036
527.2669990062714, 337.993084895708, 1217.033446170915
527.7770757675171, 1048.986042130858, 2533.0211962418653
528.4488015174866, 2726.998455865997, 2414.9931807435287
528.7949509620667, 1224.0108466971226, 626.0147458674757
529.3449687957764, 290.98653639441767, 2748.013036353557
529.8656120300293, 2892.0106003807928, 299.00004853142497
530.8254570960999, 2816.014738588488, 489.97622278084947
531.3655459880829, 1838.0000000047821, 120.9997251498466
531.928642988205, 1788.0267314557395, 2306.9864531935145
532.3038139343262, 1788.0267314557395, 2306.9864531935145
532.8647089004517, 1074.9821939185492, 1311.0232067617264
533.3669862747192, 1996.0230747868707, 832.9772696706752
533.9044854640961, 3075.0140178242846, 1797.0213102687514
534.3643369674683, 981.9999148365873, 20.0
535.3843500614166, 579.984927265139, 888.9975564794461
536.072863817215, 2705.9990985730215, 63.0231492992721
536.4507796764374, 795.0000814560601, 115.99048188672906
537.1114258766174, 3066.00138987424, 217.00279676974714
537.9114134311676, 519.9846089761872, 556.9766818612981
538.4619619846344, 1923.9990983111502, 179.99972719009287
538.9623777866364, 374.997129772972, 130.00016570017712
539.3607873916626, 374.997129772972, 130.00016570017712
539.9107458591461, 629.9875317539897, 229.00018867617237
540.601411819458, 182.00286119067877, 226.0001225571952
540.9992980957031, 182.00286119067877, 226.0001225571952
541.4754981994629, 182.00286119067877, 226.0001225571952
542.0474915504456, 20.0, 2272.9870110883803
542.4572522640228, 1860.0851897974974, 20.0
543.0831780433655, 488.0079330008313, 20.0
543.4172248840332, 2475.5659074984574, 1442.0279824660226
543.9354350566864, 2609.0149195492118, 544.9992940140315
544.4277448654175, 1355.0000000042269, 94.00029153410625
544.8305053710938, 1355.0000000042269, 94.00029153410625
545.4739246368408, 846.0371104160076, 2893.0170002101195
546.1509251594543, 3342.008975773138, 1198.9999999982922
546.6803102493286, 1578.0000660668006, 136.99972003530394
547.1997637748718, 289.00322333360276, 125.99997434559795
547.5068559646606, 3188.0125760680407, 664.9989578235269
547.9785256385803, 133.99899741315366, 1738.019301552434
548.6764571666718, 2804.0156225524056, 69.00760204488073
549.0682501792908, 2032.45108787179, 20.0
550.0067687034607, 1821.6221953148981, 308.01185096055036
550.8862977027893, 1821.6221953148981, 308.01185096055036
551.6527540683746, 3422.0109033584195, 2988.002965738343
552.0449283123016, 1967.9999940876658, 916.9989707783128
552.5435428619385, 2692.012849481858, 20.0
553.025634765625, 3518.0122183370163, 1291.9767452562041
553.533326625824, 2275.0043060756643, 809.99998246817
554.1337285041809, 2735.0015563571883, 242.00043280346202
554.8574616909027, 53.00792635598923, 241.9884663700222
555.6786813735962, 1354.3324693083562, 244.00002089237594
556.0649700164795, 1048.0257329481517, 236.98434360069066
556.5358693599701, 2589.9997835570525, 356.99968043131514
557.1669991016388, 394.9857273538728, 579.0000193935986
557.5279414653778, 1687.0271157985983, 568.9838075561861
558.0256214141846, 1962.0037377486224, 1802.0216542061776
558.5473551750183, 380.99752849865706, 198.000262916675
559.0208587646484, 1684.9915070198842, 20.0
559.3987376689911, 1684.9915070198842, 20.0
560.1713001728058, 3649.985208574632, 1682.0058288033842
560.5184755325317, 1121.9998436716687, 535.981587748181
561.0621654987335, 3017.0000459766616, 189.99971411967445
561.5275378227234, 2358.001690474048, 247.99991213798032
562.1199820041656, 2903.0177773104083, 129.99966602419354
562.6707570552826, 20.0, 556.0117438032144
563.2182340621948, 3977.5043397381355, 69.98864385753706
563.5228633880615, 2415.013922469488, 184.0019974184715
564.0626199245453, 2241.0187473054107, 182.99997427887695
564.5499029159546, 2596.9846693191867, 422.99931627661016
565.0272648334503, 798.9846542492143, 157.9996986365672
565.6707284450531, 1928.9662686048898, 75.00159466739903
566.0702817440033, 3270.011880612945, 2644.018576517589
566.5580685138702, 3376.010971020642, 20.0
567.035242319107, 2621.9962592275306, 687.9979324300485
568.5278189182281, 112.9999060217192, 623.0000000568684
569.1816112995148, 871.0092937053786, 522.0000249969696
569.5845611095428, 871.0092937053786, 522.0000249969696
570.0310978889465, 1427.0006075758997, 116.99945065036655
570.6081812381744, 3338.012840652458, 353.9997436088584
571.0330402851105, 20.0, 20.0
571.4560775756836, 20.0, 20.0
572.5338125228882, 1829.000347189649, 20.0
573.2118961811066, 584.9857394707691, 233.00230657811645
573.7276103496552, 2640.9973880194057, 20.0
574.2121405601501, 37.98843174435938, 885.9649554877869
574.568767786026, 20.0, 588.9922238674662
575.1039547920227, 2718.998812058201, 511.98141136160217
575.5736932754517, 20.0, 847.985556963965
576.0474271774292, 991.0062789520649, 275.50000000256654
576.7217910289764, 20.0, 1953.0141021706513
577.0279688835144, 20.0, 20.0
577.6309595108032, 1701.0213543962, 119.00596595913471
578.0398578643799, 20.0, 664.9999878122485
578.5437319278717, 369.0002116295741, 450.00005759618074
579.0520391464233, 3223.01355163385, 1650.9959310209829
579.8548882007599, 2637.000913982693, 905.0000210767912
580.5960731506348, 874.0171816011836, 902.9866408177636
581.02405834198, 636.98069736991, 20.0
582.1653294563293, 3000.998486847709, 280.0106050343099
582.5414988994598, 3000.998486847709, 280.0106050343099
583.0673251152039, 3000.998486847709, 280.0106050343099
583.5369749069214, 88.02632115064681, 20.0
583.9147803783417, 88.02632115064681, 20.0
584.6147758960724, 2917.012557436715, 225.00018405564842
585.0542979240417, 3657.0094231068647, 439.0077168339294
585.6110491752625, 553.9992367119725, 669.0290125955507
586.078617811203, 20.0, 1725.024363976715
586.4479796886444, 20.0, 1725.024363976715
587.1734645366669, 743.9700160032105, 304.99791725428054
587.5985677242279, 20.0, 1016.9807672322302
588.2544763088226, 2291.0037943068346, 36.98785206751553
588.6222224235535, 1112.9999999988904, 587.9958148572747
589.0199491977692, 1112.9999999988904, 587.9958148572747
589.6051762104034, 991.0326343743349, 1577.0216350157775
590.1676523685455, 2993.998732826271, 292.9996693052165
590.5804703235626, 20.0, 687.9989117339006
591.0808832645416, 506.000107091641, 20.0
591.703554391861, 2770.015869923361, 20.0
592.2203838825226, 775.0048894931022, 1543.0006826542524
592.6642782688141, 2559.9642972373654, 1558.4000216395098
593.0645906925201, 2559.9642972373654, 1558.4000216395098
593.6237330436707, 2821.014579175783, 1745.0229979767446
594.0385286808014, 2821.014579175783, 1745.0229979767446
594.841317653656, 2697.000838167265, 734.5000000356296
595.208548784256, 2697.000838167265, 734.5000000356296
595.6598558425903, 1259.9996938516827, 1472.0245769528474
596.062436580658, 1259.9996938516827, 1472.0245769528474
596.683470249176, 1179.0487955782078, 1045.9720666170783
597.2156414985657, 2532.999775441478, 2585.0183556153206
597.7178468704224, 1006.0060814369554, 196.9997424378913
598.0840790271759, 1006.0060814369554, 196.9997424378913
598.5843102931976, 1006.0060814369554, 196.9997424378913
599.0885965824127, 1006.0060814369554, 196.9997424378913
599.7465348243713, 3036.000214669486, 593.9983862131542
600.4410171508789, 2455.994107413024, 303.0000317979714
600.8126857280731, 2455.994107413024, 303.0000317979714
601.798552274704, 2862.01261823686, 1728.0249857268404
602.3143835067749, 3097.0007938970025, 299.9890261884268
602.788831949234, 870.0069926273951, 711.9989402596698
603.2971427440643, 2896.998998265993, 20.0
603.7450459003448, 640.000110582046, 1450.025098481085
604.2659766674042, 1305.9952817960775, 20.0
604.9046816825867, 20.0, 182.6001327542569
605.2526597976685, 1250.0274856353847, 224.99725461518062
605.7825698852539, 562.9852622806046, 864.9766400583466
606.5698637962341, 2222.5931585987555, 201.0000337908071
607.3196430206299, 821.9906249952114, 2091.980031179131
607.7516996860504, 348.99706777919374, 20.0
608.3364343643188, 3318.999999993848, 735.0269917983668
608.7283170223236, 3318.999999993848, 735.0269917983668
609.3253960609436, 912.0269197021886, 333.99280167834553
609.8066391944885, 20.0, 20.0
610.4223005771637, 20.0, 12.992036647869908
610.8026669025421, 3466.0109608376724, 1968.0203828137141
611.3165943622589, 1183.9989692802824, 911.9578446756686
611.8422441482544, 502.50000000435995, 722.9999999684135
612.3495199680328, 3681.010513234343, 20.0
612.8396193981171, 2435.0027027682627, 20.0
613.527099609375, 413.0046030674914, 1642.0024947082352
613.8512289524078, 306.01355890266746, 504.99792735964695
614.3475506305695, 1213.9723015401867, 1086.0384045526205
614.7456285953522, 1213.9723015401867, 1086.0384045526205
615.2711346149445, 1213.9723015401867, 1086.0384045526205
616.0779554843903, 2765.012661041077, 1160.9881495484415
616.5469839572906, 65.01212748249094, 2173.9999999997194
616.9597883224487, 65.01212748249094, 2173.9999999997194
617.4843783378601, 2716.992526158953, 305.9900296106191
618.0275616645813, 20.0, 934.9999645872176
618.3987159729004, 20.0, 934.9999645872176
618.9118206501007, 2736.015527112749, 1017.9833833028282
619.4294302463531, 1706.0204455416022, 598.9893935171101
620.0084562301636, 207.99249379755975, 20.0
620.4285552501678, 2018.0006635700793, 2838.0186993034295
620.9694352149963, 2143.0242342205784, 785.9774411772123
621.4297323226929, 2675.0155727623373, 1756.0127977162765
622.0494525432587, 3188.0125760680407, 427.9990028567992
622.4813120365143, 723.000499841491, 20.0
623.0290894508362, 1190.0139922167218, 301.9999971732035
623.4638798236847, 20.0, 2232.0185571392885
623.9944155216217, 1350.0269165367688, 401.9992844473319
624.5689404010773, 3618.99999998865, 274.9996022058779
624.9835560321808, 740.0001592190966, 1372.0010625009186
625.4885306358337, 1306.029260108412, 275.99934981244076
625.9816226959229, 20.0, 20.0
626.4917604923248, 2892.0123020955066, 20.0
626.992155790329, 3356.012071773475, 2028.022485734514
627.3955760002136, 3356.012071773475, 2028.022485734514
628.0453522205353, 2468.996498154072, 932.9914634167922
628.4933876991272, 1429.0045869735632, 20.0
629.099219083786, 3187.0143370914525, 184.00006248163186
629.5391948223114, 3047.0123708064666, 20.0
630.531574010849, 1393.9936673335965, 490.9982638131779
631.2298629283905, 2671.9895207607783, 248.00297031732333
631.6192102432251, 2671.9895207607783, 248.00297031732333
632.1212439537048, 2671.9895207607783, 248.00297031732333
632.6316676139832, 1681.0250771457331, 132.99954491629612
633.0749275684357, 2355.0190958425383, 513.999282366497
633.5786266326904, 1204.9994084903497, 345.9993000498525
634.6571066379547, 599.9952225311034, 287.98376701500746
635.1556603908539, 20.0, 2487.9960331580282
635.5974721908569, 110.99990891838345, 20.0
636.4980545043945, 2686.989319775782, 684.0000354458298
637.4857883453369, 2959.009593058911, 183.98575689761932
638.3546481132507, 2959.009593058911, 183.98575689761932
638.73961353302, 917.031523119422, 217.99801965904092
639.1571731567383, 2902.012213886288, 20.0
639.7899978160858, 20.0, 129.99999988653357
640.2575688362122, 745.0095952829682, 1892.0194528806471
640.7628712654114, 1471.0242614487415, 963.9823981931601
641.4059839248657, 585.0058233287605, 300.9918869208933
641.7062294483185, 1807.000023377991, 20.0
642.2097027301788, 20.0, 20.0
642.7060606479645, 1155.9823066656734, 20.0
643.1115093231201, 1155.9823066656734, 20.0
643.8323926925659, 2206.4999998481217, 644.9865365584732
644.4222843647003, 4.987115328994809, 20.0
644.8088068962097, 4.987115328994809, 20.0
645.305926322937, 1321.0011074922236, 20.0
645.9815418720245, 655.0000457845822, 860.000252201784
646.2594637870789, 3351.0148250972834, 1215.9532224294212
646.9083728790283, 794.0147860081131, 61.98458291028707
647.3578763008118, 20.0, 212.99966090401676
647.8086078166962, 75.01779752494849, 1319.9966079879223
648.1546912193298, 75.01779752494849, 1319.9966079879223
649.30828166008, 870.991980705226, 2346.0000000043224
650.4631021022797, 2366.0038531543564, 661.0000268764853
650.767847776413, 2232.973767655347, 1488.0117907305591
651.296305179596, 20.0, 2212.018061920206
651.8225719928741, 2550.0155104962855, 20.0
652.3583772182465, 1177.9914814678689, 1288.0247730830883
652.789443731308, 20.0, 1230.0024867706254
653.3845415115356, 2569.9991577858004, 739.9716040022493
653.8180360794067, 20.0, 484.99932101377965
654.3968331813812, 3269.011866912064, 79.00066904216891
654.8247694969177, 1084.9994591734198, 20.0
655.3794181346893, 2267.0007170939534, 45.417790229216195
655.8523778915405, 534.9934421481254, 20.0
656.5337762832642, 656.9873452003438, 802.9761683420218
657.3717238903046, 950.0304219095162, 2724.99999999876
658.4570157527924, 1030.9741730198166, 317.99871812308106
658.8621339797974, 20.0, 133.00191922896084
659.3852896690369, 1242.9999972241365, 1191.9819352969596
659.8743286132812, 2522.012460630916, 1707.024702887306
660.5467624664307, 2583.9914527274827, 20.0
660.930123090744, 2616.9876644502137, 1171.0252728868027
661.4342186450958, 2716.01804079251, 458.9908467135259
661.9888894557953, 3119.0131841419166, 1008.9993949756495
662.5160701274872, 2706.013019614733, 2337.992447413872
662.928905248642, 946.9851930778664, 242.9980047516249
663.4362049102783, 1440.0004123944059, 1179.9977599467943
663.9521074295044, 912.0160641243689, 2786.0186058704726
664.4469485282898, 1823.0008153656747, 20.0
664.9671704769135, 912.9732535701372, 700.9983367466059
665.3431758880615, 912.9732535701372, 700.9983367466059
666.0676407814026, 3054.9826407199766, 1951.0210055175721
666.4468913078308, 3054.9826407199766, 1951.0210055175721
667.0537750720978, 20.0, 1039.649974927934
667.5404603481293, 687.0363492913541, 459.98530445746934
667.9826283454895, 3667.008971541493, 20.0
669.0040652751923, 1782.9990459610065, 311.0002055881487
669.4129838943481, 1782.9990459610065, 311.0002055881487
670.1203219890594, 1150.0387152476644, 313.99632576528927
670.506787776947, 1150.0387152476644, 313.99632576528927
671.5156598091125, 1390.9625930687546, 727.9759567447541
672.2235944271088, 248.98693877403377, 2998.9892942049933
672.5688529014587, 3932.995461836654, 1377.9986034784113
673.034077167511, 2626.9926699955117, 626.9974463284917
673.5176069736481, 1160.0006713082723, 1291.9880225800896
674.0143146514893, 336.00004514381556, 20.0
674.5068607330322, 20.0, 20.0
674.8967132568359, 20.0, 20.0
675.5784630775452, 20.0, 572.9801085280224
675.931839466095, 20.0, 572.9801085280224
676.5590133666992, 2600.999637237879, 20.0
677.0618331432343, 20.0, 962.9989577517632
677.4504537582397, 20.0, 962.9989577517632
678.0996952056885, 836.036167825427, 923.9686515328634
678.5567190647125, 2806.0145179930882, 203.00215836588293
679.217530965805, 2144.02046472073, 244.00365731733132
679.6475355625153, 210.00079469509288, 188.00034716439026
680.089644908905, 858.998408506218, 20.0
680.7058095932007, 1943.999097015469, 455.00002414243545
681.024304151535, 20.0, 197.9999163219199
681.5598495006561, 2786.0148457906744, 20.0
682.3027923107147, 3141.9875678988965, 1092.0035297957909
682.5571093559265, 1738.9910816268793, 1057.9733614033246
683.2930190563202, 2793.988152945454, 351.9995212318827
683.6273155212402, 1035.0000853635268, 2917.0116125686905
684.0693492889404, 379.0002189874774, 573.0077220976168
684.5946028232574, 3565.0104668426393, 362.9995142674861
685.1029074192047, 1352.0269161403166, 1704.0060793722648
685.647629737854, 100.9974225149006, 426.0052117002719
686.0936992168427, 2016.995895319713, 20.0
686.6036403179169, 20.0, 156.00023222112344
687.257875919342, 1276.0286047646146, 121.00020556855772
687.7182638645172, 1122.173978852672, 361.99963172086535
688.1551966667175, 20.0, 1303.0209410707428
688.7158138751984, 167.00012086745562, 1828.0202909041393
689.1584315299988, 3343.0115190914385, 884.9967976635133
689.5488481521606, 3343.0115190914385, 884.9967976635133
690.065267086029, 3343.0115190914385, 884.9967976635133
690.6380040645599, 2084.9989145515897, 20.0
691.1693272590637, 20.0, 1571.0264846277473
691.6290490627289, 1754.0063436300816, 330.9999229141587
692.1669645309448, 801.9779638359761, 415.9994259580793
692.6888267993927, 3654.0148431174066, 1369.9839131638032
693.6804325580597, 2536.0154715684657, 2286.0170275548844
694.2426626682281, 222.98678199888425, 349.9950306035517
694.8291931152344, 20.0, 2270.011260592013
695.1802489757538, 425.0001632503203, 20.0
695.746728181839, 3371.0120149355002, 1199.9984024041291
696.3331525325775, 122.00733342325165, 542.9990553841322
696.7603716850281, 1878.9840065770384, 1355.0021600629968
697.2395479679108, 2847.014965538303, 1432.9966337905241
698.266304731369, 1233.031939745093, 453.99932776586076
698.9229533672333, 1922.019910084384, 386.003300052447
699.25949883461, 194.002919348917, 20.0
699.747617483139, 20.0, 164.99979420048788
700.3212811946869, 1788.9971279564065, 700.9988512010428
700.8485758304596, 2982.010711388542, 20.0
701.3422138690948, 1341.9679936845196, 1253.00461016517
701.7530648708344, 167.99687489096945, 1004.9660301377592
702.882180929184, 2003.9900050646388, 1185.9999777556186
703.3088412284851, 1343.9706849306663, 20.0
703.8255956172943, 174.3698145222617, 1826.166354450719
704.2714927196503, 3152.233750334307, 1842.0447176038192
704.7973637580872, 6.860175138322901, 1879.3034392441643
705.1687903404236, 6.860175138322901, 1879.3034392441643
705.6677255630493, 6.860175138322901, 1879.3034392441643
706.3569710254669, 1341.9915106810363, 1385.9998639851483
706.7504508495331, 1341.9915106810363, 1385.9998639851483
707.4294109344482, 20.0, 132.00023693752004
707.8911862373352, 20.0, 2766.012627150994
708.3546116352081, 1252.9918664322042, 20.0
708.7286069393158, 1252.9918664322042, 20.0
709.3931670188904, 41.55914918736295, 483.9832909435654
709.7731468677521, 41.55914918736295, 483.9832909435654
710.3533344268799, 16.126333465506427, 2230.8759930308183
710.9916858673096, 15.626007137577728, 2236.0058560236876
711.3007745742798, 547.5413803166311, 2450.086484310314
711.8134050369263, 571.399595804636, 2447.873347956638
712.3137443065643, 367.06772712861545, 2409.2285096382184
712.8116097450256, 557.2148907659581, 2426.8544905047784
713.3035900592804, 575.7570341051945, 2427.978098792965
713.8471312522888, 2549.0170722886796, 20.0
714.3321387767792, 783.1089241309647, 2691.209481820388
714.8265254497528, 2670.1969185504868, 2583.79244614714
715.317617893219, 2303.7450004293173, 2344.7011660258127
715.6975908279419, 2303.7450004293173, 2344.7011660258127
716.3177356719971, 2220.2835808297555, 2360.268465134614
716.8137316703796, 2010.552849890511, 2344.3628843590845
717.3752243518829, 1944.416662572382, 1848.2293761705826
717.9387099742889, 1995.9872214536667, 1850.1484671396304
718.261842250824, 1995.9872214536667, 1850.1484671396304
718.9240639209747, 1707.171759697215, 1533.9215163570193
719.356901884079, 1695.2651135289957, 1533.974832294043
719.8525700569153, 33.278116356848265, 469.99997044922236
720.3195254802704, -7.032037465482293, 20.0
720.8412489891052, -23.68128771299563, 1992.0188336339247
721.3459894657135, 5.4547821738314, 1637.8058742157612
721.9145584106445, 20.0, 20.0
