time, x0, y0, x1, y1...
2.33790922164917, 3010.2436179864017, 709.4732567616446
2.8173437118530273, 3010.2564646885507, 709.7556223246562
3.332749843597412, 3010.1378071045165, 709.7874031302827
3.8601410388946533, 3009.7600187150156, 709.6808064369279
4.32587742805481, 3010.3887264155715, 710.3212327745405
4.379732370376587, 3010.3887264155715, 710.3212327745405
4.835202217102051, 3010.2646724010415, 709.7418114326913
5.335334300994873, 3009.8065708907825, 710.1312435826626
5.834786415100098, 3009.9642043956737, 709.9599735561237
6.3346545696258545, 3009.9642043956737, 709.9599735561237
6.833989143371582, 3010.158860525528, 710.2442475090514
7.318988800048828, 3010.4345554815027, 709.8868009868232
7.705885171890259, 3010.4345554815027, 709.8868009868232
8.327803611755371, 3010.1623133829644, 709.5320066325601
8.432704210281372, 3010.1623133829644, 709.5320066325601
8.707544565200806, 3010.1623133829644, 709.5320066325601
9.31828761100769, 3009.936602286069, 709.1374871544772
9.70874285697937, 3009.936602286069, 709.1374871544772
10.328850507736206, 3009.7227187200956, 709.9132239776239
10.833295583724976, 3010.0432865076696, 709.6157502538229
11.326077461242676, 3009.8730648459778, 709.6578436736953
11.70842456817627, 3009.8730648459778, 709.6578436736953
12.315757036209106, 3009.626462063147, 709.9110121532758
12.83337140083313, 3010.1114868005493, 709.3752335346427
13.329753398895264, 3009.6924198348393, 709.1587188485688
13.832184791564941, 3010.136702001307, 709.3275292604997
14.340824365615845, 3010.4657990536007, 709.1529843584505
14.83563756942749, 3010.000298072023, 709.3556408649158
15.336209058761597, 3010.561761199499, 709.6618931411639
15.841329097747803, 3010.449923956539, 709.9351841547821
16.332072019577026, 3010.2819723956964, 709.744294226509
16.829420804977417, 3010.3058874265585, 709.4566190498248
17.203922033309937, 3010.3058874265585, 709.4566190498248
17.827779054641724, 3010.2293645645113, 709.0356739447412
18.21135425567627, 3010.2293645645113, 709.0356739447412
18.837769031524658, 3010.113789311975, 709.7448765025932
19.333017587661743, 3010.312038163244, 709.6262387910123
19.714751482009888, 3010.312038163244, 709.6262387910123
20.211001873016357, 3010.312038163244, 709.6262387910123
20.7073872089386, 3010.312038163244, 709.6262387910123
21.330037832260132, 3010.066860814836, 709.4292688327564
21.829777240753174, 3008.4083355396956, 709.2182389256498
22.330368280410767, 3081.877509345316, 698.5178421901054
22.70213532447815, 3081.877509345316, 698.5178421901054
23.33495593070984, 3203.7569158417555, 633.4773498904557
23.836443662643433, 3246.4512201941848, 220.9847070866035
24.37848162651062, 604.9999853673368, 610.997747796381
24.861326217651367, 3255.460094633983, 19742.491715448694
25.352007389068604, 3259.5932114851094, 27.689918723737517
25.867704153060913, 3061.0066252739675, 143.16712288176558
26.241902351379395, 3061.0066252739675, 143.16712288176558
26.75002145767212, 3061.0066252739675, 143.16712288176558
27.251499891281128, 3061.0066252739675, 143.16712288176558
27.853971481323242, 2742.3627297627145, 1315.0277869093266
28.34166669845581, 2707.0710208416167, 1523.4545976644658
28.840197801589966, 2706.0195029594915, 1552.8909339362885
29.334775924682617, 2712.957816063383, 1555.9782288964816
29.83841371536255, 2780.2420598339013, 1541.2862614799317
30.210575342178345, 2780.2420598339013, 1541.2862614799317
30.836029529571533, 2878.6367535612912, 1479.4845430300163
31.342674732208252, 3159.454468164283, 1490.7793356499978
31.83336114883423, 3214.535814381953, 1492.5159109405563
32.32728576660156, 3214.524219685797, 1491.998458600105
32.82656669616699, 3207.243490434335, 1490.8517870158694
33.34716558456421, 2812.9707817324597, 1492.789257657739
33.716700315475464, 2812.9707817324597, 1492.789257657739
34.33478927612305, 2718.7542971405624, 1518.9270447617387
34.83268690109253, 2719.8724789511443, 1519.2698455309633
35.21929621696472, 2719.8724789511443, 1519.2698455309633
35.83377528190613, 2678.9053056258927, 1536.9135568120826
36.35083866119385, 2690.110795079797, 1558.1004976434724
36.84774899482727, 2695.2593171154977, 1558.7984005242793
37.36476540565491, 2693.686322510254, 1558.4115231532617
37.86860704421997, 2695.897259316095, 1559.2119885483035
38.34455418586731, 2697.2685318499844, 1559.617506171481
38.83431625366211, 2695.809076036733, 1559.5320751289908
39.23433995246887, 2695.809076036733, 1559.5320751289908
39.71464776992798, 2695.809076036733, 1559.5320751289908
40.3598849773407, 2697.229150623676, 1559.5054457522626
40.90667510032654, 2697.1714990042788, 1559.459561749531
41.33739137649536, 2697.3944171892795, 1559.69216570773
41.83560609817505, 2697.1122271742274, 1559.3874421236253
42.33959436416626, 2697.333680029531, 1559.5967909935384
42.84860062599182, 2696.8982456622393, 1558.8717245713328
43.34711742401123, 2696.687535981339, 1559.8065993074858
43.84964632987976, 2696.3400338433908, 1559.8274547233643
44.391196966171265, 2696.7181660034503, 1559.461677868809
44.85994243621826, 2696.747721094873, 1559.6031271430559
45.34065532684326, 2697.437236326037, 1559.7400275718398
45.85029172897339, 2697.0251384018375, 1559.4083725969372
46.33798813819885, 2697.373922371967, 1559.4349671533153
46.87255668640137, 2696.918661709911, 1559.6015023894743
47.349281311035156, 2697.072056214099, 1559.8903951040709
47.71040105819702, 2697.072056214099, 1559.8903951040709
48.331944942474365, 2696.4934947520082, 1559.732710322179
48.7241952419281, 2696.4934947520082, 1559.732710322179
49.33798360824585, 2697.064338525252, 1559.7297893521911
49.85827994346619, 2697.153807166943, 1559.777229920571
50.20990705490112, 2697.153807166943, 1559.777229920571
50.83373427391052, 2697.1491366350874, 1559.8234932490038
51.22265577316284, 2697.1491366350874, 1559.8234932490038
51.8571343421936, 2697.3394478515506, 1559.9273315500227
52.33129692077637, 2697.1463585899037, 1559.865078438412
52.83489727973938, 2697.616286221378, 1560.2412844001897
53.31963324546814, 2697.5027570613825, 1559.9699672038007
53.85027313232422, 2946.742672004007, 1558.2547934706683
54.22713756561279, 2946.742672004007, 1558.2547934706683
54.87418007850647, 2622.287836404666, 1548.4249816978001
55.33334565162659, 2629.49554228383, 1546.3405583978426
55.84074401855469, 2361.1330642928997, 1545.034439126051
56.32323169708252, 2377.419302348222, 1544.5365133335667
56.83221364021301, 2373.5625488596843, 1544.535237753244
57.34323978424072, 2375.8494110758597, 1544.9620219955875
57.7220139503479, 2375.8494110758597, 1544.9620219955875
58.34048676490784, 2389.9180549187577, 1544.8049090117368
58.84282851219177, 2389.9814336551117, 1544.7216980417766
59.34329080581665, 2389.303173590455, 1544.9484079080794
59.82965278625488, 2389.845146238019, 1544.470413928032
60.34828209877014, 2389.873044815701, 1544.4416542141762
60.71768260002136, 2389.873044815701, 1544.4416542141762
61.21282339096069, 2389.873044815701, 1544.4416542141762
61.823638916015625, 2390.400399938479, 1544.6202915009371
62.34792637825012, 2390.165236944817, 1544.8122015565727
62.732749462127686, 2390.165236944817, 1544.8122015565727
63.380313873291016, 2390.1028770592106, 1544.4991328694703
63.845271587371826, 2390.4898503495137, 1544.759106832079
64.34888744354248, 2389.628635063175, 1544.2229391081887
64.72540378570557, 2389.628635063175, 1544.2229391081887
65.3442816734314, 2389.7793494519196, 1544.7465489575643
65.84665536880493, 2389.996088453229, 1544.7727192539946
66.35965013504028, 2390.016731314773, 1544.7178922545074
66.85933589935303, 2389.557384903642, 1544.5566337769035
67.35853028297424, 2390.170931978433, 1544.9978751690394
67.86158490180969, 2390.0367255521037, 1544.6556357545203
68.35574173927307, 2389.6824467557476, 1544.448589756651
68.85272002220154, 2389.493195113154, 1544.7572237613501
69.35214614868164, 2389.845124236413, 1544.5018028205188
69.85215449333191, 2390.351755768744, 1544.7093923663474
70.34956645965576, 2389.7030027056608, 1544.919041192952
70.85617661476135, 2390.282005813025, 1544.6249071011594
71.33616328239441, 2389.948779882515, 1544.8632944845476
71.72851920127869, 2389.948779882515, 1544.8632944845476
72.34979438781738, 2389.8197974841364, 1544.5019240194347
72.86562275886536, 2389.6282147048664, 1545.4927700756332
73.36407423019409, 2389.946513813378, 1545.3243474034025
73.85789775848389, 2389.8498194052822, 1544.7779001252359
74.35832214355469, 2389.9610415972934, 1544.874474127832
74.84497570991516, 2389.7463701420534, 1544.7092168308309
75.23002195358276, 2389.7463701420534, 1544.7092168308309
75.85102725028992, 2389.5617007113606, 1544.9795652347243
76.37011933326721, 2389.452227567707, 1544.892628460956
76.75061464309692, 2389.452227567707, 1544.892628460956
77.36759996414185, 2389.750632775572, 1544.8354405616137
77.8761694431305, 2389.4671021157064, 1544.472957226628
78.37236285209656, 2389.5584116657205, 1544.6413382668
78.87105202674866, 2389.886377699452, 1544.607514887723
79.25257992744446, 2389.886377699452, 1544.607514887723
79.89354276657104, 2390.2748842588076, 1544.7905500666661
80.36036777496338, 2389.778496448902, 1544.5259106478434
80.86811208724976, 2390.068759386156, 1544.6364164007364
81.36724877357483, 2389.6910526027773, 1543.7917362580122
81.89450311660767, 2389.9698784420025, 1544.300663849559
82.35747861862183, 2390.0171397253926, 1544.9171245832633
82.90505361557007, 2389.6914059352066, 1544.7546991294462
83.39075469970703, 2389.489075959186, 1544.9180687740986
83.86839461326599, 2389.9852845573837, 1544.9113693478616
84.36330223083496, 2389.915884939927, 1544.5808362861474
84.86933255195618, 2389.95566925372, 1544.6127268922817
85.36434030532837, 2389.8129171527407, 1544.743612694984
85.86827731132507, 2389.9537140884518, 1545.0184514009395
86.37258219718933, 2390.0382629635396, 1545.1424815461696
86.87663745880127, 2389.7338311175886, 1544.8369306911256
87.40550661087036, 2389.8648496663614, 1544.7643394570932
87.85589289665222, 2390.0266430738843, 1545.1249613397513
88.36498141288757, 2390.1688360708126, 1544.742845103855
88.88824915885925, 2390.0285441673227, 1544.2993737152547
89.26781749725342, 2390.0285441673227, 1544.2993737152547
89.89846348762512, 2389.593199788871, 1545.1584280084567
90.36972403526306, 2389.7999487240836, 1545.1118840580318
90.85522794723511, 2389.7708415873662, 1544.6679796228182
91.36223101615906, 2389.5178241416684, 1544.756308869265
91.75182461738586, 2389.5178241416684, 1544.756308869265
92.3697407245636, 2389.9585557433284, 1544.7496103935782
92.86358952522278, 2389.372491577984, 1544.91502942171
93.26931095123291, 2389.372491577984, 1544.91502942171
93.88573145866394, 2389.422025326727, 1544.9894516879851
94.2453043460846, 2389.422025326727, 1544.9894516879851
94.91559767723083, 2389.667346254533, 1545.0346555872438
95.2536838054657, 2389.667346254533, 1545.0346555872438
95.87045168876648, 2389.7358690782958, 1545.0477762857884
96.37575221061707, 2390.0299038050834, 1545.2838734480629
96.87121391296387, 2390.1585271143076, 1544.8731389551376
97.36227297782898, 2390.279150211639, 1544.624347159478
97.87788009643555, 2390.2672666337526, 1544.8644271178653
98.24117350578308, 2390.2672666337526, 1544.8644271178653
98.86484408378601, 2390.370385177982, 1544.1810600313022
99.36881136894226, 2389.3507545518196, 1544.3841407496668
99.86939787864685, 2390.3683104337492, 1544.7072455533655
100.25771403312683, 2390.3683104337492, 1544.7072455533655
100.87204957008362, 2389.981154557243, 1544.9630459265766
101.36355400085449, 2390.282823852836, 1544.8792708324568
101.87876582145691, 2389.883783666066, 1545.213476729494
102.38542366027832, 2390.0223475500543, 1545.3058388577028
102.8538076877594, 2390.363179408367, 1545.2085712662165
103.38172221183777, 2389.945679197461, 1545.3139006226377
103.87114524841309, 2390.1960476867566, 1545.1216104961368
104.24315023422241, 2390.1960476867566, 1545.1216104961368
104.87648415565491, 2390.3054122672925, 1544.7694726818333
105.39407086372375, 2390.013569803232, 1544.8606544623096
105.87179136276245, 2390.207598547527, 1544.7675025155092
106.3751699924469, 2390.131076634295, 1544.894907984113
106.86667799949646, 2389.525652291484, 1544.4807263565028
107.37170481681824, 2390.0245307835435, 1545.2000174058662
107.88575506210327, 2390.0044938733536, 1544.961073743823
108.3665726184845, 2390.339846153043, 1545.1530181727726
108.87952828407288, 2390.0557977464127, 1544.70421212333
109.37482976913452, 2390.1125372577276, 1545.1910964256426
109.88668322563171, 2390.4986142671883, 1544.7500032428625
110.36815547943115, 2390.328374417155, 1544.6334982888184
110.86628913879395, 2390.5076429410824, 1544.3224354303825
111.36034440994263, 2390.0859223197376, 1544.6354801248074
111.87155175209045, 2390.2520448589294, 1544.4040806343837
112.24270176887512, 2390.2520448589294, 1544.4040806343837
112.85987043380737, 2390.104870655332, 1544.7830173740938
113.39532327651978, 2390.396045159663, 1544.9771065845734
113.75586819648743, 2390.396045159663, 1544.9771065845734
114.37798285484314, 2390.053406725588, 1544.862123076465
114.86643671989441, 2390.6806992993143, 1544.5393606632458
115.24551796913147, 2390.6806992993143, 1544.5393606632458
115.87747764587402, 2390.4741010905805, 1544.6578733047872
116.36487746238708, 2390.6994824550684, 1544.8004768625449
116.85336995124817, 2390.6437175003825, 1544.6355625838216
117.36385655403137, 2390.5507281410114, 1544.8469893719987
117.85744285583496, 2390.3403129062795, 1544.811187122247
118.25448417663574, 2390.3403129062795, 1544.811187122247
118.75389790534973, 2390.3403129062795, 1544.811187122247
119.2634027004242, 2390.3403129062795, 1544.811187122247
119.88608384132385, 2390.748968633386, 1544.8738460057625
120.39425945281982, 2390.3862222479006, 1544.6244424303025
120.8740029335022, 2390.6888202538166, 1544.9349129813152
121.25315928459167, 2390.6888202538166, 1544.9349129813152
121.88045763969421, 2390.379655646836, 1545.3526633640515
122.36671280860901, 2390.402818519347, 1544.9813941665823
122.92659425735474, 2390.7829003623683, 1544.9760498623905
123.36972856521606, 2391.028959715657, 1544.834055096849
123.86282753944397, 2390.7063053738243, 1544.6940828524323
124.39136791229248, 2390.5813000119574, 1545.3105259318907
124.87012386322021, 2390.9765434530427, 1544.9326580802067
125.38701462745667, 2390.9438072436897, 1545.1192252507528
125.83768320083618, 2390.9438072436897, 1545.1192252507528
126.38705849647522, 2390.951991667676, 1544.6905923368345
126.86658358573914, 2390.682348986832, 1544.9672283071704
127.37032413482666, 2390.4380566051686, 1544.7206216877278
127.74381303787231, 2390.4380566051686, 1544.7206216877278
128.37714743614197, 2390.7611886154154, 1544.824423300394
128.87686586380005, 2390.946132814124, 1545.0556405467307
129.26134991645813, 2390.946132814124, 1545.0556405467307
129.8681607246399, 2391.159740997127, 1545.0995407728979
130.37219405174255, 2391.097515060996, 1545.1294404728283
130.85705041885376, 2390.9569627168426, 1545.3852316164807
131.38301515579224, 2390.5904316813917, 1545.0729107705088
131.86370968818665, 2390.898595318966, 1545.1231596964665
132.40094923973083, 2391.0499639339246, 1545.1613965611944
132.8991665840149, 2391.110805442882, 1545.0859642682167
133.37146997451782, 2391.0219486969913, 1545.0133984383353
133.8990638256073, 2391.3456147399984, 1545.3925909842417
134.39211916923523, 2391.2101393969074, 1545.29514425648
134.90141582489014, 2391.7591973360804, 1545.400608024084
135.2545096874237, 2391.7591973360804, 1545.400608024084
135.87083911895752, 2391.3196954034574, 1545.013150604365
136.36443543434143, 2390.6480906500155, 1545.1028900978122
136.86664009094238, 2391.3219013661246, 1545.3365165002183
137.26936650276184, 2391.3219013661246, 1545.3365165002183
137.88707947731018, 2391.251490111825, 1545.2774761677374
138.35953569412231, 2390.732828526777, 1544.7907694202802
138.86702299118042, 2391.2278074468386, 1545.4395311011767
139.34788990020752, 2391.1596764829414, 1545.4760936202904
139.91901278495789, 2390.751160442519, 1544.8560572244464
140.35603523254395, 2391.9533201247446, 1545.5612682359097
140.871258020401, 2391.4843424098904, 1545.529235411765
141.35239958763123, 2391.5828264828724, 1545.4394859340741
141.75363302230835, 2391.5828264828724, 1545.4394859340741
142.3700122833252, 2391.6572710369924, 1545.3419233022112
142.87709712982178, 2391.5047679825707, 1545.0041754551735
143.36778712272644, 2391.399348162935, 1545.1550536166199
143.86013102531433, 2391.647272767718, 1544.8295788900652
144.36407566070557, 2391.513607128716, 1545.114120900336
144.8576328754425, 2390.848631002558, 1544.9932512089129
145.380788564682, 2390.9663672127517, 1544.9229538876154
145.85700821876526, 2391.6062450382533, 1545.0455303741658
146.40513563156128, 2391.9387067717516, 1545.494751803332
146.86722040176392, 2391.247873292415, 1544.5157321255767
147.41401982307434, 2391.560665037323, 1544.9016175130675
147.7554247379303, 2391.560665037323, 1544.9016175130675
148.39015555381775, 2391.584961945516, 1545.0895083634086
148.75839924812317, 2391.584961945516, 1545.0895083634086
149.2419764995575, 2391.584961945516, 1545.0895083634086
149.86763310432434, 2392.0121003392987, 1545.0468461101416
150.24073839187622, 2392.0121003392987, 1545.0468461101416
150.88096261024475, 2391.388891013194, 1545.013870879272
151.36254692077637, 2391.826732008982, 1544.928961523123
151.78263473510742, 2391.826732008982, 1544.928961523123
152.37761735916138, 2391.9722707515207, 1544.8835786412449
152.87462973594666, 2392.010969278365, 1544.7835570489153
153.3759765625, 2391.979417742618, 1544.5726107131734
153.87156343460083, 2392.2201965705017, 1545.1395538865625
154.3737075328827, 2392.3955395690755, 1545.316614512808
154.8601016998291, 2391.974820601043, 1545.163378665726
155.24636673927307, 2391.974820601043, 1545.163378665726
155.85205483436584, 2392.1104679964815, 1545.0742799179984
156.36231207847595, 2392.404748326802, 1545.5645333473828
156.86502933502197, 2392.122410866012, 1545.0557959368873
157.39056396484375, 2391.1996433477593, 1545.221352787501
157.8553283214569, 2391.8971871538793, 1544.8815431395967
158.3681390285492, 2392.2675453695956, 1545.7502299100272
158.8681824207306, 2391.5862247305195, 1544.8579362644155
159.3670117855072, 2392.03525613217, 1545.3309043297884
159.87861108779907, 2391.597841552424, 1544.782470872089
160.38710975646973, 2392.58949202225, 1545.5116592973764
160.879310131073, 2392.4458986090594, 1545.6875981864866
161.36837339401245, 2392.23226448818, 1545.3316768978218
161.888991355896, 2392.0214475882344, 1544.8959724952676
162.35752773284912, 2392.066030755074, 1545.3387794698797
162.8707320690155, 2392.2611008958597, 1545.1438500636114
163.2423927783966, 2392.2611008958597, 1545.1438500636114
163.8729019165039, 2391.7556682696386, 1545.0325627193606
164.39154243469238, 2391.8727532968346, 1544.8304604540556
164.86923503875732, 2392.295218649317, 1544.872352090283
165.37388515472412, 2392.1149778674517, 1544.684777842581
165.90499758720398, 2391.7695807479968, 1544.7294596418055
166.36410784721375, 2392.2100683460476, 1544.9398319829452
166.87604022026062, 2391.945153140005, 1544.5863938290981
167.24988222122192, 2391.945153140005, 1544.5863938290981
167.8847677707672, 2392.201611509287, 1544.9434045097012
168.41930103302002, 2392.372482407221, 1545.3472973614223
168.86639761924744, 2392.0076413979205, 1544.9697278390454
169.3643045425415, 2392.39729099398, 1544.8759925109473
169.8749873638153, 2392.36047782493, 1544.8749455368452
170.37885189056396, 2392.4877393101556, 1544.8045350305144
170.85755705833435, 2392.481892890646, 1544.7556360582685
171.39369082450867, 2392.5512164810557, 1544.7342577442637
171.88745141029358, 2392.2296490513613, 1544.9478565019708
172.36612844467163, 2392.519341431538, 1544.837465851337
172.8638026714325, 2392.508367909095, 1545.0793886019528
173.36785316467285, 2392.5896635669565, 1545.0528359379698
173.8547010421753, 2392.595263068324, 1545.2696743919405
174.36700129508972, 2392.6764570542273, 1545.0719428941418
174.86406302452087, 2393.0687999697457, 1545.1245208844484
175.36793446540833, 2392.649681725246, 1544.8601164560864
175.8719413280487, 2392.4399833193424, 1544.5749784528068
176.37277460098267, 2392.888686031496, 1544.7020089272494
176.86523842811584, 2392.646011196231, 1544.8472799686333
177.25261187553406, 2392.646011196231, 1544.8472799686333
177.86774969100952, 2392.6013318049063, 1544.9878276568093
178.36650729179382, 2392.8833469975752, 1545.3792049762353
178.86349320411682, 2393.548629959262, 1545.5274175675397
179.35249161720276, 2392.9387964682887, 1545.381745188991
179.74674892425537, 2392.9387964682887, 1545.381745188991
180.26042222976685, 2392.9387964682887, 1545.381745188991
180.8679497241974, 2393.271975740752, 1545.410510640275
181.35553455352783, 2392.614913937139, 1544.9778919067917
181.8674943447113, 2392.8901846592285, 1544.9968861848918
182.3734745979309, 2392.437599150392, 1544.9915837747262
182.86298823356628, 2393.0032567357853, 1545.2283106852153
183.37497210502625, 2393.2405339344364, 1545.3813211909746
183.88158988952637, 2392.9845951864177, 1545.0191775127203
184.37271547317505, 2393.119132083486, 1544.997171581258
184.87185287475586, 2393.4754069283267, 1545.0225225743204
185.37396049499512, 2393.393259270892, 1545.0692090383293
185.87216138839722, 2393.153562939048, 1545.438281692044
186.24603176116943, 2393.153562939048, 1545.438281692044
186.86125469207764, 2392.8819919112607, 1544.5199838873812
187.24207019805908, 2392.8819919112607, 1544.5199838873812
187.8709316253662, 2393.1827973197355, 1544.622735928487
188.37490248680115, 2392.9146411218912, 1544.6795481177364
188.89033603668213, 2393.255135459748, 1545.0711068886626
189.39073157310486, 2393.0153665244015, 1544.6927192914384
189.8694806098938, 2393.2991006398875, 1544.6372993966243
190.36841750144958, 2392.9760890602715, 1544.639275287135
190.86470437049866, 2393.5359020956676, 1544.5055100104576
191.400728225708, 2393.5960115261896, 1544.7590033869385
191.88181734085083, 2393.6209749054683, 1544.9610050841873
192.38989424705505, 2393.4636688242485, 1544.6598462602878
192.8881254196167, 2393.301145173863, 1544.884476624425
193.25647115707397, 2393.301145173863, 1544.884476624425
193.7465159893036, 2393.301145173863, 1544.884476624425
194.36033630371094, 2393.4368625597517, 1545.1740746886903
194.74501252174377, 2393.4368625597517, 1545.1740746886903
195.41852593421936, 2393.3913951976333, 1544.869782312947
195.76284313201904, 2393.3913951976333, 1544.869782312947
196.38076543807983, 2393.591164572848, 1544.6121727896764
196.89439034461975, 2393.31370143804, 1545.1103282077527
197.39555954933167, 2393.1366134244527, 1544.9345868876676
197.8547978401184, 2393.8380949958764, 1545.0377094395967
198.24168634414673, 2393.8380949958764, 1545.0377094395967
198.85601830482483, 2393.627895783651, 1544.7688508038964
199.3779799938202, 2393.558356824569, 1544.8753324605152
199.85996341705322, 2393.415032007613, 1544.94904138455
200.36359691619873, 2393.4681156306747, 1544.454636303171
200.76086592674255, 2393.4681156306747, 1544.454636303171
201.38309979438782, 2393.231396173575, 1544.708036267859
201.86683416366577, 2392.968578608235, 1544.7613660012182
202.37851929664612, 2393.7635518939837, 1544.9206229352355
202.9011206626892, 2393.4473839584243, 1544.7241169470522
203.41275119781494, 2393.615058477186, 1545.0809091521312
203.74902033805847, 2393.615058477186, 1545.0809091521312
204.3883991241455, 2393.9661981596096, 1545.2290461761932
204.75555181503296, 2393.9661981596096, 1545.2290461761932
205.3691442012787, 2393.9807710136647, 1545.235571948789
205.8649206161499, 2393.5567909902884, 1545.0003443967719
206.37242031097412, 2394.274642121293, 1545.0373316261246
206.9081597328186, 2394.0621123957717, 1545.4495144547245
206.97198915481567, 2394.0621123957717, 1545.4495144547245
207.41789937019348, 2394.203992753369, 1545.1230281842934
207.74722266197205, 2394.203992753369, 1545.1230281842934
208.25223207473755, 2394.203992753369, 1545.1230281842934
208.74798822402954, 2394.203992753369, 1545.1230281842934
209.37063717842102, 2394.2235859892444, 1545.460904268068
209.9063858985901, 2393.875133127499, 1545.0723871505318
210.3802514076233, 2393.9090418192386, 1545.2198709302709
210.88307547569275, 2394.07254518219, 1544.343445018694
211.37684965133667, 2393.859791462269, 1543.9517036131485
211.8677453994751, 2394.146926743534, 1544.4037871402957
212.38150882720947, 2393.818526304378, 1544.7919761547844
212.87133932113647, 2393.4363265632255, 1544.3150341095936
213.37507700920105, 2393.604225683247, 1545.130933218881
213.74427890777588, 2393.604225683247, 1545.130933218881
214.36685872077942, 2394.0367101715383, 1545.378713368704
214.8655560016632, 2393.518206233924, 1544.7841659150627
215.36231470108032, 2393.786131143672, 1545.0153096478773
215.87808656692505, 2394.124845050371, 1545.0622562319707
216.3828103542328, 2394.0537212722024, 1544.3239423941986
216.86364316940308, 2393.4680713462067, 1544.488828710869
217.37143111228943, 2394.1790142938653, 1544.6426954395276
217.875230550766, 2393.856199661824, 1544.4346103340333
218.40989422798157, 2492.709717076742, 1545.1189981352106
218.87176537513733, 2310.667445080989, 1544.1621570501359
219.37162804603577, 1772.1413251908953, 1542.6740512383863
219.9063196182251, 2070.4812936837957, 1531.335482330493
220.3712556362152, 2140.2454968103084, 1530.485167167066
220.86792516708374, 2162.9244583050627, 1530.6705575442784
221.3787648677826, 2165.3012023475917, 1530.841471465167
221.87848663330078, 2166.6393717969804, 1530.5525599821594
222.3841950893402, 2198.336116716385, 1530.753445525625
222.89391422271729, 2197.108323442541, 1530.7693414176492
223.3648099899292, 2198.3722954532927, 1530.666457982884
223.87458395957947, 2200.0591202145974, 1530.3774451702861
224.3971860408783, 1960.754558211648, 1537.7700837032555
224.8769030570984, 2089.274039884849, 1554.8697462952669
225.37460112571716, 2076.733928179926, 1564.203037656323
225.88224053382874, 2202.329239162258, 1565.9634603509523
226.25430846214294, 2202.329239162258, 1565.9634603509523
226.86494183540344, 2271.507775472607, 1572.687339813091
227.36768913269043, 2097.7307903269507, 1579.7479983382727
227.86453342437744, 1907.6346512804837, 1586.4426825855255
228.379332780838, 1608.8312706934455, 1596.52188662566
228.9181649684906, 1532.4328688158641, 1601.5971359894743
229.37815117835999, 1460.1491106609153, 1602.638927033113
229.76420521736145, 1460.1491106609153, 1602.638927033113
230.3567452430725, 1353.7793962993794, 1604.3576787479487
230.8914098739624, 1323.9588217724129, 1604.5322743120691
231.3643081188202, 1306.5338356787645, 1604.0974622591582
231.74447393417358, 1306.5338356787645, 1604.0974622591582
232.35899782180786, 2081.8968586981036, 1582.140273105595
232.8648190498352, 2050.7439835666405, 1583.5612529309237
233.24497961997986, 2050.7439835666405, 1583.5612529309237
233.892324924469, 1851.9224342264135, 1583.493043027977
234.39905285835266, 1640.6409407433123, 1583.6054473186198
234.76305532455444, 1640.6409407433123, 1583.6054473186198
235.3823983669281, 1654.4401719820728, 1577.304563008654
235.8950445652008, 1699.7879686193241, 1563.6463846145828
236.40475869178772, 1425.4985715687826, 1502.8166726500294
236.75684213638306, 1425.4985715687826, 1502.8166726500294
237.3533055782318, 1294.489623111639, 1475.8424733082675
237.86304306983948, 1292.8117843118591, 1474.651982340262
238.3797252178192, 1802.2014559492002, 1583.2794903973888
238.75083827972412, 1802.2014559492002, 1583.2794903973888
239.38243103027344, 1834.7171551887993, 1584.547314662011
239.8632616996765, 1834.947582813354, 1584.4169654370787
240.3799967765808, 1834.460410434838, 1584.0667672579355
240.9226655960083, 1834.1687825900447, 1584.062404022208
241.24599075317383, 1834.1687825900447, 1584.062404022208
241.86458563804626, 1834.2226790455932, 1583.8684583725574
242.37638759613037, 1833.6108623560872, 1583.4667265955818
242.86416912078857, 1833.0579534706637, 1583.612730041477
243.3659384250641, 1834.2050395201911, 1583.9506589034113
243.86278533935547, 1834.6357386585162, 1583.8452438055012
244.36751198768616, 1834.3244614458126, 1583.9884976277997
244.8693540096283, 1834.3357784251496, 1583.9428706895374
245.38121223449707, 1834.255630133344, 1583.9616636275168
245.77521872520447, 1834.255630133344, 1583.9616636275168
246.36086225509644, 1833.953458347475, 1583.9976585740196
246.86762619018555, 1834.4559626284124, 1583.9974931921497
247.2566831111908, 1834.4559626284124, 1583.9974931921497
247.91126537322998, 1833.8493736895691, 1584.0572951938914
248.2444407939911, 1833.8493736895691, 1584.0572951938914
248.92392706871033, 1833.81766199034, 1583.6645803773429
249.37874627113342, 1833.9069460714056, 1583.972460568301
249.87457728385925, 1834.377825799833, 1583.7674316445546
250.37435674667358, 1833.8036212816671, 1583.5085165307594
250.90906596183777, 1833.7923165068892, 1583.8871446640132
251.36995601654053, 1833.866863133923, 1584.1603926392718
251.86578130722046, 1833.744906412466, 1583.5619460772114
252.419438123703, 1833.710429336203, 1583.862901913325
252.87532138824463, 1833.5628453661204, 1583.8744309543345
253.36607265472412, 1833.473817771675, 1584.0987063432972
253.87796926498413, 1832.9674334110834, 1584.0643043856705
254.37279152870178, 1833.2624973854, 1583.9601122303716
254.89663910865784, 1833.0826189198797, 1584.1624013405376
255.2548098564148, 1833.0826189198797, 1584.1624013405376
255.89042592048645, 1833.3473773905778, 1583.7463925341747
256.38421964645386, 1833.3410806595564, 1583.744483377334
256.8631331920624, 1833.1895769147166, 1584.2056576403177
257.3671193122864, 1832.7723046577921, 1583.9569492462542
257.87288880348206, 1833.0042546565787, 1584.4703676855788
258.37368535995483, 1833.5992192459407, 1584.4534461105645
258.90127396583557, 1833.1672052211582, 1583.9270324125882
259.3802156448364, 1833.2866158009301, 1583.7069241003574
259.8701629638672, 1833.741894569686, 1584.1752682878123
260.3749244213104, 1832.8883960996536, 1583.1912299761266
260.87169456481934, 1832.942735319607, 1583.3414858709707
261.3674213886261, 1832.9236989176718, 1583.7092843445853
261.8682827949524, 1833.2442202944092, 1584.0466923727276
262.4149899482727, 1833.124683313567, 1584.0933169053285
262.89779686927795, 1832.6440117732268, 1584.1799014277583
263.36766386032104, 1832.7002461565394, 1584.1787282607013
263.8684432506561, 1832.9340058079688, 1584.2546963471627
264.3681974411011, 1832.947256589653, 1584.222461838676
264.87594413757324, 1833.056017154488, 1584.4818941267233
265.3996093273163, 1832.7533572229354, 1584.0715844674546
265.8733675479889, 1832.5357374938774, 1584.1105994256764
266.2455372810364, 1832.5357374938774, 1584.1105994256764
266.8990442752838, 1832.4674843845585, 1584.323976084933
267.3658809661865, 1832.7544619804785, 1584.3636296579332
267.86571049690247, 1832.8522387198684, 1584.2215900918611
268.24589800834656, 1832.8522387198684, 1584.2215900918611
268.86846899986267, 1832.7478423721323, 1584.4365411647539
269.36532282829285, 1832.5995203311666, 1584.1926255095595
269.8641109466553, 1832.736008072266, 1584.443509957363
270.399774312973, 1833.0042129159442, 1584.0257501784815
270.86359906196594, 1832.7723031004386, 1584.7540252609208
271.38044810295105, 1832.8744231961066, 1584.3940168468291
271.8892307281494, 1833.0460162123259, 1584.3834452252545
272.38708567619324, 1832.474333470925, 1584.0984595024906
272.8868577480316, 1832.6524394075198, 1584.62051383399
273.4075472354889, 1832.2928538926437, 1584.3457927808704
273.9002957344055, 1832.8251440641613, 1583.8394617157744
274.2645437717438, 1832.8251440641613, 1583.8394617157744
274.88913440704346, 1832.495517707887, 1583.7435577194447
275.42078709602356, 1832.8181831862457, 1583.6743842095857
275.767884016037, 1832.8181831862457, 1583.6743842095857
276.3824496269226, 1832.7033884075463, 1584.097687772945
276.89039492607117, 1832.8125234483964, 1583.8912675534887
277.39019656181335, 1832.5612567446863, 1583.440096745478
277.8909158706665, 1832.5759160700698, 1584.0023891846652
278.3828103542328, 1832.4430266866107, 1583.9067157665843
278.8876338005066, 1832.8627622968568, 1584.0588044678032
279.38742113113403, 1832.8784891955258, 1584.1270731771938
279.8931429386139, 1832.6777537969097, 1583.9186922168108
280.3840112686157, 1832.8856431216568, 1583.6807805297246
280.88787627220154, 1832.0864773373805, 1584.0005032727931
281.38667368888855, 1831.9274037418245, 1583.7312230229884
281.8834562301636, 1832.6817974931912, 1583.9839436916684
282.3803551197052, 1832.715518649387, 1584.0523473314513
282.89008617401123, 1832.6218993356645, 1583.6866423679026
283.2661657333374, 1832.6218993356645, 1583.6866423679026
283.89767122268677, 1832.0421605721883, 1584.2303043478623
284.4033160209656, 1832.48415742272, 1583.6268503244694
284.8959982395172, 1832.324335409366, 1583.4331131233696
285.3946645259857, 1832.489535144884, 1583.8890938679988
285.88338589668274, 1832.7299122428233, 1584.1376487091761
286.2633674144745, 1832.7299122428233, 1584.1376487091761
286.89287757873535, 1832.784943286129, 1584.3143196423491
287.30797290802, 1832.784943286129, 1584.3143196423491
287.95234847068787, 1831.9617713220139, 1584.2647767767046
288.39821600914, 1832.0063502027574, 1583.8983981216948
288.90810561180115, 1831.7614349387968, 1583.6676145948343
289.39501190185547, 1832.2618929939579, 1584.1588618363776
289.8957407474518, 1832.1074849429067, 1584.193002069073
290.4035041332245, 1832.2158623517987, 1583.469527791529
290.8932909965515, 1832.0608009909804, 1583.8883002073935
291.2724130153656, 1832.0608009909804, 1583.8883002073935
291.91387724876404, 1833.2922730487574, 1582.475266098073
292.40368270874023, 1833.0748765638407, 1582.9210559964029
292.9135015010834, 1832.909300078331, 1582.702090723164
293.401291847229, 1832.6423837764519, 1582.6035017618333
293.9061026573181, 1832.8720723597507, 1582.8416494914552
294.4178285598755, 1832.8816275927672, 1582.5441425862061
294.935462474823, 1832.425013747624, 1582.6505575655183
295.4063868522644, 1832.6153585317024, 1583.0967478530688
295.907320022583, 1832.6391737387414, 1583.459733677478
296.4261395931244, 1832.9121176683732, 1583.2892363852013
296.93102264404297, 1833.2570125384937, 1582.8873795884326
297.4338843822479, 1832.7637933683723, 1582.7611512489532
297.8977241516113, 1833.1946073388938, 1582.9323626404785
298.39455938339233, 1832.6885956401727, 1582.9127444417484
298.89426159858704, 1832.2522837831557, 1582.8904308532021
299.41792345046997, 1832.892557632103, 1583.190942381218
299.9485409259796, 1832.4787682851515, 1583.1144362720286
300.41531801223755, 1832.3290916416568, 1582.705609420815
300.9090416431427, 1832.5937455104863, 1583.1694076108945
301.403781414032, 1833.0632570054836, 1583.343928718052
301.90246987342834, 1832.810346857884, 1582.4585198569882
302.3992373943329, 1831.8782205483922, 1583.8511362611043
302.9419050216675, 1340.240039700136, 1589.0662651181035
303.4246790409088, -51.68898387320028, 1617.1782213037425
304.11395931243896, 96.01417692194063, 177.9993108612973
304.45205450057983, 29.598949758164974, 2482.000000007185
304.9558184146881, 60.50000149791953, 189.0001630412345
305.4177505970001, 34.503994269685, 1617.8258556424137
305.92943811416626, 3324.012660239857, 20.0
306.3972809314728, 305.509732778559, 1630.4068448839907
306.89218854904175, 305.0672996054259, 1630.82271223127
307.3909685611725, 305.5576787902525, 1630.1509555227487
307.90666103363037, 328.25482070599793, 1630.493529623662
308.4004044532776, 910.5496425673971, 1629.6011335268295
308.9043273925781, 1109.1301409680411, 1629.3286437699048
309.4101438522339, 1094.5188173350111, 1630.723480747604
309.8959426879883, 916.3387020336768, 1630.4521683091443
310.39370679855347, 932.9948380619503, 1630.345366582719
310.9103982448578, 947.3649573713163, 1630.5019416458042
311.39526438713074, 947.4712327536467, 1629.9380013689379
311.9050452709198, 947.6353038373667, 1629.9472703315391
312.393741607666, 946.975370075066, 1630.0272650139018
312.9014744758606, 990.7406180932124, 1630.3853828964748
313.4222881793976, 1069.5021966174247, 1631.0793565643992
313.8961308002472, 1113.84793517348, 1630.7377325119417
314.39491748809814, 1113.6504055364414, 1631.8952817606266
314.9286241531372, 1113.6324713625243, 1631.7956704801534
315.42636728286743, 1141.0682321532138, 1631.265992741945
315.9251158237457, 1096.752989651634, 1631.6035681454882
316.40004205703735, 1067.694720162688, 1624.673397769667
316.9029040336609, 1127.696323690473, 1631.8251495971333
317.3966588973999, 635.8560391938861, 1636.1378859094355
317.7787971496582, 635.8560391938861, 1636.1378859094355
318.3973526954651, 584.9241614454381, 1630.3599465829732
318.7983751296997, 584.9241614454381, 1630.3599465829732
319.28922629356384, 584.9241614454381, 1630.3599465829732
319.91376781463623, 585.134605050098, 1627.9098766700865
320.28009033203125, 585.134605050098, 1627.9098766700865
320.89352345466614, 418.62918834986874, 1630.1183952878782
321.40738010406494, 664.8852529984028, 1629.393670177738
321.89122247695923, 842.4681907734056, 1628.4027925186706
322.39107179641724, 867.0261320379341, 1628.2338751475345
322.89985728263855, 859.8218734161061, 1625.4582927475176
323.4315664768219, 607.4844010397765, 1573.691237685087
323.7766795158386, 607.4844010397765, 1573.691237685087
324.3813443183899, 279.1911073768213, 1580.9955782822526
324.8901069164276, 478.6508007650317, 1622.0880921868174
325.3999128341675, 670.3466427084634, 1629.1636621090206
325.8986988067627, 841.8404403991949, 1620.5875031405333
326.3925082683563, 888.9413040235681, 1574.4686472805024
326.9112403392792, 798.9537742221795, 1568.547800877049
327.4201064109802, 722.7000909863431, 1570.2747434296944
327.8949866294861, 453.2626025566023, 1579.0993000166093
329.1380078792572, 1168.9730035304685, 378.01378119941245
329.4831199645996, 682.9949983304914, 20.0
329.83623361587524, 682.9949983304914, 20.0
330.39088344573975, 916.6695434556692, 1628.5337936935903
330.92050766944885, 943.6277967034482, 1631.1426547540254
331.4043836593628, 944.2485036254875, 1631.2991888536008
331.7765488624573, 944.2485036254875, 1631.2991888536008
332.3881344795227, 944.7246721362833, 1630.3765284402325
332.8909025192261, 833.2160086464793, 1627.7590784894103
333.4007091522217, 877.7244484000428, 1631.0859570313132
333.89246010780334, 880.6067929918287, 1627.3257244894342
334.3902328014374, 931.2137864198016, 1618.9302452581587
334.9009246826172, 697.162383424999, 1563.9020528699893
335.42361998558044, 741.1603958670206, 1571.7508235041255
335.9403200149536, 523.5783045207171, 1539.0557226901437
336.40108728408813, 1053.153379422189, 1631.9814545386132
336.90087890625, 1059.9065736358134, 1631.957284496609
337.4116451740265, 1065.021494558899, 1632.0340623477969
337.89344906806946, 1068.0136191004406, 1631.93655295075
338.3922426700592, 1069.271490531883, 1631.3141837921062
338.89199900627136, 1069.902825923899, 1631.7869879831958
339.3968255519867, 1070.4235152376318, 1631.2362615000065
339.9056179523468, 1070.606875875553, 1631.1892343301545
340.41535091400146, 1070.8664473622773, 1631.1877467709542
340.89311504364014, 1070.94879646089, 1631.033640456456
341.3910357952118, 1070.8223796273965, 1631.1537137202417
341.89372420310974, 1070.7571275663156, 1631.314314462204
342.3934316635132, 1071.2144396486672, 1631.2691782001368
342.899272441864, 1071.5707454714855, 1631.4453523435322
343.39606499671936, 1071.3420466035575, 1630.871256554783
343.8998472690582, 1071.3587188970453, 1631.2291278653265
343.9576642513275, 1071.3587188970453, 1631.2291278653265
344.41643619537354, 1071.4379227637, 1630.8871175160193
344.93804001808167, 1071.5552626178812, 1631.4614963097833
345.2891013622284, 1071.5552626178812, 1631.4614963097833
345.79486107826233, 1071.5552626178812, 1631.4614963097833
346.3854923248291, 1072.0252988883171, 1631.4615825189735
346.9022710323334, 1072.2419032209514, 1631.323422700237
347.404123544693, 1072.7032024505866, 1631.6153682039235
347.90186738967896, 1071.7061460382918, 1630.3277586049212
348.4027462005615, 1069.8915830898009, 1633.148688416034
348.89750480651855, 1070.3757219298507, 1638.9441934694491
349.4073085784912, 1081.1426858335567, 1655.405327527103
349.7754633426666, 1081.1426858335567, 1655.405327527103
350.39101815223694, 1097.273370469875, 1675.0905267335834
350.89880418777466, 1097.3797658847136, 1675.1540255484995
351.4105718135834, 1097.742417201815, 1675.1003003668254
351.89834237098694, 1097.7427172324474, 1674.9303426408942
352.427045583725, 1097.9601233290646, 1675.2198771573874
352.8988435268402, 1097.749210368888, 1674.6060311541598
353.3986291885376, 1097.548240502532, 1674.6259716281465
353.6160707473755, 1097.548240502532, 1674.6259716281465
353.9202733039856, 1097.922482042046, 1675.2686863882977
354.4450538158417, 1097.4421622606033, 1674.550897234911
354.90395951271057, 1097.931328336699, 1674.5505789590602
355.4037938117981, 1097.5400337909048, 1674.7123316441107
355.90062284469604, 1097.6761662970769, 1674.7563233624653
356.3955109119415, 1097.2906490853545, 1675.224326035366
356.94426345825195, 1097.4017680004542, 1674.7260978678535
357.4022250175476, 1097.19130882028, 1675.11981448107
357.770396232605, 1097.19130882028, 1675.11981448107
358.3959493637085, 1097.0930239165318, 1674.730474432204
358.8926954269409, 1097.4758396320428, 1675.1040971421107
359.40052580833435, 1097.0135446323804, 1674.901664254666
359.9082865715027, 1097.0378490894511, 1675.0198317944012
360.2764582633972, 1097.0378490894511, 1675.0198317944012
360.7724106311798, 1097.0378490894511, 1675.0198317944012
361.3950140476227, 1097.2251516454385, 1674.9859321875497
361.8938105106354, 1097.7148807696608, 1675.8011746365164
362.3946580886841, 1096.53553707577, 1674.8486351003755
362.8914988040924, 1098.2566221290754, 1673.1074133148118
363.2735059261322, 1098.2566221290754, 1673.1074133148118
363.90407824516296, 1091.9906495176535, 1629.2189918967576
364.4058430194855, 1083.7389728294274, 1619.934110944882
364.9186062812805, 1070.2093360088077, 1618.539632916562
365.4123384952545, 1067.803437845756, 1615.4527831403263
365.9201068878174, 1067.3244048956096, 1615.4834932040264
366.43772888183594, 1067.185622731853, 1615.3056572262553
366.89849519729614, 1067.673255608339, 1615.9471800461981
367.27253341674805, 1067.673255608339, 1615.9471800461981
367.9009795188904, 1067.2168686112757, 1615.320074047544
368.4496285915375, 1067.0868239738963, 1615.5051585170065
368.9155685901642, 1066.516826808951, 1615.9138202969623
368.9843854904175, 1066.516826808951, 1615.9138202969623
369.40038657188416, 1067.771600671158, 1615.3285420807013
369.8990867137909, 1067.1956768562948, 1615.4558322103915
370.39884424209595, 1067.3698927394507, 1615.8385855784245
370.89861488342285, 1068.1117181559075, 1615.376681547028
371.39339542388916, 1067.896260457552, 1615.3990466003038
371.89325857162476, 1067.086483421775, 1615.0486097506734
372.43798065185547, 1067.2904650775422, 1615.2358786212967
372.9029269218445, 1065.565425789995, 1612.3711666919462
373.40666222572327, 1061.5888816396114, 1621.1368171541908
373.9252896308899, 1062.2752687073175, 1625.812978677829
374.4120991230011, 1078.6659487410552, 1646.7233042703722
374.80215215682983, 1078.6659487410552, 1646.7233042703722
375.3987092971802, 1085.765752874428, 1653.7431652967348
375.898464679718, 1085.4792230134185, 1653.0104176361458
376.4022641181946, 1086.0388260220382, 1652.9835802706227
376.89599537849426, 1085.8653078447237, 1653.258989761841
377.39074182510376, 1085.13565819184, 1653.5794959435602
377.9053645133972, 1085.734788366792, 1652.8946620988065
378.4021203517914, 1085.8388667543318, 1653.2250077681074
378.78327918052673, 1085.8388667543318, 1653.2250077681074
379.4048755168915, 1085.820171876963, 1653.4871465701813
379.9146423339844, 1085.9730429383403, 1653.0273787233982
380.44035387039185, 1085.5071481798952, 1653.3973347965245
380.89918780326843, 1085.8689881652485, 1653.3692853247717
381.40104150772095, 1085.5679000404286, 1654.3994397891372
381.89492630958557, 1085.4766350843743, 1652.852267973094
382.41870522499084, 1086.5759426083825, 1653.1889704677792
382.8985216617584, 1085.0631640017712, 1653.4138801282627
383.27575421333313, 1085.0631640017712, 1653.4138801282627
383.94415068626404, 1085.8913709121946, 1653.0128080691454
384.27836060523987, 1085.8913709121946, 1653.0128080691454
384.9078073501587, 1086.0531385706076, 1653.4669253411662
385.4037415981293, 1085.8053683092314, 1653.1266222795405
385.7969419956207, 1085.8053683092314, 1653.1266222795405
386.3915798664093, 1085.967835485583, 1653.040931420829
386.9092826843262, 1086.0046122025947, 1653.2282125237784
387.393039226532, 1085.3805161022976, 1652.7969735581955
387.776180267334, 1085.3805161022976, 1652.7969735581955
388.39571046829224, 1085.9017398246817, 1653.1392566907168
388.908411026001, 1085.6398977348554, 1652.8324852054304
389.40024638175964, 1086.0807173080568, 1652.9730379470213
389.89613032341003, 1086.026244683626, 1653.305193090538
390.39592957496643, 1086.2422890621356, 1653.1359697754485
390.8968331813812, 1085.7475772900252, 1652.89314465697
391.44062542915344, 1085.7310683864237, 1653.1119211977416
391.92444920539856, 1085.717381450838, 1653.012344935039
392.4401345252991, 1085.2405385490308, 1653.4158215438224
392.89408683776855, 1085.500102351364, 1653.243177641228
393.40486311912537, 1085.5207898851877, 1652.9444707621033
393.91360807418823, 1085.7145027374613, 1652.672335343947
394.3954601287842, 1086.0910374429595, 1652.6914924006885
394.901335477829, 1085.4482628690162, 1652.666952404529
395.41514348983765, 1085.4888550250298, 1653.4208393861722
395.92087173461914, 1085.4199349419594, 1653.9119560902905
396.3998165130615, 1085.7249210265427, 1653.2203340599706
396.91159439086914, 1085.2420565652083, 1653.1927048635196
397.4402275085449, 1085.9092743184585, 1653.8991089892365
397.9021944999695, 1084.9647059974418, 1653.7208066474516
398.3979663848877, 1085.1865479749429, 1653.7494076620042
398.90067434310913, 1085.0193331504117, 1653.458542200928
399.3974690437317, 1085.2053938194579, 1653.5824490864006
399.9022397994995, 1085.062722815872, 1653.3754431677119
400.428918838501, 1085.5587444255061, 1653.6894920274615
400.8948357105255, 1085.9978498090702, 1653.6769221104794
401.39459681510925, 1085.6138098583701, 1653.624119969327
401.91829776763916, 1085.356644956674, 1653.751712737324
402.432092666626, 1085.2261692226925, 1653.5310929127832
402.89210629463196, 1085.3682326960652, 1654.002739402476
403.3929591178894, 1085.3406625068446, 1653.8078928022962
403.909786939621, 1085.7224202331722, 1653.7991158931613
404.2837870121002, 1085.7224202331722, 1653.7991158931613
404.91210532188416, 1085.1566880851976, 1653.7493231990838
405.2721416950226, 1085.1566880851976, 1653.7493231990838
405.8955202102661, 1085.241423085911, 1653.5782098603843
406.40533208847046, 1085.2674166430352, 1653.7132280109238
406.9130539894104, 1085.629019485816, 1653.978971764171
407.42380261421204, 1085.5266653123574, 1653.210351029421
407.89959931373596, 1085.2643421679209, 1653.7925995227656
408.2757568359375, 1085.2643421679209, 1653.7925995227656
408.90118741989136, 1085.1912868831046, 1653.8573344856218
409.4009232521057, 1085.498442919964, 1653.632186973911
409.89866852760315, 1084.8204244044932, 1653.7940277798587
410.4084424972534, 1085.0966540699644, 1653.6418579665421
410.91830039024353, 1085.1437194010107, 1653.5798185369574
411.4010696411133, 1085.2459955062027, 1653.4324399043062
411.8988733291626, 1085.495105681017, 1653.6872255447197
412.4076507091522, 1085.5475884234177, 1653.7739715324392
412.8984787464142, 1085.0118119399865, 1654.0371231996596
413.4383645057678, 1085.0171704691827, 1653.7870298304035
413.9370982646942, 1085.2474242341932, 1653.7285841573914
414.4259355068207, 1085.064501048461, 1653.4523383841404
414.9336996078491, 1085.3185244705996, 1654.0925039321692
415.44543623924255, 1084.8176381285928, 1654.1745009002332
415.90033650398254, 1084.892837216219, 1654.1917543765628
416.39612078666687, 1085.2216796177204, 1654.0768594990477
416.8949501514435, 1085.023875252089, 1653.689032572432
417.39367747306824, 1084.712689263254, 1653.778722233696
417.89639711380005, 1085.2078338631427, 1653.1249513889704
418.3931939601898, 1085.2538334786052, 1653.7278627993858
418.94883465766907, 1085.0890453723614, 1653.426766691295
419.39784121513367, 1085.470297808672, 1652.9165913512868
419.9045822620392, 1084.903204649815, 1653.1876137057304
420.4322006702423, 1085.1143332228014, 1653.252672257852
420.8002760410309, 1085.1143332228014, 1653.252672257852
421.3859152793884, 1085.4329928120217, 1653.8777196499382
421.916695356369, 1085.3125990943156, 1653.9679286588312
422.4363615512848, 1084.8323615361685, 1653.5391772583134
422.8912491798401, 1085.5226150664714, 1654.2310432441182
423.392037153244, 1084.8005583210534, 1653.9314663879793
423.89276933670044, 1085.3682772430197, 1653.9444886313315
424.3935270309448, 1085.0983868498965, 1654.178270362855
424.90727257728577, 1084.6731755863286, 1654.1230974957366
425.4030170440674, 1084.5812904587103, 1653.9084664531815
425.90471863746643, 1085.154860716824, 1654.0422685711762
426.4095230102539, 1084.6959238238517, 1653.665741637031
426.8993077278137, 1085.0428037253491, 1653.9041361039508
427.4020709991455, 1085.0525836008212, 1653.2741784900568
427.9486985206604, 1084.8465519320803, 1653.231343063843
428.39550280570984, 1084.8756903054796, 1653.379642875975
428.9411835670471, 1084.7013731433813, 1653.5945051131619
429.4000310897827, 1085.0651881763329, 1653.6610540515385
429.8997881412506, 1084.8986364598875, 1653.2080098989343
430.43240213394165, 1084.8528667166604, 1653.806671044326
430.9052369594574, 1084.4236860453545, 1653.9362192241563
431.41191506385803, 1084.9938100306479, 1653.812117795364
431.9066002368927, 1084.7407020499525, 1653.6149684879288
432.2757523059845, 1084.7407020499525, 1653.6149684879288
432.93429923057556, 1084.8422649498652, 1654.1007025575484
433.4301941394806, 1084.7693210348664, 1653.7670192328217
433.9139552116394, 1084.6937240227053, 1654.252895724295
434.41176652908325, 1084.7383607696645, 1654.1640023635853
434.8985524177551, 1084.3390134163633, 1653.7290270027017
435.40223026275635, 1085.4215672921696, 1653.5228202821957
435.9458837509155, 1085.106328741176, 1654.0470817351675
436.4326910972595, 1084.7166614569478, 1653.7667058243446
436.9075164794922, 1084.8672585197646, 1653.7886432355135
437.40029764175415, 1085.0541699442863, 1653.9062997835422
437.89696884155273, 1085.2122379949747, 1654.2016425724207
438.39379692077637, 1085.0154739506852, 1653.985992892885
438.8924808502197, 1084.616732081873, 1653.031995583642
439.3044786453247, 1084.616732081873, 1653.031995583642
439.9489405155182, 1084.3180180276672, 1653.8546306569194
440.4047577381134, 1084.5048004858977, 1653.671384027471
440.89854288101196, 1085.0972715578528, 1653.3566684902237
441.4005250930786, 1085.3188950018725, 1653.205507849809
441.9012305736542, 1084.8951349702677, 1653.1411291535815
442.41394209861755, 1084.9491737034966, 1653.2336381139473
442.90872526168823, 1084.954579108595, 1653.2288143083422
443.39458084106445, 1085.3585118249794, 1653.4506788357573
443.90431356430054, 1084.278017810456, 1653.060687785622
444.40612053871155, 1084.7322915940513, 1653.0124819456178
444.9098811149597, 1084.9984158337538, 1653.5488220285183
445.4215614795685, 1084.9435604398122, 1653.6516881040714
445.9034688472748, 1085.120290726625, 1653.5041584651465
446.42635226249695, 1084.9407328667262, 1652.6626143098927
446.9102520942688, 1084.8084284318372, 1653.091191380203
447.30529975891113, 1084.8084284318372, 1653.091191380203
447.8998327255249, 1084.90236866438, 1653.2690033876115
448.39856028556824, 1084.8661615116969, 1653.6652956281855
448.8963496685028, 1084.8124869478165, 1653.8048370414806
449.395161151886, 1085.0739774039344, 1653.388079788539
449.7723059654236, 1085.0739774039344, 1653.388079788539
450.400892496109, 1084.5423814232672, 1653.6778859116082
450.9006679058075, 1084.3619267619342, 1653.3613515758698
451.413414478302, 1084.5950020248908, 1653.4573134294508
451.77951645851135, 1084.5950020248908, 1653.4573134294508
452.3810861110687, 1084.8795115000012, 1653.6467014481218
452.7761731147766, 1084.8795115000012, 1653.6467014481218
453.3817231655121, 1084.8552916779843, 1654.1544878501454
453.8934042453766, 1084.8737456023896, 1654.1375180558894
454.42113304138184, 1084.8693541385803, 1653.7793782941665
454.9169387817383, 1085.004237323712, 1653.5983261838037
455.44366240501404, 1084.6600884032243, 1653.4972810675279
455.92643880844116, 1084.7393959375554, 1653.4987731975502
456.39228081703186, 1084.276574929728, 1653.7437572374245
456.90407156944275, 1085.5684158356264, 1653.9246495043242
457.29515409469604, 1085.5684158356264, 1653.9246495043242
457.89461517333984, 1085.6358265971835, 1653.6847260402872
458.39147186279297, 1085.1472191079122, 1653.2608249137008
458.7735822200775, 1085.1472191079122, 1653.2608249137008
459.3990550041199, 1085.0573052598181, 1653.5738069083613
459.903849363327, 1085.006679554306, 1653.2743133040672
460.3976182937622, 1085.0425262027136, 1653.801775943019
460.9074811935425, 1085.455279915442, 1653.5348288963019
461.40325832366943, 1084.6950633434315, 1653.3643250163682
461.9290153980255, 1084.3146464371898, 1653.6375655202048
462.4198000431061, 1084.74712717955, 1653.8752948309475
462.76999831199646, 1084.74712717955, 1653.8752948309475
