time, x0, y0, x1, y1...
4.084064483642578, 20.0, 20.0
4.584723472595215, 20.0, 20.0
5.083389759063721, 20.0, 20.0
5.583050727844238, 20.0, 20.0
6.0827131271362305, 20.0, 20.0
6.576391220092773, 20.0, 20.0
7.380238771438599, 464.5149913597053, 2050.0483057097413
8.091336965560913, 464.5149913597053, 2050.0483057097413
8.595983982086182, 464.5149913597053, 2050.0483057097413
9.109609127044678, 464.5149913597053, 2050.0483057097413
9.584338665008545, 464.5149913597053, 2050.0483057097413
10.079013109207153, 464.5149913597053, 2050.0483057097413
10.578674793243408, 464.5149913597053, 2050.0483057097413
11.08631682395935, 464.5149913597053, 2050.0483057097413
11.58996844291687, 464.5149913597053, 2050.0483057097413
12.081651210784912, 464.5149913597053, 2050.0483057097413
12.591288089752197, 464.5149913597053, 2050.0483057097413
13.080975532531738, 464.5149913597053, 2050.0483057097413
13.618536233901978, 464.5149913597053, 2050.0483057097413
14.083293437957764, 464.5149913597053, 2050.0483057097413
14.587940692901611, 464.5149913597053, 2050.0483057097413
15.092590570449829, 464.5149913597053, 2050.0483057097413
15.599233388900757, 464.5149913597053, 2050.0483057097413
16.08692741394043, 464.5149913597053, 2050.0483057097413
16.211593627929688, 464.5149913597053, 2050.0483057097413
16.612520217895508, 464.5149913597053, 2050.0483057097413
17.080270767211914, 464.5149913597053, 2050.0483057097413
17.58691120147705, 464.5149913597053, 2050.0483057097413
18.081586360931396, 464.5149913597053, 2050.0483057097413
18.604188442230225, 464.5149913597053, 2050.0483057097413
19.096869945526123, 464.5149913597053, 2050.0483057097413
19.584563732147217, 464.5149913597053, 2050.0483057097413
20.078240394592285, 464.5149913597053, 2050.0483057097413
20.567930221557617, 464.5149913597053, 2050.0483057097413
21.100504636764526, 464.5149913597053, 2050.0483057097413
21.584211349487305, 464.5149913597053, 2050.0483057097413
22.106810808181763, 464.5149913597053, 2050.0483057097413
22.58353281021118, 464.5149913597053, 2050.0483057097413
23.0871844291687, 464.5149913597053, 2050.0483057097413
23.603801250457764, 464.5149913597053, 2050.0483057097413
24.091496229171753, 464.5149913597053, 2050.0483057097413
24.585174322128296, 464.5149913597053, 2050.0483057097413
25.086830377578735, 464.5149913597053, 2050.0483057097413
25.579511642456055, 464.5149913597053, 2050.0483057097413
26.077179431915283, 464.5149913597053, 2050.0483057097413
26.585816860198975, 464.5149913597053, 2050.0483057097413
27.11739492416382, 464.5149913597053, 2050.0483057097413
27.611072778701782, 464.5149913597053, 2050.0483057097413
28.0997633934021, 464.5149913597053, 2050.0483057097413
28.588456630706787, 464.5149913597053, 2050.0483057097413
29.10507345199585, 464.5149913597053, 2050.0483057097413
29.582793951034546, 464.5149913597053, 2050.0483057097413
30.096419095993042, 464.5149913597053, 2050.0483057097413
30.592092037200928, 464.5149913597053, 2050.0483057097413
31.08477234840393, 464.5149913597053, 2050.0483057097413
31.596401691436768, 464.5149913597053, 2050.0483057097413
32.414212226867676, 1342.4556103344614, 2050.2039568870437
33.083420515060425, 1342.4556103344614, 2050.2039568870437
33.6219801902771, 1342.4556103344614, 2050.2039568870437
34.09471368789673, 1342.4556103344614, 2050.2039568870437
34.62928223609924, 1342.4556103344614, 2050.2039568870437
35.10301399230957, 1342.4556103344614, 2050.2039568870437
35.627609729766846, 1342.4556103344614, 2050.2039568870437
36.12727093696594, 1342.4556103344614, 2050.2039568870437
36.61097693443298, 1342.4556103344614, 2050.2039568870437
37.091689348220825, 1342.4556103344614, 2050.2039568870437
37.57439661026001, 1342.4556103344614, 2050.2039568870437
38.08901834487915, 1342.4556103344614, 2050.2039568870437
38.59067678451538, 1342.4556103344614, 2050.2039568870437
39.11527132987976, 1342.4556103344614, 2050.2039568870437
39.59498715400696, 1342.4556103344614, 2050.2039568870437
40.10262656211853, 1342.4556103344614, 2050.2039568870437
40.59331512451172, 1342.4556103344614, 2050.2039568870437
41.13286828994751, 1342.4556103344614, 2050.2039568870437
41.5856568813324, 1342.4556103344614, 2050.2039568870437
42.10227346420288, 1342.4556103344614, 2050.2039568870437
42.596949338912964, 1342.4556103344614, 2050.2039568870437
43.092623710632324, 1342.4556103344614, 2050.2039568870437
43.59627294540405, 1342.4556103344614, 2050.2039568870437
44.10291576385498, 1342.4556103344614, 2050.2039568870437
44.597593545913696, 1342.4556103344614, 2050.2039568870437
45.09526205062866, 1342.4556103344614, 2050.2039568870437
45.60489535331726, 1342.4556103344614, 2050.2039568870437
46.089597940444946, 1342.4556103344614, 2050.2039568870437
46.613194942474365, 1342.4556103344614, 2050.2039568870437
47.093909740448, 1342.4556103344614, 2050.2039568870437
47.597559690475464, 1342.4556103344614, 2050.2039568870437
48.09276509284973, 1342.4556103344614, 2050.2039568870437
48.63032627105713, 1342.4556103344614, 2050.2039568870437
49.10006785392761, 1342.4556103344614, 2050.2039568870437
49.58576726913452, 1342.4556103344614, 2050.2039568870437
50.11136221885681, 1342.4556103344614, 2050.2039568870437
50.596062660217285, 1342.4556103344614, 2050.2039568870437
51.09971499443054, 1342.4556103344614, 2050.2039568870437
51.5884051322937, 1342.4556103344614, 2050.2039568870437
52.11798858642578, 1342.4556103344614, 2050.2039568870437
52.59770345687866, 1342.4556103344614, 2050.2039568870437
53.098363637924194, 1342.4556103344614, 2050.2039568870437
53.60301160812378, 1342.4556103344614, 2050.2039568870437
54.11663627624512, 1342.4556103344614, 2050.2039568870437
54.59934377670288, 1342.4556103344614, 2050.2039568870437
55.11895394325256, 1342.4556103344614, 2050.2039568870437
55.615622997283936, 1342.4556103344614, 2050.2039568870437
56.10231971740723, 1342.4556103344614, 2050.2039568870437
56.59998798370361, 1342.4556103344614, 2050.2039568870437
57.114609241485596, 1342.4556103344614, 2050.2039568870437
57.59332847595215, 1342.4556103344614, 2050.2039568870437
58.113935232162476, 1342.4556103344614, 2050.2039568870437
58.59664177894592, 1342.4556103344614, 2050.2039568870437
59.106276988983154, 1342.4556103344614, 2050.2039568870437
59.61690950393677, 1342.4556103344614, 2050.2039568870437
60.14050817489624, 1342.4556103344614, 2050.2039568870437
60.584319829940796, 1342.4556103344614, 2050.2039568870437
61.09595060348511, 1342.4556103344614, 2050.2039568870437
61.598604917526245, 1342.4556103344614, 2050.2039568870437
62.07034134864807, 1342.4556103344614, 2050.2039568870437
62.60590696334839, 1342.4556103344614, 2050.2039568870437
63.09260439872742, 1342.4556103344614, 2050.2039568870437
63.59725284576416, 1342.4556103344614, 2050.2039568870437
64.09491991996765, 1342.4556103344614, 2050.2039568870437
64.60954236984253, 1342.4556103344614, 2050.2039568870437
65.09624004364014, 1342.4556103344614, 2050.2039568870437
65.29271364212036, 1342.4556103344614, 2050.2039568870437
65.59989142417908, 1342.4556103344614, 2050.2039568870437
66.07960677146912, 1342.4556103344614, 2050.2039568870437
66.61417508125305, 1342.4556103344614, 2050.2039568870437
67.10785341262817, 1342.4556103344614, 2050.2039568870437
67.24349045753479, 1342.4556103344614, 2050.2039568870437
67.6164915561676, 1342.4556103344614, 2050.2039568870437
68.10318875312805, 1342.4556103344614, 2050.2039568870437
68.59686708450317, 1342.4556103344614, 2050.2039568870437
69.08356499671936, 1342.4556103344614, 2050.2039568870437
69.24313592910767, 1342.4556103344614, 2050.2039568870437
69.61514139175415, 1342.4556103344614, 2050.2039568870437
70.11280727386475, 1342.4556103344614, 2050.2039568870437
70.8697817325592, 1220.4860614580266, 1198.4264188588634
71.01439666748047, 1220.4860614580266, 1198.4264188588634
71.19690537452698, 1220.4860614580266, 1198.4264188588634
71.5868616104126, 1220.4860614580266, 1198.4264188588634
72.09949040412903, 1220.4860614580266, 1198.4264188588634
72.60713028907776, 1220.4860614580266, 1198.4264188588634
72.93624806404114, 1220.4860614580266, 1198.4264188588634
73.11476993560791, 1220.4860614580266, 1198.4264188588634
73.59747791290283, 1220.4860614580266, 1198.4264188588634
74.11110281944275, 1220.4860614580266, 1198.4264188588634
74.598797082901, 1220.4860614580266, 1198.4264188588634
75.08549451828003, 1220.4860614580266, 1198.4264188588634
75.60609936714172, 1220.4860614580266, 1198.4264188588634
76.09479236602783, 1220.4860614580266, 1198.4264188588634
76.60941410064697, 1220.4860614580266, 1198.4264188588634
77.0961103439331, 1220.4860614580266, 1198.4264188588634
