time, x0, y0, x1, y1...
2.537196397781372, 1560.0231772055122, 1515.5650260798425
2.999147415161133, 1560.390288888217, 1512.8432126221123
3.53299880027771, 1555.4641623408336, 1516.466548015074
4.027092218399048, 1556.4466484287507, 1520.8226913766523
4.546836614608765, 1556.607607595831, 1514.592128632002
4.614654302597046, 1556.607607595831, 1514.592128632002
5.047851085662842, 1557.4942272068777, 1518.0849010625307
5.568824052810669, 1557.8653970952648, 1515.3702001627998
6.071776390075684, 1554.5203071736582, 1519.3750127719659
6.642642259597778, 1561.0409405855657, 1522.0785554947392
7.070666790008545, 1556.9496759093915, 1517.7988982565773
7.574840068817139, 1559.056805166882, 1515.7095189630622
8.08987021446228, 1551.4351910834687, 1516.8547100177686
8.61875605583191, 1554.6163083458944, 1520.720298594869
9.12164306640625, 1558.5622636943199, 1518.0237930074345
9.624603748321533, 1551.6290995096535, 1519.0133123360188
10.129720211029053, 1558.6823784492894, 1520.2154918821884
10.673777103424072, 1561.0158297335672, 1518.1390964972613
11.210613012313843, 1559.8350693911125, 1513.3244176152846
11.70068907737732, 1554.6240852986245, 1512.9832609976302
12.170401096343994, 1555.287440858244, 1515.666440757198
12.695993423461914, 1557.4552888559144, 1525.6110730459147
13.212636470794678, 1561.0935896940234, 1515.4072226811827
13.71262526512146, 1552.6815567482074, 1515.0697251826443
14.223512649536133, 1559.621088424277, 1516.1136684677213
14.779174566268921, 1559.836866288515, 1520.0619133526682
15.245985269546509, 1555.9909671077244, 1522.1806859542337
15.848459720611572, 1556.1799829727781, 1518.6342636036325
16.269453763961792, 1560.731650484622, 1512.2398412903785
16.782236576080322, 1555.8473867051478, 1519.3509085584024
17.288942098617554, 1556.3287675940899, 1514.0373080323154
17.80969500541687, 1558.0644453614957, 1521.056354770566
18.33743453025818, 1554.0438823460206, 1516.3263971659649
18.80637764930725, 1556.4657662795896, 1521.5810144179716
19.330150604248047, 1559.3533639729633, 1510.9579480698392
19.690219402313232, 1559.3533639729633, 1510.9579480698392
20.304847955703735, 1556.3776355392354, 1521.316393791692
20.79768681526184, 1558.134237532256, 1514.6361349048927
21.299766302108765, 1551.4618101840797, 1513.7159223204326
21.80666995048523, 1550.6832272838762, 1507.3546403590394
22.32141351699829, 1506.9337673027762, 1509.0013503932885
22.827058792114258, 1450.6209806016448, 1544.1322148199376
23.354868173599243, 2299.191444930184, 2135.3967519130747
23.853853940963745, 2426.995187068513, 2216.372462913358
24.36081075668335, 2433.627690005031, 2218.667212080227
24.85966658592224, 2432.1755948333143, 2232.6910149068417
25.37544059753418, 2429.546872356495, 2229.4408282733375
25.883429050445557, 2426.0562439162613, 2234.1596652905223
26.398277759552002, 2435.527021157994, 2233.615895865471
26.978922605514526, 1891.8056199095233, 1451.6577568428033
27.480966806411743, 1848.437701606008, 1475.545910218399
27.961940050125122, 1879.6211107400627, 1435.1439372960747
28.42816734313965, 2587.706033946604, 1760.907634069674
28.91032123565674, 2434.526804663722, 2595.094909384558
29.479002952575684, 1899.9297077465396, 2803.437882557432
29.983062028884888, 1559.5097460863276, 2806.4263280869686
30.99381709098816, 1539.8107463414347, 2811.818644293682
31.555431365966797, 1556.6527371836683, 2417.175361939786
32.534247159957886, 1523.744879034444, 2767.164335733682
33.044360637664795, 1611.1103147692186, 2639.7572936601077
33.55722737312317, 1403.5415431380152, 2694.738733782811
34.06915020942688, 1609.837227694298, 2489.209377326024
34.575273752212524, 1562.8229986090446, 2726.947350718791
35.10125970840454, 1606.6202240013984, 2130.215810807926
35.7408607006073, 1965.0572703183964, 1706.6698733176177
36.15193819999695, 1589.5180989798619, 2956.477828660659
36.6678204536438, 1679.189708371126, 1710.2805020965425
37.146793603897095, 1601.7885054032092, 1998.724360277972
37.77439546585083, 2157.999034496585, 1381.1923475168612
38.18044853210449, 1018.3358543622909, 696.9279523442968
38.70433974266052, 2724.3914376253565, 1510.119305571029
39.20129323005676, 2206.9464786797057, 831.0840786621415
39.71616339683533, 1644.7822153564332, 1673.88658167964
40.22213935852051, 1826.0150761026614, 2350.8069498457958
40.757224559783936, 2189.122610836265, 2848.7647768807283
41.26805663108826, 1844.8187186722184, 612.1084440833858
41.77077031135559, 2236.2845033750023, 1420.3516957331055
42.312323570251465, 2087.6040206399402, 1596.6739103674508
42.78729271888733, 2105.2688968254065, 1549.201730507284
43.25106406211853, 331.09034469623435, 1205.1129064161196
43.80790948867798, 1067.7587656719877, 1486.6987213477853
44.29694724082947, 1990.8376496886053, 260.14735496719715
44.833908796310425, 2051.1387763126468, 1301.074542356528
45.33174276351929, 2198.066645767817, 1222.7564803343184
45.925562143325806, 2248.911113775318, 182.4794963775788
46.34656620025635, 3032.4496151627677, 1035.791542346453
46.83362126350403, 2287.34130408779, 611.0972663741525
47.38137102127075, 2155.312223767228, 1713.2149522132947
47.845394134521484, 2206.8221326365065, 2001.7664181198004
48.37942171096802, 1923.2092926979462, 1139.5265170626274
48.884506940841675, 2137.6222033841486, 1767.8563341850042
49.407607555389404, 2346.720708053522, 932.6528742261684
49.90347719192505, 2426.1706862771784, 1407.0718664904111
50.48314452171326, 3952.628204596587, 1542.3507715489384
50.92317247390747, 2218.0488672424503, 2284.8041940842195
51.46708941459656, 2098.2358796997673, 1381.01499367759
51.9580557346344, 2069.1675148084046, 998.7520721810764
52.458051681518555, 2319.367045119648, 1301.6758300348624
53.01162910461426, 1802.7674686896328, 2631.7004480849437
53.48659110069275, 1736.3414871340735, 2914.8156818002053
54.017350912094116, 1627.0588524277214, 2985.484006332922
54.53214192390442, 1859.5118741551503, 2752.1176625280855
54.98398017883301, 1564.5461600943102, 2947.07628487086
55.5116970539093, 1459.5733015285791, 2997.8709428939846
56.04857850074768, 1680.4587453312834, 2659.1403953056956
56.552430152893066, 1514.6441477382823, 2819.640908420605
57.06526851654053, 1545.7712903988331, 2355.9863067271026
57.55018329620361, 1844.1999316537347, 2766.47198255098
58.034231424331665, 2074.302808453726, 2999.3781985324636
58.540096282958984, 1985.0340905039373, 2754.4143284896586
59.06713390350342, 1818.1619996037841, 1480.6631319361213
59.609017848968506, 1929.727369494276, 1477.78736731484
60.061957120895386, 2185.7648413102975, 2990.4999966732403
60.61580204963684, 1811.468259588164, 1706.2835191255353
61.17849636077881, 2291.5000000889986, 1196.3952566270739
62.11338257789612, 1966.36296821904, 2801.4248293046858
62.65029764175415, 2174.844654169372, 2945.836086048226
63.189109325408936, 1840.2490916679385, 1489.5416899586075
63.663933992385864, 2152.855172932256, 2993.175614884973
64.68792271614075, 1445.4441527568342, 2971.6783114375476
65.20199584960938, 1431.1263393775134, 2976.3312894802007
65.71386694908142, 1387.9645896131753, 3000.1956830420713
67.32733726501465, 266.3554559327194, 19.20193939677224
67.79612302780151, 1795.992644027013, 987.0215881707488
68.2940902709961, 1908.8333953672593, 1239.5046797445004
68.76811265945435, 1708.0806099029835, 1178.708024791984
69.31904482841492, 2108.9074688824353, 1453.87313059045
69.85107016563416, 1831.3015743995702, 1437.044881996495
70.34690380096436, 2181.4258985938345, 1436.0635534989235
70.90174388885498, 2015.8592280971804, 882.41232655761
71.35579681396484, 1710.677824638428, 1214.8740518377288
71.82261276245117, 1806.0182782876589, 759.4225925683852
72.35122776031494, 1899.1674982511818, 1310.983886029766
72.8967354297638, 1884.4115705338547, 1267.6728237978996
73.40844655036926, 2016.5726660450237, 2500.788144530716
73.91829562187195, 1954.359961278259, 1179.6319412869575
74.59268808364868, 1915.5624208667248, -1044.9248430886275
75.16419005393982, 1776.0152556957014, 1177.3183767124208
75.42150139808655, 2016.887142544608, 1415.539963790648
75.93911457061768, 1726.2776256101604, 1394.6698349223557
76.50394296646118, 2054.909871324854, 903.7511521053482
76.9730110168457, 2008.4446708838454, 1406.1992345620067
77.59071397781372, 2006.6435107553084, 639.6348771047941
78.08051919937134, 1996.5575550669023, 1597.3665241368997
78.49749898910522, 1769.8246254069768, 1094.3630193141355
78.99047541618347, 2003.9057798567405, 1150.5315156882568
79.5341408252716, 2036.9226060441988, 881.5628665359822
80.3122489452362, 2101.6436518148053, 1195.3904757158348
81.07248950004578, 1926.9415058565223, 1259.3681338303581
81.53924584388733, 1592.6712404752197, 1400.62253848752
82.06898880004883, 2322.2003485783425, 1208.5970595959411
82.53602647781372, 2374.220284075731, 2507.614593115572
83.0407350063324, 1827.0333678046375, 1483.3773973650484
83.6281623840332, 1954.271094570524, 798.7570798661224
84.04814171791077, 1158.844338707863, 1813.4204984519201
84.55417656898499, 2019.9758139952828, 1392.2239921559944
85.1097846031189, 2086.9296813095048, 919.0179110240487
85.59068894386292, 2133.995554524681, 1524.356944560074
86.10353779792786, 2105.725676007777, 1723.8357103564886
86.69528770446777, 2055.4597033468212, 1466.5540782230762
87.04739689826965, 1791.640393302573, 1271.8535322316302
87.59923195838928, 1989.9417579084784, 440.9222408969258
88.11391258239746, 1982.896852146451, 1385.8362212160473
88.69460129737854, 1987.4970642967346, 1623.2028482871744
89.2204077243805, 2188.3232228340867, 1403.0512928865512
89.68237137794495, 2051.6264189810745, 2346.5073161340397
90.10445427894592, 1462.4602534457515, 2937.231035717809
90.62644815444946, 1467.134426764473, 2918.435923020064
91.19506120681763, 1875.2089378557773, 1358.4243725209467
91.6909773349762, 1697.1039312849148, 1558.174922744961
92.18684792518616, 1857.667047922284, 1958.0350973330517
92.67876958847046, 1873.1944369896255, 1473.228252692768
93.17574095726013, 1852.689434937299, 1022.6270818543254
93.71248054504395, 1800.0388385596812, 2319.9999618385327
94.17950391769409, 1461.3134058703235, -3131.167428736617
94.73230934143066, 1418.5809085102876, 419.4172098121763
95.25013613700867, 1655.3562496892928, 614.2027183288332
95.7781491279602, 1813.6079425838825, 2127.653145227432
96.19732713699341, 1465.1030816541495, 2882.534438531939
96.842116355896, 2023.8989037701326, 537.5230659321162
97.23722290992737, 1690.66641802297, 1393.4615174933815
97.77993440628052, 6282.291798797507, 2091.169340161895
98.26103329658508, 1874.6755825839234, 1322.2578836219293
98.77414441108704, 1838.904886410557, 1283.918811135695
99.26300573348999, 1802.5504160597397, 865.0830077513723
99.77891850471497, 2063.611422829988, 1571.604115635909
100.30073833465576, 2036.4345116639877, 1133.6416381559388
100.81155204772949, 2060.7316097045505, 1406.5360629857455
101.32740521430969, 1104.7246872916978, 2580.0930804301775
101.86396908760071, 1731.4999998751337, 1454.2249266472738
102.37777185440063, 1833.2868935060435, 1640.7495648294143
103.28386354446411, 1869.3550482564929, 1890.8881610907001
103.92614221572876, 1798.1396052397674, 1715.425808699267
104.3700520992279, 1103.0653164518258, 2810.1593605255075
104.9179904460907, 3302.777418014312, 1332.9165244519227
105.38991856575012, 1725.5702972683955, 1166.035533201788
105.9775390625, 1844.3957940771895, 1489.1917176933434
106.56107330322266, 1990.525141329757, 733.5595983015222
106.89425873756409, 2035.0436381404486, 1234.5620589855585
107.42710733413696, 1816.5682515976014, 1427.0103584547405
107.96196556091309, 1864.5443010849497, 1385.4567733959248
108.542640209198, 1999.727381766238, 888.6559123329477
108.8918149471283, 1820.1131133286679, 1418.5453733208844
109.40854215621948, 1765.3427264814554, 1227.9391325747956
109.9663336277008, 1956.4478386843484, 1443.9778279382724
110.42137598991394, 1738.468793147446, 1451.340088241741
110.94009518623352, 2086.6242965544816, 1425.4646263352556
111.43293571472168, 2005.4914319956254, 1323.2587799939242
111.96371817588806, 1625.2167818437413, 1408.7175131195409
112.45964765548706, 1850.196158369856, 1425.8130144430302
112.97837853431702, 1655.8257521030898, 1386.485390871339
113.5250551700592, 2094.49617782325, 1323.604279074495
114.03188896179199, 2100.382198682651, 1714.0000006788953
114.57559251785278, 2070.675857241915, 1269.230213645182
114.98462152481079, 1985.576411272649, 1277.6902558130446
120.0982916355133, 304.0809531476922, 2979.163908562951
120.62725019454956, 80.80698015607918, 1896.958190397517
121.14204216003418, 43.88182773999647, 1450.1788797998884
121.67576503753662, 14.449044482570097, 1422.3691123588217
122.15696001052856, 10.602391209489436, 1779.2745768387813
122.6799988746643, 21.28133184662745, 1790.119015662338
123.18015956878662, 11.16809883056815, 1785.3825872762086
123.7080671787262, 80.56989700429908, 1767.2546777918542
124.2229700088501, 58.039258994340344, 1747.6657483109018
124.75489330291748, 23.388285953880068, 1476.6716160721617
125.2937581539154, 19.22319485609795, 1782.3158543131485
125.76868176460266, 84.82642336861804, 1358.4178957215431
126.25634622573853, 79.37832408087495, 1681.40855201889
126.76228666305542, 463.4199319857759, 1438.3644804205762
127.27140283584595, 582.643121999809, 1306.218329384314
127.78112626075745, 591.7053169540941, 1295.4869237510827
128.2942042350769, 589.0306563987839, 1296.2140038803159
128.80284237861633, 591.0147447116649, 1293.0186991664027
129.38452219963074, 2070.401329387339, 1146.7850194317562
129.86851739883423, 987.4999999999951, 2959.499999999991
130.35236859321594, 1920.6621329180646, 1633.774557670145
130.81831336021423, 1773.4048655965153, 864.2378923702378
131.3619830608368, 3881.8712336441536, 1465.1898727194514
131.8427698612213, 1412.1011972814497, 1044.8555711070796
132.35838866233826, 1658.165563167621, 1304.7913457839923
132.87401485443115, 2059.0368542975825, 1082.4999999999936
133.35817456245422, 1867.8721830005343, -807.0088865151598
133.88011479377747, 2796.780936758123, 1408.0002683954358
134.39299988746643, 1672.7378413407162, 1134.4428042668637
134.918048620224, 2105.4106013050523, 1341.7559594218924
135.39695262908936, 2487.7996931491825, 1152.000004946083
135.89597511291504, 1312.4400632515224, 887.7536684325037
136.4129490852356, 1942.6057601449436, -2137.9438984489007
136.9537856578827, 1990.1766643121516, 3692.5576513109227
137.43961787223816, 1466.8077414361412, 1492.8507524117317
137.94066190719604, 1796.1510857400694, 1353.0678429845734
138.46362018585205, 1386.3884593189061, 1269.5377057924443
138.9464681148529, 2162.2421968071676, -4813.997678900291
139.4872968196869, 2066.494620688941, 1103.94187320851
139.96439361572266, 1605.1087655559438, 1434.4625938044667
140.51022815704346, 2016.6192145012856, 637.3911663057781
141.00408840179443, 1963.025878355909, 1381.499999999996
141.5119812488556, 591.9630946417772, 1129.4324871157066
142.01501727104187, 589.0762962035541, 1135.8009449570131
142.53777146339417, 595.254599401928, 1134.8616271199858
143.0268473625183, 590.2320799872417, 1133.875112473563
143.54865956306458, 592.1460598754602, 1130.0589899300621
144.0576572418213, 592.9654728217522, 1130.3872215083136
144.55872464179993, 592.9392256014451, 1131.2351222959908
144.72945499420166, 592.9392256014451, 1131.2351222959908
145.0727686882019, 589.5985411197078, 1129.689496281091
145.5686593055725, 591.6515889564356, 1140.7737984885691
146.11644053459167, 590.1121950532892, 1137.5918339129973
146.5822274684906, 588.0364440565044, 1134.1933799878072
147.12509393692017, 596.2105612019892, 1132.0321519229556
147.63304901123047, 588.4064201329518, 1136.0197349927842
148.17786502838135, 592.6764644454092, 1134.3307154837862
148.6727442741394, 589.1276713321655, 1135.5747064092209
149.15466809272766, 594.0851351306011, 1137.6183605690185
149.65762400627136, 589.792771294908, 1143.9672605880512
150.16653418540955, 589.6536641988025, 1138.3843675215135
150.7143738269806, 583.0119478683291, 1134.1085168196807
151.18436431884766, 578.3383767815694, 1138.6450018410708
151.69128227233887, 516.8708935634024, 1160.022652354837
152.24795699119568, 798.4765843063549, 1253.1155350748943
152.71488618850708, 1181.67916412286, 1269.2610166729944
153.2297911643982, 1190.5502549508644, 1264.953770551137
153.74466943740845, 1181.5848613763442, 1215.656997883741
154.30856800079346, 1784.9985000756624, 1633.2771467154198
154.79145455360413, 2123.409189639485, 2180.1368237195334
155.31828951835632, 1834.3404511097447, 1499.0251086789617
155.80545473098755, 1925.266594569959, 1939.8660822984252
156.30434823036194, 1423.4255988498119, 794.95852504901
156.81913471221924, 1019.7740513875411, 1169.3317063688482
157.3003032207489, 632.6520647039155, 1365.6407052982956
157.8123345375061, 627.0368455320452, 1366.4892254364318
158.32530975341797, 622.512656793127, 1367.6275932892572
158.81314516067505, 624.7541819565663, 1367.8269248420138
159.32911586761475, 627.1854577600261, 1367.8726222796815
159.82585787773132, 622.7220246307197, 1365.3284192763301
160.4205780029297, 1901.633018518112, 2145.000000000711
160.8596749305725, 1737.631439327719, 2548.000000011359
161.37569451332092, 2331.592066069725, 1948.0000001033713
161.86965560913086, 1073.9526948903651, 1016.7076035687836
162.40731143951416, 2073.864476526315, 782.2777270163936
162.89022397994995, 2237.97849984003, 207.61110292538874
163.4538972377777, 1222.4999999999982, 1365.6402006050878
163.92585563659668, 1563.0593370028826, 1624.953049670858
164.51733207702637, 2068.346842934312, 2037.4999999998442
164.9932963848114, 1714.442796479403, 1428.5421455326675
165.50918412208557, 2119.4071024081986, 665.780773606974
165.9800419807434, 698.8377133172171, 1653.18799733363
166.5057499408722, 2177.4417107069467, 1668.7374724972665
166.99370193481445, 2506.6124036979136, 1176.4440147364276
167.5355670452118, 1987.9757314549247, 1381.5952523452916
168.09632563591003, 2020.2401208625506, 1002.8621200651161
168.53526377677917, 1965.0921120131534, 1692.2100693730686
169.02508163452148, 1992.4014947276876, 1938.2855629442245
169.54210305213928, 457.956818098701, 1382.7398763990207
170.03409600257874, 448.26261686436266, 1361.917938111138
170.55607867240906, 461.27841490210034, 1361.5458890829093
171.05676889419556, 461.46900616042586, 1363.3386642421901
171.5767650604248, 462.1599505453264, 1351.514777362065
172.0897262096405, 451.8284021261171, 1258.8283035703787
172.62769412994385, 414.7768895511822, 1093.8239177573473
173.11964535713196, 395.2913777028236, 994.237087370489
173.62654781341553, 461.5218800530529, 1351.343784845028
174.12234616279602, 463.4230378073617, 1335.5980486280605
174.64328861236572, 450.1637431112941, 1277.3041788607609
175.1432671546936, 430.66096705612546, 1186.9149081804428
175.72399187088013, 469.1361985775083, 1141.2691161291252
176.18003368377686, 502.29564300424715, 1354.7250895643517
176.67899227142334, 507.37135764921857, 1384.8584848904202
177.17595219612122, 501.09112223521566, 1415.5180751157372
177.69067406654358, 507.5511014387346, 1433.0041416850504
178.17982935905457, 510.6524858817172, 1426.2589580153044
178.7027769088745, 509.4850206567196, 1434.4864225716094
179.22748398780823, 513.2048532607171, 1432.5473148241026
179.71845602989197, 509.2307835602052, 1430.77910739322
180.23850655555725, 503.1281596035391, 1433.5320648733493
180.74768257141113, 510.3180063182385, 1438.3834254796914
181.27543115615845, 508.71153511918385, 1436.7779324077853
181.75714087486267, 504.8834316395356, 1440.218599614657
182.28606748580933, 506.1394207062213, 1432.9366528989049
182.76707816123962, 498.6749210705447, 1441.4448240231952
183.28293442726135, 506.58137571805054, 1429.1362596687572
183.80594658851624, 487.8230759629045, 1430.58860080303
184.3219404220581, 439.00971498865874, 1414.9033459615116
184.83981370925903, 52.92345687531055, 1214.3306184981716
185.36486768722534, 104.7518876622703, 1444.2689959962784
185.90365839004517, 103.83430794759295, 1431.2977488193617
186.44041800498962, 104.03323214939245, 1299.1514617459072
186.88054990768433, 126.57540456313856, 1321.925485010511
187.44927167892456, 1845.8717032267944, 1920.8881482924594
187.942209482193, 157.79732405851254, 1442.5811990409893
188.45201706886292, 343.4119845676115, 105430.93772164788
188.92203330993652, 178.46449125205723, 1341.3731742235193
189.44782519340515, 440.1237720949707, 1315.113473788623
189.93161273002625, 958.0925964396951, 1288.2085055482712
190.44650721549988, 765.886167835726, 1230.1304836182994
190.95554757118225, 764.3185805347828, 1214.532079771552
191.49343037605286, 762.032535706192, 1222.5209825655936
192.00007343292236, 767.9045843200446, 1213.561068248317
192.50973415374756, 760.1520651244518, 1215.9576279630014
193.0582399368286, 766.0981461222681, 1212.8238062870216
193.51436066627502, 763.0584880060516, 1215.1615070368366
194.00244116783142, 765.9318591316236, 1205.3609296484244
194.52842688560486, 760.5730571413881, 1209.3341261270787
195.030446767807, 762.2335187916315, 1212.7027192493217
195.55627703666687, 760.188499330874, 1219.8816802518381
196.03616428375244, 762.081472799456, 1211.2273762080645
196.3466453552246, 762.081472799456, 1211.2273762080645
196.58700251579285, 755.9948630626238, 1214.2272016311867
197.0589005947113, 766.2314365056662, 1207.6633459358106
197.582923412323, 768.5925622794001, 1206.618998174797
198.09099411964417, 762.9571595975727, 1210.5788150663775
198.59990191459656, 756.7162226301065, 1218.3520233734787
199.10104990005493, 764.6645799037271, 1212.360126776403
199.6119875907898, 766.9286079068997, 1211.3713826768471
200.1129539012909, 764.7750151098539, 1213.0196892857828
200.6717779636383, 765.3763405576634, 1214.4302258261168
201.13865423202515, 766.6754901821852, 1210.07811306984
201.66843843460083, 763.6165051710339, 1208.9910807983263
202.1664845943451, 766.776015940303, 1217.5043201686015
202.69446063041687, 766.6324525600036, 1212.6926233094675
203.19343543052673, 765.5019546443702, 1213.0543057350694
203.71545362472534, 768.7763771152029, 1209.447183076282
204.24048948287964, 762.7761561993382, 1214.7894177002374
204.75845074653625, 767.0219144496842, 1208.1001048387807
205.26235127449036, 764.970819668856, 1212.446400188672
205.76733016967773, 769.2543954967099, 1216.3452032460686
206.27926993370056, 765.0700061270061, 1214.5485788979993
206.80033707618713, 763.5682892646668, 1217.2394040039762
207.3570957183838, 770.4996229457379, 1214.3714511407293
207.8260498046875, 770.3928641819763, 1209.704675091689
208.34597611427307, 753.1277263960397, 1217.5663255740542
208.84705924987793, 764.7769609476909, 1213.3141678207587
209.36104226112366, 763.6618728084609, 1208.4013934183545
209.85912108421326, 763.8444983479789, 1220.872518788877
210.39792943000793, 757.7945973064112, 1212.8006425098747
210.93190050125122, 758.1528015794912, 1202.7745678345664
211.43986058235168, 761.4373255939526, 1215.4300478378534
211.95765495300293, 767.1422843262794, 1217.5693319981501
212.44344210624695, 768.8046011671288, 1213.7226714167425
212.9532732963562, 762.0702499767995, 1211.7002018297994
213.46311402320862, 769.4753183118356, 1208.3182113048854
213.95606875419617, 764.5222009669504, 1210.2765137322704
214.48186874389648, 763.9309391168355, 1213.7777589879374
215.03456783294678, 764.046452944869, 1210.7516133563854
215.4873924255371, 771.2062694803802, 1205.9046570985718
216.0371813774109, 762.5994256943817, 1209.3608764550202
216.51802110671997, 769.8482834540127, 1210.2211462481234
216.98996686935425, 763.0447164270021, 1210.5957147813178
217.49890065193176, 765.0627480976939, 1211.8906515703095
218.00680923461914, 768.9324586205457, 1205.3796456343937
218.50885796546936, 765.3036041962318, 1209.4658388881735
218.993727684021, 765.4984337303658, 1211.517712568846
219.5186836719513, 766.2095314255461, 1207.2799977391924
220.02358388900757, 766.443978302248, 1210.829918368396
220.57132172584534, 766.5780053525548, 1214.6211566059744
221.05030393600464, 767.1535788495812, 1219.8032566957052
221.6359715461731, 765.3144157061371, 1211.7345168351915
222.0991542339325, 761.562541943316, 1213.2964898779517
222.60906624794006, 764.6973087155437, 1223.8615266367392
223.1071424484253, 776.8451515681277, 1210.925412959886
223.62316918373108, 763.0716663534035, 1203.8604894465736
224.15537929534912, 1930.346259578654, 2353.242505293228
224.68499279022217, 2043.6330945463824, 1409.8488740869482
225.16603136062622, 2076.775499924988, 2162.3319870542714
225.71276235580444, 2118.239812020066, 1669.4025352207052
226.12878561019897, 895.3259630850293, 1037.0053164423668
226.6925756931305, 2096.2520001834914, 1825.4470523327675
227.1806001663208, 2028.4126920118883, 2173.6782403247803
227.76825857162476, 1929.0950233621131, 3790.892540450688
228.1722767353058, 1774.512288100563, 1562.0541409922134
228.69514203071594, 1735.5247546348721, 1510.1319283250973
229.17206454277039, 1999.3880815806676, 1686.472896111251
229.83771204948425, 1851.6392285863285, 1566.6723883818838
230.2057535648346, 1887.773913490898, 1249.3095608124663
230.70971202850342, 1966.8772990905197, 1567.6914988696549
231.24537324905396, 1894.3245202013213, 1403.516713444065
231.71440720558167, 1792.0986607619168, 1535.9477755213547
232.26498651504517, 1632.2040864422293, 58.838496618929135
232.70785284042358, 2455.624097763375, 1620.653773128988
233.22294402122498, 1269.1443763750174, 2272.095425346425
233.8037929534912, 1145.6461474351795, 1258.5486069416977
234.29569172859192, 2391.5000000014, 1260.1091190413906
234.78140139579773, 1748.7538277725725, 1404.4567932606574
235.29927039146423, 1993.485619361568, 1360.1358463063104
235.78611826896667, 1539.5111305889645, 1623.506275898492
236.27422499656677, 800.6107957048828, 1190.8892070386598
236.78630304336548, 771.074191999171, 1199.3735205608139
237.32024216651917, 765.145301231603, 1216.840665518839
237.80324697494507, 762.721673239417, 1216.3604136708052
238.2962303161621, 763.282998597154, 1208.559395733823
238.79320740699768, 766.4623244690462, 1212.099786670451
239.32635688781738, 764.1242525255749, 1211.6138958358497
239.82217812538147, 762.4748176204803, 1206.084085507526
240.3300325870514, 764.8758341512528, 1212.2152694630454
240.83101725578308, 764.3454422752648, 1216.2220195074965
241.33305287361145, 767.0596031397048, 1209.7478953914986
241.8480339050293, 767.9166443898591, 1205.4258280922031
242.3699495792389, 766.6642119903613, 1211.1002009744213
242.85992407798767, 764.514038685308, 1213.4858442814748
243.37881565093994, 767.8380829155036, 1213.5379709488716
243.88275051116943, 766.4275814899488, 1212.3502070521224
244.40454721450806, 767.1873082940554, 1217.2150107290738
244.90753984451294, 768.2302841536831, 1209.2004727779479
245.45655870437622, 764.266393789608, 1207.9203902539734
245.9564778804779, 762.4571285763358, 1211.1643582577458
246.50635933876038, 763.9265828567472, 1207.6174548671027
246.96237993240356, 763.0305449297863, 1216.8407717095754
247.47437810897827, 768.2010593154067, 1213.7517529723807
247.97429418563843, 768.4039564163215, 1211.411444109238
248.4990439414978, 764.6863368043005, 1215.4384491297021
249.0069169998169, 765.7403747455527, 1210.7981057292657
249.52488136291504, 767.3090555916239, 1213.281162576007
250.02990770339966, 763.4683672298365, 1211.2705050329341
250.54981541633606, 765.9542500332526, 1216.2009757031735
251.04076051712036, 768.8008548194858, 1200.7779694091034
251.56467413902283, 766.1636185051187, 1211.821850582525
252.0653350353241, 768.3161549966178, 1214.5000147044273
252.57699704170227, 768.2535392039598, 1217.2766621857936
253.08660340309143, 768.4483482433724, 1215.18381562489
253.57954740524292, 764.7670755914768, 1209.0827044166174
254.085551738739, 765.2316325533506, 1213.5687032750031
254.5963258743286, 768.8216244618854, 1214.742869301309
255.08532333374023, 770.6636681057009, 1219.7459668665967
255.60420417785645, 765.7531576528338, 1212.4700903639664
256.16417050361633, 771.3220045578881, 1217.28034340762
256.63220858573914, 773.8884981738809, 1214.3138227969448
257.14727568626404, 766.6772184015047, 1214.9600885246655
257.6961145401001, 763.8754010964668, 1215.4138974820164
258.1591839790344, 768.9775269941292, 1218.929429947529
258.68237257003784, 768.8263638319596, 1216.5853236483167
259.1873502731323, 768.0227715985783, 1212.9230268169526
259.7481758594513, 764.5803158772973, 1212.5674159686896
260.20208954811096, 765.2526485865726, 1213.1670730760782
260.72013092041016, 770.275907573981, 1210.0418834237025
261.25498700141907, 765.5982501279905, 1215.5208845405477
261.74698424339294, 766.3919346978104, 1213.7541040555388
262.2630488872528, 768.0482437434432, 1206.8420105250225
262.77906036376953, 772.672813652176, 1207.179248296197
263.33401370048523, 769.1066877614204, 1215.4907382026684
263.7801604270935, 764.8429054278367, 1211.4680503134157
264.33501839637756, 768.9402802912759, 1214.8635539563754
264.79103803634644, 766.6795867249859, 1222.0580859787656
265.2978277206421, 768.5537443184023, 1207.4791772485642
265.7799608707428, 771.5770785597634, 1209.8466527563596
266.34563064575195, 767.2091725027747, 1209.3272579014288
266.79969596862793, 763.833308616035, 1213.9059716195832
267.2976336479187, 767.5514352475963, 1210.6538565560102
267.8734564781189, 765.1948215120527, 1210.935077543562
268.3225517272949, 766.0507547832734, 1210.0036348334459
268.88032245635986, 770.0212270525068, 1213.7540281901697
269.33032274246216, 770.2899829601666, 1213.2461668743185
269.85922741889954, 763.8170616735886, 1209.9870024769418
270.3590862751007, 764.2487416777196, 1212.9557576636419
270.8732097148895, 768.8962231297402, 1209.5173612397466
271.38329672813416, 765.6010676541858, 1218.0239714781167
271.86945819854736, 769.6417394688846, 1210.9510624125867
272.39837765693665, 766.8836674369597, 1215.9429088749473
272.8932993412018, 771.2395369301347, 1212.5626518832983
273.4061965942383, 767.315056356862, 1213.0428272380393
273.9548759460449, 763.3025681848488, 1215.9546292598327
274.4138820171356, 766.5547228327235, 1213.6553313109332
274.9069449901581, 768.4422362870062, 1198.0673385675618
275.4160010814667, 763.839268532657, 1209.4259331059102
275.9279799461365, 763.4407290622439, 1212.2661790983886
276.44282579421997, 771.2065358587391, 1207.7936992754699
276.9507346153259, 763.3465362613828, 1214.7680608181618
277.48461842536926, 767.580889888702, 1214.8358510119988
277.85366916656494, 767.580889888702, 1214.8358510119988
278.48906207084656, 771.5287827926263, 1214.0933533534621
278.9898920059204, 769.3494487343537, 1212.7702935180844
279.5396840572357, 770.6204642124768, 1211.7725505316473
280.015750169754, 764.1141012665217, 1215.6546067137465
280.517703294754, 766.140054529462, 1214.7716391948882
281.00870847702026, 762.7710218083342, 1209.1455433607186
281.52542662620544, 765.115615286116, 1214.209806857745
282.06423020362854, 768.4555091212727, 1209.005122731266
282.5560896396637, 765.3936718538936, 1211.185379662768
283.0600154399872, 771.7554138176292, 1211.812564346681
283.5928921699524, 770.57969390474, 1209.5750495906702
284.07206201553345, 767.2398433201831, 1214.8793439382525
284.58991384506226, 769.4662530885437, 1213.1842265395278
285.09380865097046, 769.1339143913161, 1218.0309980512566
285.6017634868622, 765.2388116657869, 1218.7596167308686
286.088684797287, 773.4104164474713, 1221.0853595827396
286.61353850364685, 763.1021898767789, 1214.327860385898
287.1016216278076, 767.7747046389359, 1221.545566140814
287.6323266029358, 765.2712199800857, 1217.9095175254001
288.11622381210327, 768.3525393687369, 1213.4398289799428
288.63729214668274, 768.3778225310006, 1219.1012603395063
289.1422691345215, 770.1611041472067, 1211.2107745320975
289.6690366268158, 771.5386027776613, 1205.3622561268187
290.1700072288513, 770.7348902688149, 1208.6056470060475
290.6840741634369, 766.3150530977778, 1217.3774540260742
291.20608162879944, 768.1706056804046, 1217.4300944367064
291.71706914901733, 770.8117360556448, 1217.7431567221493
292.21802830696106, 766.1162358393317, 1219.3569374511633
292.7710237503052, 765.9628164479404, 1214.2030874352356
293.29094672203064, 770.8883150769809, 1211.41114243401
293.75507068634033, 770.8462669252649, 1204.3266602092824
294.25893688201904, 770.4927727526916, 1214.6236967158811
294.81972432136536, 771.3886891081194, 1209.436766446178
295.3165900707245, 765.7994627212391, 1215.161909303642
295.8065288066864, 769.1818999899883, 1216.0070150792853
296.3582670688629, 763.4324773533963, 1211.039353857744
296.8244993686676, 767.5850524989671, 1214.9677127028322
297.36243200302124, 768.6649677170975, 1212.8556679541987
297.85731291770935, 770.0105500870162, 1212.637310965284
298.34915685653687, 769.7490363563935, 1216.5687555678971
298.84811639785767, 770.3572053541357, 1212.3834855777845
299.3612051010132, 767.1722729903673, 1210.696554878301
299.8631989955902, 769.1679222301736, 1206.7934928098944
300.3699450492859, 765.4251713787862, 1208.2699803270546
300.8730728626251, 773.2658178147067, 1208.367207272819
301.39504766464233, 765.4992434148173, 1207.0865906865583
301.8958652019501, 771.5829657856663, 1205.849856427581
302.4218714237213, 774.0311086227645, 1206.5421130658967
302.9208552837372, 767.0703353959859, 1212.9732514028133
303.4336950778961, 767.4602080176636, 1214.40869166373
303.93762969970703, 764.9225199638411, 1211.7782447405182
304.44746828079224, 766.5277381247141, 1209.3946777999258
304.9632475376129, 767.8783796366084, 1211.287036005045
305.47716641426086, 770.9052507289995, 1212.583228155976
305.9621841907501, 767.4179601158562, 1210.6022928276673
306.4810791015625, 871.4320875941052, 1209.4375883105602
307.00684905052185, 143.38495240207246, 889.6643476182899
307.53875207901, 763.1917940646018, 3.2289410216191365
308.0188844203949, 670.6575421363614, -374.5688408411269
308.5178573131561, 862.9002230640746, 113.38225509251379
309.0117886066437, 1272.649936383201, 81.08143286781066
309.7282087802887, 1968.6880238821916, 2136.845830199268
310.0833148956299, 1507.2248739849, 1200.805658519572
310.60709977149963, 2096.9836119469423, 2862.456972912022
311.12399911880493, 1416.6423502060322, 205.1653823398464
311.60979199409485, 331.7746319094445, 1786.6029214886523
312.18525314331055, 899.581069011319, 2023.526802582801
312.6918978691101, 702.2086210844062, 2329.5009436425144
313.16363549232483, 2965.4029779481407, 165.98402968444054
313.61184215545654, 2595.0903375366884, 625.0374236269478
314.1836836338043, 3675.833478856086, -520.0905462070641
314.65161633491516, 1469.1015902754243, 1116.3172018392843
315.1813774108887, 2995.0045902873503, 1138.0073492603017
315.70716524124146, 3843.2933316216913, 1450.4004789857543
316.1582555770874, 2233.662698288617, 1778.9476477118856
316.6940886974335, 2427.6409912932277, 1267.9677875673347
317.2188959121704, 2030.952042417628, 1046.4672877432727
317.7297079563141, 1229.8958567296802, -2699.721793682263
318.1936094760895, 3032.392521237341, 582.2550822801801
318.70554780960083, 2570.086820285721, 1873.5765422023644
319.2304964065552, 2756.7467865220697, 2058.3179087684653
319.7294251918793, 3715.420186214574, 1569.8255356496534
320.3669378757477, 3203.920459000709, 1050.1481340412863
320.7808315753937, 2841.4084927034332, 1353.995196387523
321.8284614086151, 2105.2311173229805, 1925.8290905041101
322.29645800590515, 2201.6534034957886, 1528.1185870773327
322.79133343696594, 2184.74211333983, 2255.190771120643
323.28634452819824, 1948.3228009794054, 1525.2339556964241
323.8790225982666, 1992.7482865946154, 1558.9130170079093
324.9207158088684, 1994.168416715631, 2870.3907340815017
325.36963629722595, 1886.5530814848419, 1648.6905885239278
326.0340518951416, 1873.365239168949, 965.7142060461281
326.41104316711426, 2053.6497216511348, 2126.1303807456875
326.88216185569763, 3483.422978087044, 1486.8652727779074
327.4259386062622, 1771.28194232829, 2785.448636261086
327.9088079929352, 1698.4444596963551, 1678.504079016128
329.03013944625854, 1916.6712602458385, 2504.7921132128486
329.46707463264465, 2059.7706091870014, 2412.9369203489646
330.05567598342896, 2051.4232673663532, 4999.390062342422
330.5165710449219, 2045.0696324498233, 2239.033146988548
330.98551392555237, 2059.388224661176, 1738.4408245934615
331.4344844818115, 3373.7999238520015, 2248.7418463122085
331.9254660606384, 3373.5442543744944, 2253.745704525026
332.46829175949097, 3375.298283174192, 2254.6307285391904
332.94942355155945, 3374.8404360223412, 2253.0976522948454
333.46433115005493, 3373.8110358003664, 2249.999308620426
333.9672555923462, 3374.994250811405, 2252.6501879702028
334.4891402721405, 3370.9355525426963, 2258.468197739234
334.9912838935852, 3372.2029485300636, 2250.5603991192884
335.50527000427246, 3372.6393960287924, 2254.4423200770248
336.00921177864075, 3371.799201199447, 2251.8064135343952
336.52305817604065, 3374.2942161451497, 2254.030500482384
337.002069234848, 3374.5176610761437, 2257.9549340475132
337.0759150981903, 3374.5176610761437, 2257.9549340475132
337.53686594963074, 3372.1514070429394, 2254.287729780062
338.0318298339844, 3370.5190975163714, 2250.515523639438
338.6105275154114, 3370.5951395154584, 2257.324520846882
339.03761315345764, 3374.764120388931, 2252.7360390726444
340.1176631450653, 3357.361936207489, 2243.447700826644
340.58541202545166, 3364.4222733431225, 2250.0623526775917
341.0781261920929, 3366.9600303885895, 2253.9877200539213
342.12987422943115, 3971.3973332291853, 2238.6137403067687
343.1767075061798, 3704.8964670959367, 2249.280232587343
343.67053413391113, 2459.6363287311765, 2258.0577799037296
344.1433217525482, 1861.9182535989094, 2262.6612793996014
344.71493768692017, 1362.4362396610554, 2258.340303014175
345.1966803073883, 1377.0304186353692, 2255.3518673026792
345.7804329395294, 1368.9455089146074, 2257.734065035217
346.3032736778259, 2236.6945557003505, 1098.5887742205387
346.73922896385193, 1360.905073877314, 2260.4343198104993
347.25096678733826, 1365.831756457034, 2256.405619452542
347.7517957687378, 1366.988448057697, 2256.836684747165
348.2398657798767, 1366.2619376131045, 2262.448625910828
348.76794838905334, 1363.639154146853, 2259.827131426386
349.26182532310486, 1363.9459426714225, 2264.6768080769534
349.76465487480164, 1363.319275460812, 2257.7918758709875
350.2494716644287, 1363.2414481122855, 2257.4093924593085
350.76747846603394, 1366.3417473480733, 2253.1563058771076
351.2755126953125, 1364.5692113803302, 2258.353623463119
351.79437279701233, 1365.7703293906213, 2258.892916943438
352.3471326828003, 1360.5483060362542, 2258.3533359834646
352.805073261261, 1364.0357287152615, 2260.486648752722
353.3131995201111, 1366.6996599313247, 2259.4149081214255
353.81422662734985, 1364.6216037893498, 2259.33511444785
354.34406208992004, 1364.7686788787773, 2262.260288446247
354.82105684280396, 1365.8165750566434, 2261.688215137479
355.3547947406769, 1366.7905079399718, 2263.5453138826
355.832772731781, 1360.4101858851043, 2265.515742269035
356.3556935787201, 1367.0549542414287, 2261.4604924303476
356.8457546234131, 1364.553665584626, 2263.128431092035
357.3458857536316, 1366.4059918873422, 2260.5391528938053
357.858745098114, 1364.8669707118156, 2256.9153659812387
358.3557119369507, 1362.7059151123583, 2255.975983009661
358.8886420726776, 1366.6454202554758, 2258.9795044724674
359.36571741104126, 1366.3871835087712, 2261.237614495718
359.8736991882324, 1366.0214255423825, 2264.848718604232
360.37346625328064, 1362.8240555669072, 2260.022854154763
360.88530015945435, 1364.4185160777147, 2259.544232915405
361.4072377681732, 1363.2162709830109, 2261.6454716048215
361.89517760276794, 1366.432418530389, 2260.5878675772096
362.4161832332611, 1366.1372066271524, 2263.463727730404
362.9101655483246, 1365.131050509375, 2259.5734122288645
363.4350280761719, 1368.5904060435864, 2261.006307199069
363.94588923454285, 1365.1305486084566, 2265.25306870211
364.4320602416992, 1361.3738109145788, 2261.330602656494
364.91209387779236, 1366.9361464479302, 2259.9570531498266
365.4589970111847, 1366.2307067188574, 2260.7411863177235
365.92589807510376, 1366.8768113682363, 2263.187497917842
366.4878544807434, 1365.517826514378, 2258.7061599770077
366.94595170021057, 1364.9546334153497, 2260.1361945052604
367.4638068675995, 1365.5396185276343, 2259.8288380611048
367.9548280239105, 1363.6764887984593, 2260.524638082361
368.4667522907257, 1365.610331265907, 2259.7471653782277
368.959730386734, 1365.475512719504, 2257.9913179566984
369.46482706069946, 1363.7261827232398, 2258.1368866028206
369.95386600494385, 1370.4963204408302, 2260.2488781553943
370.4816880226135, 1363.7844148988818, 2251.2126113193467
370.99070620536804, 1365.5696200228838, 2261.518620623694
371.5106427669525, 1364.4284936464396, 2258.1598344649306
372.0162899494171, 1363.943419781267, 2260.2994307036256
372.5867657661438, 1364.5326433700866, 2263.358477845608
373.03955245018005, 1365.6140073221097, 2254.9018890310294
373.5611569881439, 1364.081431033563, 2254.997042439118
374.05994272232056, 1361.330861246395, 2260.9638685225846
374.5859761238098, 1364.7810988773595, 2257.6657521439683
375.0909101963043, 1363.6790586648535, 2259.9752638429563
375.59988164901733, 1364.3926145035932, 2263.1029358681844
376.0909662246704, 1366.2404550285669, 2260.094752767579
376.6098585128784, 1363.5598719402126, 2256.4359663518176
377.089884519577, 1365.7869419561891, 2259.9529120717903
377.60892128944397, 1361.5023050457144, 2257.35646396808
378.10201048851013, 1362.7156243749394, 2258.809408022915
378.6078288555145, 1365.1964144592534, 2261.979477253935
379.1008369922638, 1364.156808455986, 2257.643665317498
379.62664103507996, 1366.0184577157381, 2261.1324192069
380.12858963012695, 1365.860855281943, 2260.8999035646734
380.6535563468933, 1364.5170092999197, 2262.7670951665045
381.1586403846741, 1367.3834470163772, 2258.1606670254164
381.6837031841278, 1360.6234767528524, 2253.149531834151
382.1896734237671, 1364.9031199420083, 2256.650117713368
382.71659660339355, 1358.4198647972103, 2257.1426273022553
383.20153975486755, 1364.4714178098654, 2256.407106939421
383.728214263916, 1365.3458057684272, 2259.787954232812
384.24918603897095, 1366.0138005368244, 2261.7623083527046
384.7391459941864, 1366.1448320787865, 2258.9559331990113
385.24511790275574, 1365.5106609409947, 2259.8208117316635
385.7710304260254, 1367.508231418666, 2255.161386704282
386.2860095500946, 1367.0641700539359, 2262.9264224822555
386.77603101730347, 1367.266771883836, 2260.7041368548876
387.2879536151886, 1367.427536783341, 2256.18406677932
387.7949709892273, 1365.6321425277442, 2260.3687572298304
388.32272028923035, 1359.1888924807927, 2252.1212732512777
388.8125729560852, 1364.4199911220976, 2260.339342916422
389.3253719806671, 1367.2325068819591, 2260.3812488786466
389.83332800865173, 1364.10697146873, 2263.1870099478406
390.33846974372864, 1367.0162014916514, 2252.8820548030303
390.844388961792, 1365.3883586750562, 2258.222112787509
391.36008048057556, 1363.3673958564325, 2260.098751659047
391.8461859226227, 1364.9109395241244, 2259.2103073662115
392.3441524505615, 1366.3730156509916, 2262.3767637153364
392.8700785636902, 1362.5728132216032, 2260.9749728204197
393.3891022205353, 1363.3249790238333, 2259.4353422625254
393.88779520988464, 1364.8041420394536, 2261.294691180185
394.39397740364075, 1367.3760257978063, 2260.0982518264295
394.90098810195923, 1366.0763343349952, 2261.3798816491117
395.4118974208832, 1367.372004008945, 2262.3928204749113
395.9158411026001, 1367.420237146573, 2264.3119749790417
396.42672777175903, 1365.1433538814879, 2263.28106487217
396.9287030696869, 1364.3963749562936, 2259.5709236716825
397.451691865921, 1369.063197626487, 2263.2821377578184
398.019483089447, 1365.848549135296, 2260.460500297221
398.48130440711975, 1365.8408865822908, 2263.441386858759
398.972305059433, 1366.7651150296306, 2264.518415666651
399.5152292251587, 1363.8930360554336, 2260.029174054528
399.98124074935913, 1365.6364345647487, 2261.6655168237985
400.5051815509796, 1365.628292570266, 2265.2644078978565
400.993150472641, 1367.0809879302003, 2257.2093911664747
401.5080530643463, 1359.8023176538186, 2259.230662723795
401.99713683128357, 1364.6554207185031, 2254.90946853935
402.5181839466095, 1366.6380013703526, 2260.463927679601
403.0221817493439, 1365.175112654999, 2256.9743689546603
403.5280952453613, 1364.4538984806545, 2257.8955735272475
404.0211269855499, 1363.982305880294, 2259.8553122829017
404.54886412620544, 1364.2821456931001, 2260.1095848016002
405.0657911300659, 1366.7081562606152, 2261.387861974494
405.61044049263, 1366.8884502502954, 2259.4876807047317
406.0545153617859, 1364.7595024753577, 2263.2738345537086
406.56838035583496, 1365.617380715147, 2260.4553130098766
407.0702688694, 1361.5313312415437, 2261.101807353169
407.59031796455383, 1364.233346943022, 2256.9385887146645
408.0923385620117, 1362.3686438230682, 2260.51596366825
408.6184151172638, 1366.4631238981212, 2260.1372106023164
409.1640930175781, 1362.938454184861, 2254.3313973327745
409.72070145606995, 1363.9346077560028, 2258.38569379293
410.1456060409546, 1366.0999014931422, 2263.4168133861926
410.5186667442322, 1366.0999014931422, 2263.4168133861926
411.14228415489197, 1365.6853232910328, 2262.3290037233755
411.67600679397583, 1363.745190275924, 2259.370557424114
412.18686747550964, 1363.6965594519206, 2256.560944765598
412.7067217826843, 1364.0819672973782, 2261.1161210527653
413.2324502468109, 1606.894657403824, 1044.4511110026167
413.71424078941345, 1361.7386271617495, 2258.1973498398293
414.23507714271545, 1360.3067291494685, 2256.210815231999
414.7609484195709, 2242.576507485916, 2246.260102483806
415.27384185791016, 1673.5435923165637, 1643.803405086408
415.7786719799042, 1913.3159264771582, 2259.639276632345
416.2576458454132, 1734.2617410150024, 2260.519249614898
416.7885286808014, 761.6937600641933, 2282.164207359861
417.28058886528015, 890.6727271463901, 2281.6062389374792
417.8592960834503, 1620.1041057013836, 1280.3758360242682
418.3503360748291, 1359.115476105616, 960.1247679073693
418.9101240634918, 1609.5262170201408, 1413.0610818349116
419.3670196533203, 1593.8597175045004, 1632.477545503411
419.8699460029602, 1101.053271182108, 1242.3631501840125
420.3198285102844, 1824.0989374742098, 2291.8891737282647
420.83779644966125, 1820.3359776620202, 2309.196716787572
421.34581327438354, 2823.566631058573, 2290.7300563206168
421.8915538787842, 3082.0981805070246, 2323.2524877984188
422.35154247283936, 3657.7892329867054, 2296.432440664993
422.8653984069824, 4205.215574049927, 2198.0985422851695
423.40121626853943, 687.8910890000346, 1375.423035605102
423.9281761646271, 2663.012002567627, 1735.079988641731
424.4210684299469, -107573.0424150284, 1454.1739569302542
424.9629762172699, 750.9031837239686, 641.3753830663177
425.43494606018066, 715.5000000000015, 2622.359594957619
425.91694712638855, 1777.759726851421, 2252.616740322241
426.4557354450226, 1134.5019276718103, 257.00126270295186
426.9567036628723, 2956.967830296261, 1529.2002708176126
427.47163224220276, 2951.54150547305, 1091.0000000326588
427.93565249443054, 2465.4913933000503, 1084.0917997415522
429.0393886566162, 2068.987893377265, -43.49639441110666
429.56700444221497, 2294.928363975717, 322.9595833396797
430.0069456100464, 3160.765537952285, 3574.726280667416
430.583523273468, 2545.7430826096374, 490.6520368644574
431.0275354385376, 2093.0805023205285, 24.4169262558144
431.5574162006378, 2228.869489217475, 734.6924497171244
432.0580759048462, 2390.7635433929768, 650.0969540236218
432.54577136039734, 3575.377707428186, 138.74550339698004
433.0743565559387, 3683.1904789461323, 758.4618483753017
433.57521629333496, 3547.1642186032104, 952.723265991654
434.0321705341339, 3825.632274969932, 317.1718310693203
434.59988737106323, 3736.408909538735, 2181.69436354932
435.100750207901, 6387.484114728246, 144.60828534250822
435.62371611595154, 3779.0496434004876, 487.5166184376285
436.612548828125, 3767.2194346120386, 303.3021435229042
437.1512680053711, 3941.1461365361424, 627.9491582644898
437.68010926246643, 2199.3177027779875, 132.90881944972753
438.19584035873413, 2138.7261402763793, 805.3387209122745
438.7545211315155, 2161.136484516362, 48.85837922835391
439.19248485565186, 2108.4045953486684, 290.8329288725925
439.73514127731323, 2080.2107002369985, 612.895502012304
440.21204900741577, 1906.5581600037417, 938.351934409583
440.72876477241516, 4598.394766609464, 19.972723828826172
441.7184028625488, 3804.8376591790193, 653.0349521135673
442.3708322048187, 1893.3261042291938, 1331.6266689640397
442.91335272789, 3830.8997717680195, 1022.7974872004327
443.2414870262146, 2205.00842121605, 2066.853474995742
443.91201734542847, 2145.268930773699, 1561.0582902543774
444.26307797431946, -230641.59846016474, 630.6388336962244
444.7570126056671, 3894.7055398512643, 20.49059925680906
445.2977571487427, 3107.9813992098434, 332.11162242702943
445.78265380859375, 2722.3665716069777, 1514.1065992995577
446.28462266921997, 3981.0718060582212, 63.58485654264859
446.8171980381012, 3840.438559310394, -118.22456304167024
447.35112285614014, 2356.603629329805, 1531.8075895653515
447.86688923835754, 2365.3025693891705, 1363.4832005660785
448.38174080848694, 2272.4765195535197, 1345.4620161842925
448.92358231544495, 3878.516033156933, 138.21463736354596
449.3177537918091, 2090.608617033609, 1269.3239381537155
449.85954880714417, 3928.3856080534415, 765.619928580658
450.3555386066437, 1723.2327277618206, 245.87046819517084
450.9363672733307, 2291.8449831310018, 1332.1538890970814
451.35252594947815, 3208.834701823563, 88.02588678771745
451.8896224498749, 3234.7466369042763, 1203.4970332079654
452.4015402793884, 2820.287633339121, 1547.7617556970927
452.88655066490173, 1647.1659360680858, 468.1716001140699
453.48527908325195, 1988.0627042890653, 1499.1111517273785
453.9311692714691, 1547.1518442308345, 1031.20518628248
454.4331476688385, 1597.4705402662223, 1109.5200070618346
454.95499897003174, 2299.3704031469315, 626.8419582352126
455.47590827941895, 3805.852548663765, 140.8971386037047
456.0156350135803, 2714.4941039823734, 481.52403479252564
456.56448221206665, 2565.7667340457388, 104.40001002942401
457.0721642971039, 2208.164188541111, 718.1038755131254
457.5300667285919, 2583.907678167216, 1315.1757697164207
458.0439169406891, 3282.2813287095923, 81.87707070326333
458.57079815864563, 3069.432831893928, 1280.4119886108856
459.0138056278229, 2696.532149933958, 769.1150770912124
459.59865951538086, 5617.026200427429, 255.06593466602513
460.0745313167572, 2698.176340424619, 1424.7162711606732
460.64223170280457, 4022.0286096132154, 27.168432611915254
461.05722546577454, 3631.0000000000086, 362.8595513107136
462.078982591629, 4153.196788896593, 180.53361276826274
462.6427094936371, 3771.5828098878674, 540.2503287739452
463.14065861701965, 3969.2091837148946, -37.19802911592557
463.63062739372253, 3988.728213607063, 337.6193547815639
464.2133204936981, 3862.999948009817, 203078.57944094093
464.668315410614, 3806.810975983206, 68.98232635826866
465.2449839115143, 3990.6226826949237, 787.853673663865
465.70182824134827, 3979.499999999977, 1265.90642455885
466.20777797698975, 3981.0196779255566, 1.008280351588668
466.6888315677643, 3891.452617992453, 525.7819236741568
467.23753786087036, 3662.0044446487163, 1400.359944004804
467.68464851379395, 3898.178582903925, 15.209870428785061
468.2763693332672, 2783.8742216656674, 46.000000000009486
468.72329807281494, 3973.273564473257, 72.91257118692306
469.22416520118713, 3923.835227980562, 119.36237522472047
469.773952960968, 3327.3148409237906, 1270.5777341947123
470.23801040649414, 3872.115342338714, 22.00549746441714
470.7518844604492, 3266.720253075773, 1659.242718248118
471.2828640937805, 3036.456459630553, 1465.7937933054468
471.8177137374878, 3876.073153604823, 5544.765783881018
472.2925651073456, 3901.765733354316, 117.5873596868761
473.3633563518524, 2017.3198565452774, 1547.304664017878
473.87426114082336, 1580.3825959037451, 1356.6058835258227
474.39407181739807, 1808.2293959404676, 1337.586142466991
474.9159150123596, 2134.917125066408, 246.55916841430445
475.47044014930725, 2016.016530152112, 1973.7080550934063
475.9123365879059, 1974.4094208777203, 1294.5397708201886
476.4181351661682, 1992.6221809215779, 1381.0233591382353
476.8350918292999, 1992.6221809215779, 1381.0233591382353
477.43255734443665, 1893.0632324326857, 1004.0808590718456
477.9763696193695, 1636.8437739841916, 955.1747295019268
478.416378736496, 1994.7613898026436, 819.6071625417002
478.9201560020447, 2068.492919095331, 142.0518125216685
479.45093965530396, 3817.6538591032986, 415.4790917723895
479.8789155483246, 3775.1311514012755, 2372.9037460209092
480.38378167152405, 1870.0277552761281, 1636.1901455595407
480.9625506401062, 2586.8046972515963, 1427.4872693374762
481.42954182624817, 2770.7751061084227, 1400.0396719000548
481.8846106529236, 3018.6123810752943, 1310.3523418421778
482.44836139678955, 2892.471563234618, 1365.1661710651094
482.9441559314728, 3154.106500408682, 1405.5791223891256
483.4481110572815, 2285.8289704992467, 1388.4408296678866
483.99787616729736, 1950.0718988436042, 1341.6912966621219
484.6103448867798, 1796.0998679348356, 2196.0548878263994
484.9643986225128, 1996.5970322738904, 1449.1656839794707
485.46137046813965, 3952.6908079702994, 29.000000000087002
485.97123861312866, 3740.1433719788, 36.05316637176305
486.5222063064575, 3816.96063738121, 46.25453962711636
487.02506494522095, 3066.948518814139, 107.26803091265555
487.52884817123413, 3509.106757041976, 128.10457411054657
488.54390811920166, 3744.762869055996, 1414.9620966100883
489.05377411842346, 3903.5274033591813, 162.1986602810612
489.56469321250916, 3696.317014697801, 60.78208669546278
490.0734305381775, 3386.0046972980554, 74.49972545929846
490.7169919013977, -6495.348148762836, 36.500123556624885
491.3234760761261, 3914.050126165206, 22.86244041826638
491.93184876441956, 3873.9899916053846, 40.377128194105694
492.6289827823639, 3888.5179950629386, 1445.9999999949155
493.4388165473938, 3911.210847748507, 48.06284201679871
494.1596302986145, 21.452537585178366, 2806.9688499400977
495.1654751300812, 681.9169392102247, 2989.7799277826684
495.6822929382324, 1410.0206584510947, 2994.576311130468
496.19221329689026, 1633.1501445805984, 2981.7239317521503
498.20681262016296, 1660.4803136914727, 2990.4080396239624
499.27635383605957, 1698.814938292998, 2993.491082548659
500.7389483451843, 1704.0175781393175, 2993.1344379289685
501.8125958442688, 1703.1964572449806, 3009.5035258326775
502.2964680194855, 1771.5460404993876, 2986.6576226768225
502.76446747779846, 1822.4343646773384, 2738.258306496888
503.2554805278778, 1653.4088112308448, 1424.8570804859266
503.7913258075714, 1652.59862378321, 1430.086668335403
504.31028485298157, 1653.7292817659113, 1426.9372629466616
504.81608486175537, 1646.9957861057544, 1428.948768949135
505.3429968357086, 1657.6456719569846, 1427.009109774664
505.8098974227905, 1652.1842173270868, 1428.5088860660558
506.3118715286255, 1652.714474479628, 1429.4553641063305
506.8358187675476, 1652.080135227493, 1429.4884375630245
507.3427767753601, 1650.56626437596, 1427.9578071667727
507.8537337779999, 1651.368379526155, 1427.9669660834513
508.1600480079651, 1651.368379526155, 1427.9669660834513
508.35452675819397, 1652.6180667226708, 1429.8762823614206
508.8602466583252, 1652.0050032992033, 1429.939571190233
509.3790137767792, 1651.8009153601256, 1428.6152359759665
509.86212849617004, 1652.0826954466934, 1424.5225907440022
510.36325454711914, 1650.580173188262, 1428.5219770287256
510.8872780799866, 1652.6671556516753, 1429.7256124873784
511.4001934528351, 1651.558868393617, 1428.4057347595597
511.9012382030487, 1652.1764995673225, 1429.4897755068587
512.4191308021545, 1651.2040043463344, 1427.4074505098874
512.9189713001251, 1650.1546315669323, 1429.481644285847
513.4229769706726, 1655.0196736129947, 1430.5625238978582
513.9348220825195, 1652.0565247276131, 1427.2244613243683
514.4317989349365, 1649.1292559176468, 1429.2640332319818
514.9208245277405, 1653.0157701972025, 1427.223978386524
515.4388477802277, 1653.955715280206, 1426.2639756997846
515.9447872638702, 1652.1111123532576, 1427.4837492653983
516.455747127533, 1650.8933890070955, 1428.4210144967508
516.9706358909607, 1654.6865193890844, 1431.9026950983207
517.483481168747, 1654.398019059887, 1431.6370492647914
518.0144164562225, 1649.5880440740898, 1429.6023629204576
518.5274729728699, 1653.1124812041498, 1427.378527308861
519.0562226772308, 1655.2461098827323, 1428.2794117238493
519.5551962852478, 1649.8296474035988, 1429.109180188878
520.0373077392578, 1656.4079942248627, 1432.5864889083286
520.5532493591309, 1650.951762578088, 1425.4698176685006
521.0521812438965, 1653.4312707851132, 1430.153748243367
521.5851893424988, 1649.5937355274855, 1429.5420288514763
522.0713415145874, 1651.6658986146917, 1430.5109347314308
522.5832893848419, 1652.8261947076971, 1429.853188353898
523.0811405181885, 1651.7687637685858, 1427.2936492886433
523.6049585342407, 1651.958841186591, 1430.4993687765034
524.1068222522736, 1653.276147736092, 1430.8067470529986
524.6167542934418, 1652.4181994462162, 1429.9760352884155
525.1007990837097, 1649.3657845014338, 1429.7593050429377
525.6324977874756, 1655.8050177525897, 1432.3444068466297
526.1255457401276, 1650.691706279326, 1428.4615334662976
526.6325733661652, 1652.8690867569646, 1430.1034348229289
527.1275970935822, 1651.1064642751116, 1428.204206389415
527.6414864063263, 1655.6742964187958, 1430.3803976922334
528.1484639644623, 1655.7527758195192, 1426.4104729371031
528.655514717102, 1654.8310967662746, 1431.1914457366913
529.1435108184814, 1650.5030779079884, 1427.840326121303
529.6685674190521, 1651.4864101882636, 1428.2573974439758
530.1653459072113, 1651.976646921132, 1428.8310071596495
530.6781897544861, 1651.1185681091108, 1428.9609291065944
531.1601791381836, 1652.6030037568585, 1426.7744648674532
531.6840658187866, 1655.8473835566651, 1430.924082506246
532.1858990192413, 1652.1761589821572, 1430.2222597219913
532.6987795829773, 1653.4816213216945, 1427.2414393269917
533.1868071556091, 1658.0046931503068, 1433.9333529747694
533.7126610279083, 1651.5456905116407, 1429.2440856039302
534.2105565071106, 1651.9660409397122, 1428.2024750394087
534.7405264377594, 1652.1701926527169, 1430.9279045617598
535.2245869636536, 1648.1138839510834, 1429.344293817163
535.7484486103058, 1654.5300527695697, 1430.9160966213194
536.2464809417725, 1652.311481527679, 1430.0797865287952
536.7734122276306, 1651.416777348798, 1427.2625617717124
537.2614378929138, 1652.3507451155335, 1423.7876204609556
537.7844612598419, 1652.4326798104644, 1429.1367154636696
538.2854392528534, 1652.2301285292317, 1427.49917659607
538.7953124046326, 1652.7533411718057, 1430.2347097264928
539.2884297370911, 1652.8072931148133, 1426.3464733942462
539.8084492683411, 1655.93617643254, 1432.286210237465
540.3702795505524, 1652.9842429621044, 1429.7250201566699
540.8701364994049, 1655.1807717127006, 1428.032122465455
541.367921590805, 1652.6577748462962, 1429.003201157472
541.8956415653229, 1653.1160668991884, 1430.2582853600813
542.3783507347107, 1654.659153943609, 1431.2000178227238
542.9229481220245, 1653.172009068233, 1429.6213793101972
543.405739068985, 1656.4222547393397, 1433.5507780890227
543.9464213848114, 1652.5563796411973, 1428.5435554075157
544.4503285884857, 1652.3089352159693, 1429.5318820612242
544.8414483070374, 1652.3089352159693, 1429.5318820612242
545.5938138961792, 2487.802490324746, 1246.5718394727844
546.0588479042053, 2371.709037956016, 794.1841551659734
546.570686340332, 2535.999147018833, 900.4750905673102
547.0206859111786, 1587.621927548264, 1429.7974961530024
547.5576066970825, 1667.6718517937406, 1052.4004941550402
548.1033661365509, 3014.694388734623, 1075.4028480421553
548.6201870441437, 2987.494318668736, 1161.1714251716583
549.088139295578, 2615.2622566118685, 792.3324543818433
549.5301434993744, 1655.6751091802462, 1433.0762053609703
550.0331218242645, 1651.1786785963534, 1427.7976675965076
550.5527997016907, 1653.2092626926449, 1429.5715511551223
551.0627484321594, 1654.7662378433733, 1426.888447213103
551.5717461109161, 1653.2060846002, 1430.2804166763895
552.0823817253113, 1657.1885283253996, 1432.015305484699
552.6169509887695, 1655.4530678443305, 1430.7833991030648
553.0827057361603, 1651.643748920611, 1428.9476194344904
553.591551065445, 1655.031715787012, 1430.3951047574149
554.1013584136963, 1652.5510811120591, 1430.5221436501708
554.6223146915436, 1652.7996691941132, 1429.5862582770155
555.1093831062317, 1653.7381452517618, 1426.253872942059
555.6541440486908, 1651.3350683413248, 1429.0313649174825
556.1390318870544, 1651.9061542647394, 1428.958247490952
556.6469659805298, 1653.2484407570844, 1425.3068754840338
557.1378350257874, 1649.7002601135541, 1428.2254506999575
557.6607141494751, 1650.7203253906785, 1429.3475192858857
558.1617500782013, 1651.7622304004321, 1430.133701933407
558.6854679584503, 1651.0659894366845, 1428.820834200187
559.1954538822174, 1988.504857261537, 1597.6543619683582
559.7333536148071, 1653.6890473670371, 1426.8316378513314
560.2104606628418, 1652.7801059882222, 1424.7173007673969
560.7343509197235, 1651.0226697324056, 1429.4823359215648
561.3009884357452, 1655.1569604547446, 1430.6660719369008
561.7660226821899, 1651.7868987836039, 1429.4802745673594
562.2608885765076, 1651.4608015928832, 1430.0839276498784
562.7736444473267, 1651.9731227495836, 1428.6980036308023
563.2567596435547, 1651.3098526176439, 1429.4512923770778
563.7707438468933, 1653.5393072000747, 1426.010816589849
564.2935483455658, 1652.5102455608999, 1430.1388756884396
564.7746105194092, 1650.0996359009223, 1429.1269595971069
565.3493766784668, 1652.7666928944896, 1426.6174744968985
565.7993152141571, 1652.5998959165624, 1429.1004452056832
566.3064675331116, 1653.5524771061926, 1430.5248640721288
566.8114666938782, 1656.6515798091257, 1428.4225367829574
567.298442363739, 1653.9627376650956, 1430.5107372506616
567.8421940803528, 1652.5332511844335, 1429.467745733956
568.3332266807556, 1653.7002046085013, 1430.3404566229453
568.8421504497528, 1652.116675834791, 1430.4690045802624
569.3381702899933, 1656.380246510767, 1431.4251426547137
569.8480968475342, 1656.4725840275921, 1430.5898280656684
570.340160369873, 1657.8562913892722, 1431.0463421680458
570.8529844284058, 1651.7800954114603, 1429.6656222926397
571.3411681652069, 1655.1558828075813, 1431.529132561286
571.8651964664459, 1654.8564829905258, 1430.971618296565
572.4050989151001, 1652.234721840761, 1429.971286628116
572.8899517059326, 1649.137880486404, 1429.5847913631355
573.400972366333, 1652.446508241934, 1429.4717121708836
573.9029204845428, 1656.9513917695795, 1432.355639915313
574.4039058685303, 1653.7715545023584, 1429.7419369842055
574.9279067516327, 1655.6152027049836, 1430.5711604951348
575.4450390338898, 1652.3956208229324, 1430.4415058988832
575.9639310836792, 1655.3648615551358, 1429.891442345867
576.5366818904877, 1656.6810829917076, 1432.7906668434857
577.0325181484222, 2992.702134159719, 1265.879028824718
577.5024507045746, 1651.5322721062382, 1428.5152818271874
577.9834797382355, 1652.567236997347, 1430.7215195870965
578.4935417175293, 1652.6428046556732, 1428.7140555232013
579.0045690536499, 1650.8049956515445, 1428.99189089838
579.5044784545898, 1651.0703552669474, 1429.1070712622945
580.0224964618683, 1656.1827649336376, 1431.534394187088
580.5535373687744, 1652.5679110243161, 1429.2411323290037
581.0656259059906, 1653.8383112341987, 1426.8943888149627
581.5605902671814, 1654.1959307909922, 1429.8788401874401
582.0466110706329, 1654.123732672456, 1431.1849069595953
582.5647342205048, 1653.8557814346548, 1430.6713483744861
583.1545178890228, 2757.5484371886205, 1250.1238669789889
583.6623091697693, 2901.665076551832, 1167.6531979948377
584.1921052932739, 2759.0243850971638, 1222.320770139693
584.7001237869263, 2763.628920793349, 1087.9668477346463
585.1241371631622, 1652.8570641554518, 1427.2076320459394
585.6819605827332, 1656.0798086427517, 1426.7293843804262
586.1238796710968, 1650.6225909827072, 1428.7055730920058
586.6257474422455, 1653.1461211839405, 1426.6041950965757
587.1308672428131, 1654.6102491297156, 1428.2011698660099
587.6528182029724, 1652.8939487676369, 1429.9709556599414
588.1606349945068, 1653.9757695753926, 1431.0013739778938
588.6805911064148, 1654.5250624841576, 1430.6071561900526
589.1794536113739, 1656.7735026855703, 1432.3797633752376
589.7013719081879, 1651.3964585632525, 1428.395673899206
590.2175440788269, 1650.9852196014936, 1428.197081988888
590.7324662208557, 1653.977942023681, 1427.6009984474997
591.2424113750458, 1655.190969935177, 1427.6985989735563
591.7622456550598, 1655.44811930656, 1431.527919227638
592.2650771141052, 1651.4818917704658, 1428.3067656167266
592.8059496879578, 1655.182041814507, 1429.6452066958152
593.3079438209534, 1653.760475713131, 1429.1898450497888
593.8198156356812, 1652.9720390980947, 1429.2570102614077
594.3138182163239, 1651.2126358793894, 1428.5585472802622
594.8347806930542, 1648.2196004050286, 1428.5488361171192
595.3267197608948, 1650.7076985264048, 1428.2142831871008
595.8455958366394, 1657.4490111897085, 1430.7166860756886
596.3476116657257, 1653.679791604367, 1430.6989285670875
596.8595719337463, 1655.0925844459525, 1431.1525880897277
597.3696978092194, 1651.7349493789072, 1429.077329421628
597.8885726928711, 1654.1141163259115, 1427.8256205181938
598.3975710868835, 1652.0269251279863, 1427.9166042587672
598.9154298305511, 1653.829065823874, 1428.2742525477172
599.405508518219, 1651.3765455338291, 1428.8071456308005
599.9163947105408, 1651.0069750201587, 1428.0592171041658
600.4004204273224, 1650.447916468957, 1428.2742744551808
600.9192960262299, 1654.6073696285314, 1427.486567453768
601.4303078651428, 1655.4809507978068, 1426.5414492431028
601.9344186782837, 1652.4528175926466, 1430.1045835574985
602.4341638088226, 1653.6022574251167, 1430.4854288951778
602.9510681629181, 1652.2334659686355, 1429.8962669257023
603.4756376743317, 1656.9894352884817, 1427.925450812081
603.9925165176392, 1650.6793343296856, 1428.5216198991318
604.4926536083221, 1652.2039608080013, 1429.109789946823
605.0055315494537, 1656.1899597390277, 1427.1823174514507
605.5285527706146, 1653.3969651758428, 1429.783477070633
606.0411825180054, 1650.7537497821118, 1427.881111056208
606.573000907898, 1651.590829670164, 1429.468074406479
607.0488250255585, 1652.7179174114622, 1428.5725991705096
607.5696039199829, 1653.5952678747112, 1427.353329264176
608.0554020404816, 1655.2384114083243, 1426.8383673443125
608.5722372531891, 1655.8408343334436, 1431.1380828598192
609.0901670455933, 1656.4339938837795, 1431.2112751754983
609.6100137233734, 1650.4127804851087, 1419.2978461101848
610.0769875049591, 1653.0961493558357, 1426.9876095318266
610.6376132965088, -685.8594372834973, 302.67555120505017
611.247056722641, 2896.761312334903, 591.229427152146
611.7618699073792, 2205.411423314097, 426.22221152549514
612.1338760852814, 1530.339097798416, 1148.3124021962915
612.6903872489929, 1705.2514080097144, 635.8557846481723
613.2608985900879, 1588.075544217204, 1054.6992648807823
613.9183630943298, 1750.9115952871255, 1238.3262422319885
614.2265691757202, 1712.9727122883958, 1725.619514758104
614.7444343566895, 1699.740340914133, 1388.6438941947047
615.3510994911194, 1708.421519256392, 716.1426323286506
615.7252230644226, 1499.2605571963468, 696.9330601087937
616.2551472187042, 342616.6763282436, 1001.4913617467947
616.8309950828552, 1376.977083260295, -22.530048534034538
617.2540128231049, 1611.1045148441754, 402.23632244193266
617.7927806377411, 2612.0089426390364, 651.6447153109972
618.29270195961, 546.4982093913119, 1070.9815073231632
618.7946884632111, 3974.1092572571406, 354.21270110081235
619.7586054801941, 3781.7837859176752, 1688.6352898480222
620.2523474693298, 2059.2851193444944, 2134.5725877843
620.792088508606, 3.8665866877497597, 819.2336800626659
621.3837335109711, 1881.2392569492176, 933.8461308246772
621.7718508243561, 678.1260978907868, 2130.46911097221
622.2767941951752, 1597.4038866877456, 2127.1822489031815
622.7935814857483, 1489.3502958455456, 2135.2264981446274
623.3055102825165, 1475.7140941954876, 2130.206557628393
623.8384690284729, 1379.2204804018206, 2135.1365469501347
624.3156447410583, 1265.066825910381, 2137.819995399228
624.8385598659515, 977.3003826518449, 2135.053583599433
625.3852558135986, 742.5213957191593, 2138.788511832752
625.874187707901, 646.4790719644637, 2137.725215271382
626.3332092761993, 704.2865574170278, 2139.3482906028103
626.8510472774506, 619.0466149801586, 2137.3650830493903
627.3452150821686, 587.2428978782291, 2136.1475019627737
627.8710865974426, 529.5902738783874, 2138.6517463307055
628.3650596141815, 619.1247963625635, 2135.875476825131
628.9099159240723, 599.9351363404655, 2135.9723498777
629.407764673233, 611.9255883506926, 2136.467678180136
629.9365832805634, 611.4867373791518, 2136.355433300496
630.4474828243256, 611.6389975899464, 2137.0708960360435
630.9594399929047, 612.1891543457215, 2136.575991757002
631.5880765914917, 2077.8770357768617, 548.9704988754359
632.0529947280884, 3213.6087965349757, 759.082461003881
632.4831578731537, 613.0074503210916, 2135.344941566876
633.0108008384705, 612.126461303425, 2137.5037130233363
633.5146625041962, 612.9494547994841, 2136.7733286428925
634.0405642986298, 611.6885327942023, 2137.721726877439
634.5265998840332, 614.0844693806572, 2137.8976858461597
635.0655229091644, 612.4144480351716, 2136.685037618974
635.5464987754822, 610.0624129460139, 2136.8532149246894
636.0574071407318, 596.8253493731594, 2141.242101596323
636.6292636394501, 937.5980986909531, 2133.6921210325618
637.0783843994141, 1134.9142674634977, 2131.9968813243645
637.606369972229, 1173.50243989754, 2129.8424575863987
638.1054639816284, 1344.548489386873, 2134.574408199637
638.62229180336, 1346.590403337885, 2134.215547067206
639.1342353820801, 1351.4351485660354, 2133.4493420822664
639.633246421814, 1350.176872232186, 2132.569902472566
640.1301922798157, 1350.7281410736582, 2133.46220137705
640.6502676010132, 1352.094785919009, 2135.0926215377276
641.1513185501099, 1351.562721150911, 2134.519194759586
641.7180390357971, 1351.93415814953, 2134.1919780318817
642.1562762260437, 1351.4007589716184, 2134.1119599775725
642.6931443214417, 1351.50502046828, 2134.329915558015
643.2049677371979, 1350.995860491596, 2132.999749209373
643.7358705997467, 1350.764218872078, 2132.1512895707415
644.217859506607, 1351.7909937836798, 2133.77174023078
644.7417225837708, 1351.266423156831, 2134.198188416246
644.8025596141815, 1351.266423156831, 2134.198188416246
645.2535905838013, 1352.0101366380268, 2134.1146729548973
645.7804255485535, 1352.233314581257, 2132.914655810269
646.2541885375977, 1352.2202725809868, 2133.017206033659
646.7738907337189, 1351.5482165234346, 2134.092626770317
647.2778148651123, 1353.4055617865863, 2133.792395180144
647.7786755561829, 1351.7852659482203, 2134.220186502839
648.2577681541443, 1351.420718668981, 2132.845969117255
648.7875220775604, 1351.956630051959, 2134.0951740332303
649.2893435955048, 1351.524165465271, 2134.113342852101
649.814080953598, 1350.7700578692868, 2134.46598034741
650.297203540802, 1351.9260825016756, 2134.9179194458497
650.8051807880402, 1351.4780246297782, 2131.076066685079
651.2900314331055, 1351.165444467932, 2134.3479585051427
651.8119511604309, 1351.979302811344, 2134.153097900435
652.3587372303009, 1352.0462117988889, 2132.7614443147927
652.8285646438599, 1352.1513734658072, 2133.4922054721537
653.3366820812225, 1352.389158260018, 2132.8531048097293
653.8596520423889, 1351.2123464355807, 2134.297562795864
654.3525826931, 1352.5688121581954, 2134.9475868370246
654.8756093978882, 1352.233179938164, 2133.9825658012387
655.3936364650726, 1351.6216769505038, 2134.9378543491316
655.958489894867, 1352.4087338523834, 2133.15408654816
656.3963196277618, 1352.1328926897788, 2134.8440224161213
656.9061651229858, 1351.6750122642989, 2133.629130971992
657.4081580638885, 1351.2573015541977, 2133.2186336656123
657.9172523021698, 1351.595295252151, 2133.9096283132512
658.4501838684082, 1351.8707417329408, 2132.011652465803
658.9468557834625, 1352.2009450685619, 2132.962558874208
659.44482421875, 1351.9548904312967, 2133.954151984484
659.9587948322296, 1352.1213872840294, 2134.810929948401
660.5016252994537, 1352.7502216192145, 2133.993985445073
660.9786496162415, 1353.1230237356458, 2134.903447336161
661.5185236930847, 1351.6344570211716, 2133.952797030293
662.0224282741547, 1352.2598616929058, 2133.134614470446
662.499502658844, 1352.5126602371713, 2135.3579707965882
663.0095181465149, 1351.4155847352747, 2133.3855079241116
663.5255544185638, 1353.4200499951614, 2135.2809968449365
664.0355954170227, 1352.9417974341065, 2134.3632637854216
664.5655007362366, 1353.0746356686432, 2133.857061919278
665.0465972423553, 1352.5637243516428, 2133.0968728750972
665.5924155712128, 1351.356204964262, 2132.27417708575
666.0634379386902, 1351.9831618897251, 2132.596579850866
666.5674383640289, 1350.806230048345, 2133.0160232183457
667.0724983215332, 1352.7411302973135, 2134.7041879185367
667.5942378044128, 1352.2169599966535, 2133.5864558839653
668.1010973453522, 1351.9761809879892, 2132.1872448332865
668.6290624141693, 1353.2590957382743, 2133.361457208355
669.1400511264801, 1352.5445739807456, 2133.5515973125266
669.6548686027527, 1352.7051205146804, 2133.677293246011
670.1448311805725, 1352.5559157138016, 2133.9061284132285
670.6678602695465, 1352.8152101057851, 2133.9880259235724
671.1528358459473, 1352.6303863775229, 2133.9937977580303
671.6817865371704, 1353.6777177424237, 2133.6379224134416
672.180451631546, 1352.979051568107, 2134.0272246368268
672.6930811405182, 1352.9491075906628, 2133.218995140033
673.1578373908997, 1353.2339069323905, 2134.5330796026096
673.7085356712341, 1352.2955838911003, 2132.438771571201
674.1895525455475, 414.7836564722768, 2139.141645365442
674.7822184562683, 2062.34399762815, 1331.5198185882762
675.2301409244537, 1867.241072053686, 951.5605524222445
675.7468729019165, 2232.0401086702477, 1013.8118417120866
676.2337040901184, 2352.669397574179, 636.7113746594702
676.7604451179504, 1564.192200341952, 1102.3600315570518
677.2951393127441, 1479.2669143472372, 1336.0663822703061
677.7928674221039, 1095.6949839960284, 743.0426546106327
678.2776553630829, 893.5150778908992, 912.6564164378623
678.7596249580383, 48.18852527619626, 2274.110852140116
679.2386546134949, 77.1103167320407, 2275.7197311948007
679.7627019882202, 70.54749450395043, 2279.0099082207003
680.2594618797302, 868.7666558496421, 2276.900910703496
680.8383145332336, 724.6768718447247, 2276.2535373929845
681.2654440402985, 538.4276392675253, 2278.795046066153
681.7803432941437, 190.5379139109172, 2277.547627889419
682.2762951850891, 197.66617207564732, 2277.312106512435
682.7911584377289, 216.42451764072828, 2276.62394969752
683.2901179790497, 1025.222091751816, 2274.4447970657
683.8011677265167, 543.0076157902191, 2274.431536848211
684.3120110034943, 553.9767363940501, 2272.517899229122
684.8209013938904, 555.8600828585688, 2273.129798344909
685.3199315071106, 436.4638282472038, 2273.985940226056
685.8427619934082, 536.3632070564913, 2269.1236051136634
686.3519992828369, 526.7067154460528, 2272.393124143626
686.8508112430573, 526.4012781548505, 2270.7469336172694
687.3628256320953, 521.1310415941986, 2272.5039730777858
687.8855273723602, 494.8980668715801, 2273.248848635143
688.3962275981903, 494.4320762005223, 2272.4359147932482
688.9081282615662, 485.8776996537663, 2271.1993976265644
689.4539458751678, 494.79440031917164, 2273.91821808575
689.9419860839844, 505.24112700266977, 2272.733311104069
690.4211134910583, 505.5850697536673, 2273.8380020226027
690.9480519294739, 505.57222571799196, 2273.58284029549
691.4469926357269, 505.3223047372687, 2272.8847209658397
691.9818482398987, 506.36677946325796, 2272.3235135729506
692.4727194309235, 505.48296131051825, 2273.752163401312
693.0055780410767, 505.4699030977219, 2273.160338311371
693.5025386810303, 506.0135705225533, 2272.5050638934717
694.019448518753, 506.4419914913518, 2271.756155970657
694.5324056148529, 506.4450894537417, 2272.5874537457335
695.0461206436157, 505.57725538696945, 2272.4138394554548
695.5580477714539, 506.0385148073584, 2272.824859593377
696.0700535774231, 506.03497176087257, 2271.9956182142646
696.584095954895, 506.4307714736579, 2272.6338375076543
697.125910282135, 506.60641382927344, 2272.9459457531593
697.5818088054657, 506.43082190201477, 2272.7672537079293
698.0878582000732, 506.8946001387794, 2272.5586845537423
698.6188921928406, 506.7414847915387, 2272.46896294843
699.1128344535828, 507.03845042138545, 2273.221814420253
699.6246631145477, 506.24802497781826, 2272.113295351996
700.1334390640259, 506.1873709632116, 2272.198272071345
700.655296087265, 506.3351509776703, 2272.432391163185
701.1583349704742, 506.8594449064503, 2272.5201397513715
701.6811904907227, 506.6615540307462, 2272.2616067686185
702.1700098514557, 506.4420472033869, 2273.108528446228
702.6939427852631, 506.6144119281717, 2272.3417012807254
703.1836729049683, 506.6844076047872, 2272.120860634783
703.713543176651, 505.99295465847877, 2272.9680305455945
704.2065258026123, 506.76318400919104, 2271.1411077117714
704.7206671237946, 506.4730693306071, 2272.306177924443
705.2257313728333, 505.8481684693947, 2273.2681091639834
705.7545874118805, 506.50882324238506, 2271.992099978075
706.2756340503693, 507.4665488413987, 2272.4172892209554
706.7814707756042, 506.75123748152464, 2272.4546361433013
707.2874677181244, 507.0882081289751, 2273.8399709643804
707.8124279975891, 506.53114805121606, 2272.881175608296
708.3133773803711, 507.3014730023447, 2272.305200655002
708.8183043003082, 507.53368810560494, 2272.4969865511466
709.3051195144653, 507.5302711036289, 2272.6586254686
709.8238618373871, 507.60309163895096, 2272.3694317136965
710.3614642620087, 505.10638567834474, 2273.703654950039
710.8294854164124, 506.9363027346331, 2272.264907631168
711.3333284854889, 507.0122446902229, 2271.505924905548
711.8389596939087, 507.08810492196557, 2272.372527892059
712.3268737792969, 507.27227633458796, 2272.46305641059
712.8368723392487, 507.1723179366953, 2273.122166526006
713.337769985199, 506.96975212521954, 2272.035268517326
713.8935630321503, 507.42450240162754, 2272.340938622679
714.356611251831, 507.26801917046055, 2272.149051792975
714.863493680954, 507.26932263281265, 2272.306731879766
715.3685300350189, 506.8729545403718, 2272.4085375659847
715.8823506832123, 507.04165511902966, 2272.8962088275925
716.3773169517517, 507.0351830708019, 2272.1739369617208
716.8891139030457, 507.08794924006213, 2272.6490915100667
717.3910872936249, 507.8238400379237, 2272.515881126911
717.9220554828644, 506.93415946903326, 2272.4827521692328
718.4379811286926, 507.10665780165203, 2272.6694679644847
718.9587104320526, 507.292154168207, 2271.808591604835
719.4634597301483, 507.3844450488004, 2272.6818209221274
719.989367723465, 507.38845033171833, 2271.997832001293
720.4912467002869, 506.9313698933629, 2272.088142963895
721.0199873447418, 507.25074756923163, 2272.6211870156058
721.5208578109741, 507.3346324304999, 2272.065279209796
722.0407590866089, 507.45148409531345, 2272.6151285115966
722.5386128425598, 507.69419380157694, 2272.142785830863
723.0586714744568, 507.77623087718666, 2272.654828125964
723.5653808116913, 507.3170660940997, 2272.579904369631
724.073305606842, 507.6200204797994, 2272.356520721757
724.5932903289795, 506.6264937213222, 2271.886967693941
725.095174074173, 507.0438048200636, 2273.114218280004
725.5900552272797, 507.25671348761455, 2272.3578026964688
726.1040167808533, 507.7327424499427, 2272.608446673411
726.6339321136475, 507.6431121330297, 2272.3110754061076
727.1338880062103, 507.1024924015475, 2272.6888823927097
727.6677384376526, 507.59870881460296, 2272.6354337585954
728.1329200267792, 507.7154391054886, 2272.2237704516842
728.7058272361755, 506.76560937862047, 2272.8668884509398
729.1628806591034, 507.65937423407513, 2271.532214824453
729.6717908382416, 507.019163557287, 2272.540371752601
730.1588611602783, 507.50060535601176, 2272.400180779533
730.6869394779205, 507.26511611315595, 2272.1656864706424
731.2009146213531, 507.4645874330987, 2271.7210053642743
731.7206959724426, 506.97478953147527, 2272.0098318746195
732.2163643836975, 507.7746165377749, 2271.8400835990055
732.7259957790375, 507.520843480179, 2272.986373431226
733.2176759243011, 506.9536837345453, 2271.5419022600695
733.7185897827148, 507.63402367353154, 2272.7319017405966
734.2236273288727, 507.4290587598768, 2273.4150993797516
734.7485802173615, 507.29239993420975, 2272.2258633271244
735.2424638271332, 507.4596511215974, 2272.3904757635205
735.7573912143707, 507.2160550535595, 2272.6761338462607
736.2614121437073, 507.3246226047048, 2272.2695233841496
736.8372023105621, 507.4566281423386, 2272.8137863747543
737.3241136074066, 507.74794296750673, 2272.3225638476997
737.7981581687927, 507.6143284151497, 2271.9462483258967
738.313955783844, 507.37708444906804, 2272.9896356122977
738.8256928920746, 507.45595997739923, 2277.3181984040893
739.3254828453064, 506.83807811352983, 2276.328967126491
739.8931334018707, 1517.2171641534758, 507.9226085954105
740.4318194389343, 1773.6555996090378, 591.6793784881226
740.9275197982788, 1886.5453507062991, 293.4005807436053
741.3833513259888, 2232.8294154647056, 655.5918961970251
741.9239614009857, 1791.4071914619337, 155.2353332155504
742.4016788005829, 1547.2748833386677, 304.8028583099195
742.9733798503876, 1404.5418233466828, 196.32267824412395
743.4313042163849, 1564.835922385508, 445.8017724506536
743.9022798538208, 1375.580433202091, 695.2616923789218
744.4591979980469, 1310.5444863381658, 363.3596236081464
744.9041574001312, 1513.4994242407433, 513.0676270475224
745.4558289051056, 1331.683295492954, 307.5978231726073
745.9617059230804, 1053.4378023620939, 287.03073782213755
746.4295752048492, 828.850165122029, 364.9878141681893
746.9225921630859, 1224.9893226437553, 475.3926370735436
747.4307289123535, 1595.2341907905054, 337.81972386691535
748.0432522296906, 1925.761279161083, 55.34171303096693
748.4891624450684, 1809.7639495593996, 1272.2219840757368
749.0150699615479, 1513.7468286303404, 1210.0102014024865
749.5358324050903, 1408.587578238633, 559.6312714946035
749.9858250617981, 1907.8853857439678, 316.23443756942436
750.6192963123322, 1160.5603729555146, 393.08484373493775
751.0373327732086, 3640.1850980389395, 230.442281552905
751.510241985321, 3717.6103550797943, 1124.3979239823775
752.037132024765, 3393.3918310205518, 844.9229386625726
752.7175598144531, -40027.15820827085, 17.193258640127816
753.1753315925598, 1108.7600730214674, 119.07656742289014
753.8336396217346, 3291.5974934532933, 990.4496639323888
754.5592341423035, 2724.1612756958807, 1437.7239782746797
755.0981292724609, 3817.8840279599863, 1410.7619888558913
755.6387829780579, 3532.4817051103514, 135.55256533652522
756.6594333648682, 2061.1424494227003, 858.8694337346496
757.1653974056244, 1950.7897069565304, 480.6828286934867
757.646152973175, 1880.3794162169627, 441.11398781306735
758.210779428482, 1795.0175275000786, 333.5905028302156
758.7594363689423, 1753.784489520465, 525.3596873758357
759.1934413909912, 1708.978923152091, 242.92165200954503
759.7211515903473, 1722.1179199777735, 513.9673070790274
760.2188987731934, 1799.6936000658693, 364.2385314714431
760.7266759872437, 1748.6381233514228, 673.6002673075144
761.2744386196136, 1810.777027557757, 131416.90609794672
761.7472531795502, 1832.999501999887, 556.6655980526684
762.260023355484, 1983.6620135985727, 337.0958511250862
762.6878757476807, 18.99714229089881, 387.3512599680975
763.248612165451, 1782.613227490042, 821.9311931481272
763.8632521629333, 1864.5123704931311, 428.48142550367
764.210378408432, 1804.665697585687, 707.1597303154407
764.8071429729462, 1665.313977848301, 311.8514370795191
765.2440395355225, 883.3957877891658, 908.9048058971784
765.726092338562, 27.03307550353452, 132.1124315389275
766.1990230083466, 505.0088584271211, 2092.226761038224
766.7655029296875, 1800.1825627511853, -33746.11969317776
767.3500928878784, 1795.0243350619226, 559.1199357114926
767.836962223053, 104.16142158631456, -16.676168551689525
768.278876543045, 1.4388247870060804, 5.609162480366047
768.8118205070496, 1851.6161926529621, 685.0798043771574
769.2718436717987, 1804.4249771538107, 645.7081359396603
769.7850966453552, 1945.982664023374, 380.4015189794618
770.2380895614624, 3441.741380914878, 2488.760865725366
770.7630634307861, 3487.4596426043863, 2490.530404864169
771.239993095398, 3440.4039680074816, 2490.9153879013447
771.7759182453156, 2698.1757557255814, 2493.5519022499275
772.25883436203, 2729.1559589651947, 2493.397883164242
772.7807450294495, 2848.2872993185783, 2493.405696107677
773.286542892456, 2827.9118885295075, 2495.9131052029165
773.7953906059265, 2845.819282823684, 2493.8619634049537
774.3101630210876, 2845.317147431476, 2493.9470036386956
774.8402097225189, 2845.333013387246, 2493.747436426866
775.3111612796783, 2824.917539969524, 2494.3950011199527
775.8290767669678, 2779.6132034596208, 2494.817100008828
776.3360521793365, 2723.351262491358, 2493.8106623186873
776.849137544632, 2341.652478909887, 2494.1661431376106
777.3557777404785, 2345.119592990091, 2494.7390766729327
777.8644115924835, 2466.263232304702, 2496.3576246054727
778.3874213695526, 2545.3092240716796, 2495.3662199705136
778.8653724193573, 2538.096624501306, 2495.032228446064
779.3640933036804, 2522.069120245466, 2495.9588675674427
779.8880050182343, 2524.064316602956, 2495.127459273273
780.3900744915009, 2550.857850212097, 2494.5665173425687
780.8998258113861, 2552.4531394481437, 2494.7768875385736
781.4047784805298, 2552.56591479551, 2494.1714630307815
781.9306190013885, 2553.259704650602, 2494.3557343192456
782.4255981445312, 2553.4094102489817, 2493.918404013547
782.9434781074524, 2553.5130288236965, 2494.2309433097166
783.4354732036591, 2553.626914525229, 2494.046821756217
783.9673092365265, 2554.0989876640115, 2494.2141232396575
784.4850273132324, 2553.990236643131, 2494.7362296421393
785.0058596134186, 2553.9025761901776, 2494.739849553986
785.5170023441315, 2554.1537130874126, 2494.60817316406
786.0258598327637, 2553.902200468151, 2493.756283800602
786.0866966247559, 2553.902200468151, 2493.756283800602
786.5436625480652, 2554.3223364005917, 2494.133299801597
787.0397043228149, 2554.264919687155, 2493.9672675239176
787.5317039489746, 2554.172002781734, 2493.6052289115064
788.0536270141602, 2554.2807861205292, 2494.149519630019
788.5486390590668, 2554.305555335067, 2494.60186346085
789.0633747577667, 2554.2616855981228, 2494.3602982725265
789.583153963089, 2554.3415047174653, 2494.308234164561
790.0762240886688, 2554.3534503481005, 2494.1218956568437
790.5968589782715, 2554.4170625903766, 2494.3548615876743
791.1246454715729, 2554.1904116743654, 2493.9880008875825
791.6067924499512, 2554.3489873628887, 2493.996255229352
792.1224069595337, 2554.4500908176783, 2493.9778228174923
792.6310422420502, 2554.435934085478, 2494.617024725713
793.1336917877197, 2554.4300513962744, 2493.9762993416834
793.624472618103, 2554.3535258606607, 2493.8290675185535
794.1363270282745, 2554.7558517549796, 2493.549549694826
794.6651821136475, 2554.4572673057046, 2493.0871453937443
795.1581552028656, 2554.6718925588166, 2493.8997237481626
795.6601803302765, 2554.6950937549123, 2493.881616157705
796.1661536693573, 2554.6404676702514, 2493.8402807214597
796.6711151599884, 2554.5732322981203, 2494.3919377550187
797.1791243553162, 2554.360750866952, 2494.148066481584
797.6971957683563, 2554.9954143303485, 2493.7843670285183
798.2160134315491, 2554.7322364858765, 2494.173540855368
798.7340569496155, 2554.890729184535, 2494.1652809719376
799.2320902347565, 2554.9535135590672, 2493.743688513033
799.755900144577, 2554.8311730067453, 2493.381898727954
800.2449448108673, 2554.9809970610186, 2494.025834222735
800.7529311180115, 2554.7155145211464, 2493.6901322493586
801.2577965259552, 2554.598051952347, 2493.4202106763382
801.7587554454803, 2554.836395429397, 2493.416118418076
802.260683298111, 2554.872076226112, 2494.118887844747
802.7883477210999, 2554.9085966745724, 2493.556639255264
803.2934181690216, 2554.680310735169, 2493.5670861233266
803.8003768920898, 2554.703995366072, 2493.800961322028
804.3210141658783, 2554.80294744739, 2493.500271017928
804.8597254753113, 2554.775205108923, 2493.361863448214
805.3536086082458, 2554.87046199573, 2494.427553189942
805.8915362358093, 2554.902953682846, 2494.1976479468553
806.354505777359, 2554.607686304213, 2494.3261800352334
806.8703665733337, 2555.0694657636204, 2493.892219666451
807.3660354614258, 2555.202995552625, 2494.075015910339
807.8946161270142, 2555.0469953675038, 2494.482412062601
808.4122271537781, 2555.155122019432, 2494.0142112601275
808.9179294109344, 2555.1500604630546, 2494.2556956279404
809.4485175609589, 2555.106899799654, 2494.092500607488
809.9246401786804, 2554.977648185948, 2494.0682550749134
810.4225783348083, 2555.006273073898, 2494.3064558220594
810.9334659576416, 2554.982461226091, 2494.0602814674185
811.4201531410217, 2554.9822342456027, 2493.4498905310625
811.9601581096649, 2554.7269779196736, 2494.0467262225407
812.4511227607727, 2555.1523593905627, 2494.0056567635806
813.0129368305206, 2555.0631861218953, 2493.6556976834513
813.4680647850037, 2555.0524301501437, 2493.450100951329
813.9840066432953, 2555.3614513658677, 2493.009523703002
814.4890298843384, 2555.097646488894, 2493.412846792423
814.9969868659973, 2554.950736682094, 2493.432736251432
815.5305509567261, 2555.0640693819296, 2493.5606155190867
816.0195927619934, 2555.247676527474, 2493.6005789933765
816.5095753669739, 2555.1748506374342, 2493.740878006345
817.0324540138245, 2555.126855795723, 2493.3217084247726
817.5244064331055, 2555.0918620496936, 2493.6436666212194
818.0450077056885, 2555.0617119216686, 2493.56962050234
818.5351135730743, 2555.0056431167977, 2493.4693349971517
819.0470430850983, 2555.02696000459, 2493.5191790761246
819.5610511302948, 2554.8246654089603, 2494.812950354129
820.0898616313934, 2554.947699748755, 2494.1954337942293
820.6106777191162, 2533.478206590671, 2164.7568958752418
821.1875081062317, 877.9855131783034, 1042.9213861660276
821.6783761978149, 1646.0861992734847, 1089.786468571345
822.1820859909058, 1713.125392639317, 1114.782707290075
822.668931722641, 1874.5434539158503, 994.5359276504666
823.1550137996674, 1712.4247174856212, 1102.4537901382475
823.6979186534882, 1600.6485544023537, 1042.5908046224586
824.2126839160919, 1851.3613098130738, 1039.4523863729185
824.8182816505432, 841.3202261971587, 1223.2229018411797
825.3489964008331, 905.4148543431153, 1034.7099891861183
825.8457889556885, 942.8648362295855, 569.9362919884205
826.3136508464813, 749.8484018168389, 1455.8240973513282
826.7874734401703, 774.3281783707072, 639.9994541043583
827.4519798755646, 944.8771039097627, 207.9891927927596
827.8449237346649, 795.0479881090046, 1319.2586104792026
828.3596439361572, 947.2960873958416, 1036.908297520488
828.7337925434113, 919.9356520630129, 1163.6667970684916
829.2727446556091, 623.5704098057303, 763.5849124309452
829.7816436290741, 731.1502000354645, 316.4388747205262
830.2895290851593, 278.53109757447345, 1044.7013340156084
830.8213868141174, 717.9914896219701, 1012.8335246378135
831.3024361133575, 564.1204972274792, 788.755095346015
831.8193819522858, 619.8190991466587, 611.3538879119718
832.3978333473206, 542.9445364311256, 1258.8978847495664
832.9655351638794, 542.2043829727846, 1151.7322012144318
833.3734400272369, 532.724861398965, 853.8394821528345
834.4589471817017, 880.654758020393, 600.0469559119366
834.9376692771912, 141470.0793665174, 845.5911067356254
835.3316314220428, 609.4393593509628, 592.524273161505
835.9242758750916, 603.0287884279276, 193.49878969007625
836.3802645206451, 830.7618001647602, 195025.0766280805
836.934987783432, 812.5879880259629, 978.6838419124814
837.3679482936859, 807.2989667785716, 460.71632683347497
837.9117257595062, 650.3979843295589, 707.0732264615647
838.4045436382294, 501.08404860532033, 674.9175184849336
838.9394054412842, 841.2958854006956, 645.2773480629833
839.3954033851624, 504.5290795040515, 1019.7588546665714
840.074821472168, 227.37158617882065, 214260.68170885666
840.5087316036224, 127889.16010292887, 725.9900662265919
840.9546370506287, 741.0254844164842, 982.8499905292189
841.4863977432251, 171.50000000095693, 843.9985272697758
842.0031690597534, 839.308474655398, 650.4734589564144
842.5158624649048, 510.92663209812923, 1017.1231899666161
843.0126922130585, 790.6002806195717, 1151.516029906104
843.5553884506226, 534.3112520716645, 949.4142446222932
844.0362274646759, 253.9882006023592, 1020.340538040649
