time, x0, y0, x1, y1...
4.720363616943359, 20.0, 20.0
5.216034650802612, 20.0, 20.0
5.730658054351807, 20.0, 20.0
6.210371971130371, 20.0, 20.0
6.724995374679565, 20.0, 20.0
7.2106945514678955, 20.0, 20.0
7.71235203742981, 20.0, 20.0
8.215006589889526, 20.0, 20.0
8.707686424255371, 20.0, 20.0
9.216323852539062, 20.0, 20.0
9.753885746002197, 20.0, 20.0
10.216646194458008, 20.0, 20.0
10.73226547241211, 20.0, 20.0
11.611910820007324, 1226.44930727461, 1184.3185408001782
12.305054664611816, 1226.44930727461, 1184.3185408001782
12.814690113067627, 1226.44930727461, 1184.3185408001782
13.295403242111206, 1226.44930727461, 1184.3185408001782
13.787086963653564, 1226.44930727461, 1184.3185408001782
14.312679529190063, 1226.44930727461, 1184.3185408001782
15.047710418701172, 1222.842422256621, 1144.7347582828338
15.77576231956482, 1222.842422256621, 1144.7347582828338
16.281408071517944, 1222.842422256621, 1144.7347582828338
17.020429372787476, 1217.8396963277933, 1203.352812283894
17.7205548286438, 1217.8396963277933, 1203.352812283894
18.24116086959839, 1217.8396963277933, 1203.352812283894
18.738829135894775, 1217.8396963277933, 1203.352812283894
19.253450632095337, 1217.8396963277933, 1203.352812283894
19.729177236557007, 1217.8396963277933, 1203.352812283894
20.243799448013306, 1217.8396963277933, 1203.352812283894
20.740469932556152, 1217.8396963277933, 1203.352812283894
21.245117664337158, 1217.8396963277933, 1203.352812283894
21.743783473968506, 1217.8396963277933, 1203.352812283894
22.235467433929443, 1217.8396963277933, 1203.352812283894
22.734131574630737, 1217.8396963277933, 1203.352812283894
23.25773000717163, 1217.8396963277933, 1203.352812283894
23.74243187904358, 1217.8396963277933, 1203.352812283894
24.254061937332153, 1217.8396963277933, 1203.352812283894
24.737767219543457, 1217.8396963277933, 1203.352812283894
25.252388954162598, 1217.8396963277933, 1203.352812283894
25.757038354873657, 1217.8396963277933, 1203.352812283894
26.23874831199646, 1217.8396963277933, 1203.352812283894
26.751376628875732, 1217.8396963277933, 1203.352812283894
27.482418060302734, 1236.2917510374705, 1200.85303845455
27.739729404449463, 1236.2917510374705, 1200.85303845455
28.235402584075928, 1236.2917510374705, 1200.85303845455
28.748028993606567, 1236.2917510374705, 1200.85303845455
29.227744817733765, 1236.2917510374705, 1200.85303845455
29.72042679786682, 1236.2917510374705, 1200.85303845455
30.226072549819946, 1236.2917510374705, 1200.85303845455
30.7257342338562, 1236.2917510374705, 1200.85303845455
31.250329732894897, 1236.2917510374705, 1200.85303845455
31.753982067108154, 1236.2917510374705, 1200.85303845455
32.227712869644165, 1236.2917510374705, 1200.85303845455
32.72837209701538, 1236.2917510374705, 1200.85303845455
33.23102879524231, 1236.2917510374705, 1200.85303845455
33.73268365859985, 1236.2917510374705, 1200.85303845455
34.24930024147034, 1236.2917510374705, 1200.85303845455
34.73001265525818, 1236.2917510374705, 1200.85303845455
35.22468852996826, 1236.2917510374705, 1200.85303845455
35.712382555007935, 1236.2917510374705, 1200.85303845455
36.21603465080261, 1236.2917510374705, 1200.85303845455
36.977994203567505, 1238.2350441494107, 1204.7563702408663
37.229321241378784, 1238.2350441494107, 1204.7563702408663
37.72200345993042, 1238.2350441494107, 1204.7563702408663
38.21568059921265, 1238.2350441494107, 1204.7563702408663
38.72631478309631, 1238.2350441494107, 1204.7563702408663
39.22298574447632, 1238.2350441494107, 1204.7563702408663
39.71666145324707, 1238.2350441494107, 1204.7563702408663
40.21133732795715, 1238.2350441494107, 1204.7563702408663
40.33500623703003, 1238.2350441494107, 1204.7563702408663
40.72396469116211, 1238.2350441494107, 1204.7563702408663
41.476948738098145, 1247.8984698587547, 1201.47855635609
41.7482225894928, 1247.8984698587547, 1201.47855635609
42.220956802368164, 1247.8984698587547, 1201.47855635609
42.7256064414978, 1247.8984698587547, 1201.47855635609
43.21629190444946, 1247.8984698587547, 1201.47855635609
43.726924657821655, 1247.8984698587547, 1201.47855635609
44.212623834609985, 1247.8984698587547, 1201.47855635609
44.7282440662384, 1247.8984698587547, 1201.47855635609
45.59193181991577, 1236.499208891443, 398.86661610715936
46.29305386543274, 1236.499208891443, 398.86661610715936
46.8096706867218, 1236.499208891443, 398.86661610715936
47.28140735626221, 1236.499208891443, 398.86661610715936
47.826947927474976, 1236.499208891443, 398.86661610715936
48.28970813751221, 1236.499208891443, 398.86661610715936
49.09954047203064, 1232.4507893835862, 2002.9112896753497
49.85252499580383, 1232.4507893835862, 2002.9112896753497
50.351189374923706, 1232.4507893835862, 2002.9112896753497
50.85882925987244, 1232.4507893835862, 2002.9112896753497
51.37744140625, 1232.4507893835862, 2002.9112896753497
51.85516285896301, 1232.4507893835862, 2002.9112896753497
52.3598108291626, 1232.4507893835862, 2002.9112896753497
52.85348892211914, 1232.4507893835862, 2002.9112896753497
53.36212682723999, 1232.4507893835862, 2002.9112896753497
53.850818157196045, 1232.4507893835862, 2002.9112896753497
54.377408504486084, 1232.4507893835862, 2002.9112896753497
54.904996156692505, 1232.4507893835862, 2002.9112896753497
55.359780073165894, 1232.4507893835862, 2002.9112896753497
55.85744833946228, 1232.4507893835862, 2002.9112896753497
56.37805199623108, 1232.4507893835862, 2002.9112896753497
56.85976266860962, 1232.4507893835862, 2002.9112896753497
57.41926717758179, 1232.4507893835862, 2002.9112896753497
57.93588328361511, 1232.4507893835862, 2002.9112896753497
58.39864253997803, 1232.4507893835862, 2002.9112896753497
58.88035202026367, 1232.4507893835862, 2002.9112896753497
59.36206340789795, 1232.4507893835862, 2002.9112896753497
59.88067388534546, 1232.4507893835862, 2002.9112896753497
60.3554048538208, 1232.4507893835862, 2002.9112896753497
60.8640410900116, 1232.4507893835862, 2002.9112896753497
61.38365077972412, 1232.4507893835862, 2002.9112896753497
61.88829946517944, 1232.4507893835862, 2002.9112896753497
62.35106086730957, 1232.4507893835862, 2002.9112896753497
62.89261054992676, 1232.4507893835862, 2002.9112896753497
63.3942666053772, 1232.4507893835862, 2002.9112896753497
63.88694715499878, 1232.4507893835862, 2002.9112896753497
64.36766076087952, 1232.4507893835862, 2002.9112896753497
64.86433124542236, 1232.4507893835862, 2002.9112896753497
65.44776892662048, 1232.4507893835862, 2002.9112896753497
65.89457178115845, 1232.4507893835862, 2002.9112896753497
66.36630892753601, 1232.4507893835862, 2002.9112896753497
66.87594485282898, 1232.4507893835862, 2002.9112896753497
67.40054106712341, 1232.4507893835862, 2002.9112896753497
67.87925839424133, 1232.4507893835862, 2002.9112896753497
68.39487767219543, 1232.4507893835862, 2002.9112896753497
68.88855767250061, 1232.4507893835862, 2002.9112896753497
69.45005249977112, 1232.4507893835862, 2002.9112896753497
69.9078266620636, 1232.4507893835862, 2002.9112896753497
70.41945743560791, 1232.4507893835862, 2002.9112896753497
70.90914797782898, 1232.4507893835862, 2002.9112896753497
71.41379594802856, 1232.4507893835862, 2002.9112896753497
71.90747404098511, 1232.4507893835862, 2002.9112896753497
72.56571054458618, 1272.2281973460297, 1160.49450946746
73.58099341392517, 1266.6896078542607, 1161.4810075318146
74.2472083568573, 1266.6896078542607, 1161.4810075318146
74.73689842224121, 1266.6896078542607, 1161.4810075318146
75.23157334327698, 1266.6896078542607, 1161.4810075318146
75.73323082923889, 1266.6896078542607, 1161.4810075318146
76.23189449310303, 1266.6896078542607, 1161.4810075318146
76.7355465888977, 1266.6896078542607, 1161.4810075318146
77.2252368927002, 1266.6896078542607, 1161.4810075318146
77.74284958839417, 1266.6896078542607, 1161.4810075318146
78.23154187202454, 1266.6896078542607, 1161.4810075318146
79.03738331794739, 1260.2432870826528, 271.7485315461506
79.79336094856262, 1260.2432870826528, 271.7485315461506
80.2760660648346, 1260.2432870826528, 271.7485315461506
80.97419738769531, 1261.9003640488688, 1159.559615610797
81.22253394126892, 1261.9003640488688, 1159.559615610797
82.10716462135315, 1263.5666102622254, 1669.5895194371758
83.02271342277527, 1261.6884913567917, 824.4901362258018
83.75874423980713, 1261.6884913567917, 824.4901362258018
84.28134322166443, 1261.6884913567917, 824.4901362258018
84.73911738395691, 1261.6884913567917, 824.4901362258018
85.25772881507874, 1261.6884913567917, 824.4901362258018
85.76038336753845, 1261.6884913567917, 824.4901362258018
86.26303768157959, 1261.6884913567917, 824.4901362258018
86.75870966911316, 1261.6884913567917, 824.4901362258018
87.25438284873962, 1261.6884913567917, 824.4901362258018
87.76003003120422, 1261.6884913567917, 824.4901362258018
88.57983469963074, 2272.0883136294906, 2114.643650787123
89.46945238113403, 1215.598678419867, 1280.0542247154722
89.72676372528076, 1215.598678419867, 1280.0542247154722
90.23340702056885, 1215.598678419867, 1280.0542247154722
90.73306822776794, 1215.598678419867, 1280.0542247154722
91.5807991027832, 1903.5067254572557, 67.18409539178714
92.59209275245667, 1936.2172842935017, 1511.908861234251
93.32413148880005, 1936.2172842935017, 1511.908861234251
93.8267867565155, 1936.2172842935017, 1511.908861234251
94.55683040618896, 1914.34430147546, 1232.7499152795342
95.26094722747803, 1914.34430147546, 1232.7499152795342
95.76060795783997, 1914.34430147546, 1232.7499152795342
96.2632622718811, 1914.34430147546, 1232.7499152795342
96.76292490959167, 1914.34430147546, 1232.7499152795342
97.25261306762695, 1914.34430147546, 1232.7499152795342
97.7582597732544, 1914.34430147546, 1232.7499152795342
98.25493049621582, 1914.34430147546, 1232.7499152795342
98.76157331466675, 1914.34430147546, 1232.7499152795342
99.2742018699646, 1914.34430147546, 1232.7499152795342
99.77486062049866, 1914.34430147546, 1232.7499152795342
100.25058674812317, 1914.34430147546, 1232.7499152795342
100.99858474731445, 1233.5027385852259, 1230.6517922093942
101.22398090362549, 1233.5027385852259, 1230.6517922093942
102.00389242172241, 1233.7458503591515, 1233.9941223314345
102.70900535583496, 1233.7458503591515, 1233.9941223314345
103.21764206886292, 1233.7458503591515, 1233.9941223314345
103.71132111549377, 1233.7458503591515, 1233.9941223314345
104.21597003936768, 1233.7458503591515, 1233.9941223314345
104.71862411499023, 1233.7458503591515, 1233.9941223314345
105.22028112411499, 1233.7458503591515, 1233.9941223314345
105.71595335006714, 1233.7458503591515, 1233.9941223314345
106.21362042427063, 1233.7458503591515, 1233.9941223314345
106.71228575706482, 1233.7458503591515, 1233.9941223314345
107.20895552635193, 1233.7458503591515, 1233.9941223314345
107.71360516548157, 1233.7458503591515, 1233.9941223314345
108.52543091773987, 1911.5154614141709, 2001.4842717047272
109.53672409057617, 1911.828273582392, 2981.672677608463
110.27674198150635, 1911.828273582392, 2981.672677608463
110.79535436630249, 1911.828273582392, 2981.672677608463
111.53736734390259, 1219.5045191294457, 1001.1978755005968
112.25644302368164, 1219.5045191294457, 1001.1978755005968
112.76607775688171, 1219.5045191294457, 1001.1978755005968
113.248783826828, 1219.5045191294457, 1001.1978755005968
114.09751176834106, 1957.5396143029848, 1386.7085352774993
114.87443208694458, 1957.5396143029848, 1386.7085352774993
115.34517168998718, 1957.5396143029848, 1386.7085352774993
115.85879683494568, 1957.5396143029848, 1386.7085352774993
116.33950972557068, 1957.5396143029848, 1386.7085352774993
116.83917236328125, 1957.5396143029848, 1386.7085352774993
117.54627990722656, 1946.933071880974, 1826.8859532110623
118.3122284412384, 1946.933071880974, 1826.8859532110623
118.81687664985657, 1946.933071880974, 1826.8859532110623
119.31853342056274, 1946.933071880974, 1826.8859532110623
119.82418060302734, 1946.933071880974, 1826.8859532110623
120.52829480171204, 1220.616148099767, 2013.5070131974535
120.64996838569641, 1220.616148099767, 2013.5070131974535
121.27130651473999, 1220.616148099767, 2013.5070131974535
121.41691517829895, 1220.616148099767, 2013.5070131974535
121.75700497627258, 1220.616148099767, 2013.5070131974535
122.47109270095825, 1220.1791797060935, 1275.930535681956
122.7423665523529, 1220.1791797060935, 1275.930535681956
123.48039054870605, 1220.6842615158844, 1275.1267852004464
123.74867224693298, 1220.6842615158844, 1275.1267852004464
124.22639274597168, 1220.6842615158844, 1275.1267852004464
124.74500441551208, 1220.6842615158844, 1275.1267852004464
125.22472047805786, 1220.6842615158844, 1275.1267852004464
125.72538018226624, 1220.6842615158844, 1275.1267852004464
126.20609307289124, 1220.6842615158844, 1275.1267852004464
126.73068737983704, 1220.6842615158844, 1275.1267852004464
127.23334169387817, 1220.6842615158844, 1275.1267852004464
127.74297785758972, 1220.6842615158844, 1275.1267852004464
128.21770763397217, 1220.6842615158844, 1275.1267852004464
128.73033499717712, 1220.6842615158844, 1275.1267852004464
129.59402203559875, 1956.0883943589367, 609.5839730737242
130.29913449287415, 1956.0883943589367, 609.5839730737242
130.96435236930847, 1233.8916677061077, 1278.5320744294431
131.22565412521362, 1233.8916677061077, 1278.5320744294431
131.72332119941711, 1233.8916677061077, 1278.5320744294431
132.20706057548523, 1233.8916677061077, 1278.5320744294431
133.0647292137146, 1970.7016382539757, 936.5488562017135
133.8246946334839, 1970.7016382539757, 936.5488562017135
134.32335948944092, 1970.7016382539757, 936.5488562017135
135.03146243095398, 1222.5815936250704, 823.0056722282054
135.75751972198486, 1222.5815936250704, 823.0056722282054
136.25618362426758, 1222.5815936250704, 823.0056722282054
136.75385236740112, 1222.5815936250704, 823.0056722282054
137.26448440551758, 1222.5815936250704, 823.0056722282054
137.75417375564575, 1222.5815936250704, 823.0056722282054
138.26281142234802, 1222.5815936250704, 823.0056722282054
138.75549221038818, 1222.5815936250704, 823.0056722282054
139.25615310668945, 1222.5815936250704, 823.0056722282054
139.7538197040558, 1222.5815936250704, 823.0056722282054
140.53373169898987, 2036.6084913470484, 2128.9758709131042
141.3286030292511, 2036.6084913470484, 2128.9758709131042
141.79036712646484, 2036.6084913470484, 2128.9758709131042
142.2800567150116, 2036.6084913470484, 2128.9758709131042
142.7876968383789, 2036.6084913470484, 2128.9758709131042
143.56262135505676, 2050.5724408007113, 31121.11488939594
144.3136124610901, 2050.5724408007113, 31121.11488939594
144.81127858161926, 2050.5724408007113, 31121.11488939594
145.28500938415527, 2050.5724408007113, 31121.11488939594
145.81658673286438, 2050.5724408007113, 31121.11488939594
146.3102650642395, 2050.5724408007113, 31121.11488939594
146.82688236236572, 2050.5724408007113, 31121.11488939594
147.30759525299072, 2050.5724408007113, 31121.11488939594
147.97680354118347, 1227.5076130358595, 1249.822736612095
148.21616196632385, 1227.5076130358595, 1249.822736612095
148.7287893295288, 1227.5076130358595, 1249.822736612095
149.2234649658203, 1227.5076130358595, 1249.822736612095
150.0432698726654, 1232.3453073358985, 459.8770899967714
151.06154322624207, 2047.60714463065, 72.66592477603763
151.80854320526123, 2047.60714463065, 72.66592477603763
152.34012055397034, 2047.60714463065, 72.66592477603763
152.79789471626282, 2047.60714463065, 72.66592477603763
153.31550908088684, 2047.60714463065, 72.66592477603763
154.05752229690552, 2053.7455937195496, -6696.604924204408
154.7626347541809, 2053.7455937195496, -6696.604924204408
155.27625966072083, 2053.7455937195496, -6696.604924204408
155.7789134979248, 2053.7455937195496, -6696.604924204408
156.56082105636597, 2059.960174734746, 2025.2048543117337
157.33474802970886, 2059.960174734746, 2025.2048543117337
157.81945037841797, 2059.960174734746, 2025.2048543117337
158.47070622444153, 503.98769147503435, 1250.3143837007078
158.73998522758484, 503.98769147503435, 1250.3143837007078
159.50294280052185, 1226.4346199816648, 1023.0806847426124
159.7632462978363, 1226.4346199816648, 1023.0806847426124
160.2748761177063, 1226.4346199816648, 1023.0806847426124
160.8104429244995, 1226.4346199816648, 1023.0806847426124
161.26921463012695, 1226.4346199816648, 1023.0806847426124
161.7688763141632, 1226.4346199816648, 1023.0806847426124
162.2515833377838, 1226.4346199816648, 1023.0806847426124
162.765207529068, 1226.4346199816648, 1023.0806847426124
163.26088070869446, 1226.4346199816648, 1023.0806847426124
163.80841422080994, 1226.4346199816648, 1023.0806847426124
164.2631974220276, 1226.4346199816648, 1023.0806847426124
164.7598671913147, 1226.4346199816648, 1023.0806847426124
165.26451659202576, 1226.4346199816648, 1023.0806847426124
166.04941511154175, 2060.9341919157773, 971.0442050385402
166.99388599395752, 2065.117517361534, 1250.2565511212556
168.00118899345398, 2050.5912761720647, 1249.2733006898213
168.26448440551758, 2050.5912761720647, 1249.2733006898213
168.7501835823059, 2050.5912761720647, 1249.2733006898213
169.25982069969177, 2050.5912761720647, 1249.2733006898213
169.99485063552856, 2055.245051901977, 1250.9191929091696
170.2611382007599, 2055.245051901977, 1250.9191929091696
170.72489666938782, 2055.245051901977, 1250.9191929091696
171.24649953842163, 2055.245051901977, 1250.9191929091696
171.99748921394348, 2058.2653086540768, 1455.1728805577638
172.31563758850098, 2058.2653086540768, 1455.1728805577638
172.80632400512695, 2058.2653086540768, 1455.1728805577638
173.32792711257935, 2058.2653086540768, 1455.1728805577638
173.78570127487183, 2058.2653086540768, 1455.1728805577638
174.54167771339417, 2062.938700097644, 1247.8090806991572
175.26474118232727, 2062.938700097644, 1247.8090806991572
175.7604148387909, 2062.938700097644, 1247.8090806991572
176.25608777999878, 2062.938700097644, 1247.8090806991572
176.75175976753235, 2062.938700097644, 1247.8090806991572
177.25341701507568, 2062.938700097644, 1247.8090806991572
177.76504707336426, 2062.938700097644, 1247.8090806991572
178.23778104782104, 2062.938700097644, 1247.8090806991572
178.75539660453796, 2062.938700097644, 1247.8090806991572
179.50837922096252, 2064.988868424665, 1249.6719266194166
179.7626988887787, 2064.988868424665, 1249.6719266194166
180.24141812324524, 2064.988868424665, 1249.6719266194166
180.74905681610107, 2064.988868424665, 1249.6719266194166
181.25669860839844, 2064.988868424665, 1249.6719266194166
181.75935220718384, 2064.988868424665, 1249.6719266194166
182.27198100090027, 2064.988868424665, 1249.6719266194166
182.75369095802307, 2064.988868424665, 1249.6719266194166
183.244375705719, 2064.988868424665, 1249.6719266194166
183.96444821357727, 1182.2966716792082, 1971.2879387883424
184.21976613998413, 1182.2966716792082, 1971.2879387883424
184.74136877059937, 1182.2966716792082, 1971.2879387883424
185.23903679847717, 1182.2966716792082, 1971.2879387883424
185.7466766834259, 1182.2966716792082, 1971.2879387883424
186.2403564453125, 1182.2966716792082, 1971.2879387883424
187.03722143173218, 2906.3728457369057, 960.3724908342305
189.09570980072021, 3761.095045823682, 5247.734783330964
190.10002064704895, 3511.9604391936386, 1622.427173431183
190.84702038764954, 3511.9604391936386, 1622.427173431183
191.3377068042755, 3511.9604391936386, 1622.427173431183
191.81243681907654, 3511.9604391936386, 1622.427173431183
192.34301686286926, 3511.9604391936386, 1622.427173431183
192.81874203681946, 3511.9604391936386, 1622.427173431183
193.57671213150024, 2675.7231779387857, 2732.107609177228
194.31872534751892, 2675.7231779387857, 2732.107609177228
194.82237815856934, 2675.7231779387857, 2732.107609177228
195.66312646865845, 3393.9580818204295, 564.4094486950172
196.38918256759644, 3393.9580818204295, 564.4094486950172
196.8858518600464, 3393.9580818204295, 564.4094486950172
197.39249873161316, 3393.9580818204295, 564.4094486950172
197.8991391658783, 3393.9580818204295, 564.4094486950172
198.39780402183533, 3393.9580818204295, 564.4094486950172
198.88051223754883, 3393.9580818204295, 564.4094486950172
199.38915133476257, 3393.9580818204295, 564.4094486950172
199.88881301879883, 3393.9580818204295, 564.4094486950172
200.38249015808105, 3393.9580818204295, 564.4094486950172
201.04671239852905, 3856.9075795286444, 1512.0707203373197
203.11317896842957, 3102.96464613092, 4477.90657344899
204.09255623817444, 2162.3586599167147, 921.7993642368754
204.8026568889618, 2162.3586599167147, 921.7993642368754
205.33024263381958, 2162.3586599167147, 921.7993642368754
205.7531123161316, 2162.3586599167147, 921.7993642368754
206.32757258415222, 2162.3586599167147, 921.7993642368754
207.02769780158997, 2444.4500218422686, 1896.886035738047
207.77469849586487, 2444.4500218422686, 1896.886035738047
208.5276825428009, 2069.9861556968913, 1865.7753190220496
209.28365755081177, 2069.9861556968913, 1865.7753190220496
209.77434420585632, 2069.9861556968913, 1865.7753190220496
210.30791568756104, 2069.9861556968913, 1865.7753190220496
210.7946126461029, 2069.9861556968913, 1865.7753190220496
211.64433765411377, 2300.076954705696, 2264.5250407293734
212.5788357257843, 1745.4787302356333, 2908.02695882325
213.28693962097168, 1745.4787302356333, 2908.02695882325
213.8264946937561, 1745.4787302356333, 2908.02695882325
214.30720806121826, 1745.4787302356333, 2908.02695882325
214.8437716960907, 1745.4787302356333, 2908.02695882325
215.28758335113525, 1745.4787302356333, 2908.02695882325
215.83012986183167, 1745.4787302356333, 2908.02695882325
216.33278489112854, 1745.4787302356333, 2908.02695882325
216.83942818641663, 1745.4787302356333, 2908.02695882325
217.34407711029053, 1745.4787302356333, 2908.02695882325
218.0641484260559, 2056.5124361386506, 1722.1028875744325
222.0764079093933, 2886.835384605494, 2328.135498787083
222.84435081481934, 2886.835384605494, 2328.135498787083
223.35797595977783, 2886.835384605494, 2328.135498787083
223.83669257164001, 2886.835384605494, 2328.135498787083
224.34134197235107, 2886.835384605494, 2328.135498787083
224.82305359840393, 2886.835384605494, 2328.135498787083
225.37657070159912, 2886.835384605494, 2328.135498787083
225.85927844047546, 2886.835384605494, 2328.135498787083
230.59260535240173, 2107.0462316811536, 1955.6328280619155
231.57996106147766, 657.3758089893353, 1858.8370506638446
232.34690761566162, 657.3758089893353, 1858.8370506638446
232.88147711753845, 657.3758089893353, 1858.8370506638446
233.34922337532043, 657.3758089893353, 1858.8370506638446
233.87082862854004, 657.3758089893353, 1858.8370506638446
234.38445329666138, 657.3758089893353, 1858.8370506638446
234.86715984344482, 657.3758089893353, 1858.8370506638446
235.35684895515442, 657.3758089893353, 1858.8370506638446
235.8455400466919, 657.3758089893353, 1858.8370506638446
236.33522963523865, 657.3758089893353, 1858.8370506638446
236.84287023544312, 657.3758089893353, 1858.8370506638446
237.25476717948914, 657.3758089893353, 1858.8370506638446
238.05961322784424, 3721.815017520685, 1045.9963042674688
238.78566789627075, 3721.815017520685, 1045.9963042674688
239.2244930267334, 3721.815017520685, 1045.9963042674688
239.76604318618774, 3721.815017520685, 1045.9963042674688
240.527010679245, 1485.1657913973202, 2810.544322407133
241.33185362815857, 1485.1657913973202, 2810.544322407133
241.83749771118164, 1485.1657913973202, 2810.544322407133
242.32219982147217, 1485.1657913973202, 2810.544322407133
242.8178732395172, 1485.1657913973202, 2810.544322407133
243.34246850013733, 1485.1657913973202, 2810.544322407133
248.54354238510132, 336.684795235762, 536.2108487250806
249.32046246528625, 336.684795235762, 536.2108487250806
249.81912684440613, 336.684795235762, 536.2108487250806
250.3357434272766, 336.684795235762, 536.2108487250806
250.82144379615784, 336.684795235762, 536.2108487250806
251.5844008922577, 555.3333518007945, 1159.195956076572
252.3294060230255, 555.3333518007945, 1159.195956076572
252.82009267807007, 555.3333518007945, 1159.195956076572
253.72766280174255, 10.508701173821471, 643.9670935205313
254.3988652229309, 10.508701173821471, 643.9670935205313
254.9104962348938, 10.508701173821471, 643.9670935205313
255.42112922668457, 10.508701173821471, 643.9670935205313
255.93475365638733, 10.508701173821471, 643.9670935205313
256.4394042491913, 10.508701173821471, 643.9670935205313
256.9111385345459, 10.508701173821471, 643.9670935205313
257.43374037742615, 10.508701173821471, 643.9670935205313
257.90248465538025, 10.508701173821471, 643.9670935205313
258.4061379432678, 10.508701173821471, 643.9670935205313
258.9147746562958, 10.508701173821471, 643.9670935205313
259.7734751701355, 428.75839220573783, -1129.531479187813
260.507511138916, 428.75839220573783, -1129.531479187813
260.97426104545593, 428.75839220573783, -1129.531479187813
261.4669408798218, 428.75839220573783, -1129.531479187813
262.3336215019226, 1969.4511065714041, 211.45226495513617
263.01080775260925, 1969.4511065714041, 211.45226495513617
263.99118280410767, 1969.4511065714041, 211.45226495513617
264.68133425712585, 40.252356756615825, -3558.3897456042296
265.3774712085724, 40.252356756615825, -3558.3897456042296
265.93896746635437, 40.252356756615825, -3558.3897456042296
266.36881613731384, 40.252356756615825, -3558.3897456042296
266.8624939918518, 40.252356756615825, -3558.3897456042296
267.39806032180786, 40.252356756615825, -3558.3897456042296
267.87977051734924, 40.252356756615825, -3558.3897456042296
268.3784353733063, 40.252356756615825, -3558.3897456042296
268.91300320625305, 40.252356756615825, -3558.3897456042296
269.4206449985504, 40.252356756615825, -3558.3897456042296
269.92330026626587, 40.252356756615825, -3558.3897456042296
270.3930404186249, 40.252356756615825, -3558.3897456042296
270.8797376155853, 40.252356756615825, -3558.3897456042296
271.57487630844116, 3881.5717546287806, 20.140907777940367
272.2680199146271, 3881.5717546287806, 20.140907777940367
272.7646903991699, 3881.5717546287806, 20.140907777940367
273.6573009490967, 1701.0538970085586, 151.8065119338445
274.294593334198, 1701.0538970085586, 151.8065119338445
275.11240458488464, 2554.328936832397, 91.34552295770943
275.89431047439575, 2554.328936832397, 91.34552295770943
276.32715249061584, 2554.328936832397, 91.34552295770943
277.1305103302002, 1960.5355241906514, 1663.5790558730737
277.8391537666321, 1960.5355241906514, 1663.5790558730737
278.35078406333923, 1960.5355241906514, 1663.5790558730737
278.8235182762146, 1960.5355241906514, 1663.5790558730737
279.3221833705902, 1960.5355241906514, 1663.5790558730737
279.82384037971497, 1960.5355241906514, 1663.5790558730737
280.3424515724182, 1960.5355241906514, 1663.5790558730737
281.0874559879303, 2999.8209500221587, 24.983266435123586
281.8264789581299, 2999.8209500221587, 24.983266435123586
282.5515353679657, -80057.60606040596, 91.76916965017733
283.5987317562103, 708.5132735957847, 1275.4739470547424
284.29886627197266, 708.5132735957847, 1275.4739470547424
284.81647086143494, 708.5132735957847, 1275.4739470547424
285.3011734485626, 708.5132735957847, 1275.4739470547424
285.8526966571808, 708.5132735957847, 1275.4739470547424
286.8470344543457, 958.1346916352369, 2754.90840785829
287.49928760528564, 958.1346916352369, 2754.90840785829
288.0697603225708, 958.1346916352369, 2754.90840785829
289.05412435531616, 958.1346916352369, 2754.90840785829
290.14919328689575, 2368.1333955079854, 1443.2483118968012
290.83735060691833, 2368.1333955079854, 1443.2483118968012
291.33202505111694, 2368.1333955079854, 1443.2483118968012
291.9932544231415, 3060.661551091576, 1260.0593260466899
292.2535574436188, 3060.661551091576, 1260.0593260466899
292.9666483402252, 3202.743179504045, 1263.3104910900436
293.23891973495483, 3202.743179504045, 1263.3104910900436
293.7266139984131, 3202.743179504045, 1263.3104910900436
294.2302646636963, 3202.743179504045, 1263.3104910900436
295.0091791152954, 3545.2208899580082, 1263.378615838627
296.1122245788574, 3747.135700804467, 1260.4732010466712
296.750515460968, 3747.135700804467, 1260.4732010466712
297.27710723876953, 3747.135700804467, 1260.4732010466712
297.76579785346985, 3747.135700804467, 1260.4732010466712
298.28640365600586, 3747.135700804467, 1260.4732010466712
299.0014886856079, 3995.0572893026792, 1280.1012274722902
299.6228258609772, 254.68853947046793, 219.68352439485378
300.3149724006653, 254.68853947046793, 219.68352439485378
300.83557772636414, 254.68853947046793, 219.68352439485378
301.35319232940674, 254.68853947046793, 219.68352439485378
301.8329074382782, 254.68853947046793, 219.68352439485378
302.3535132408142, 254.68853947046793, 219.68352439485378
302.8432023525238, 254.68853947046793, 219.68352439485378
303.325909614563, 254.68853947046793, 219.68352439485378
303.8315556049347, 254.68853947046793, 219.68352439485378
304.33720231056213, 254.68853947046793, 219.68352439485378
304.86379194259644, 254.68853947046793, 219.68352439485378
305.3484938144684, 254.68853947046793, 219.68352439485378
305.847158908844, 254.68853947046793, 219.68352439485378
306.34981322288513, 254.68853947046793, 219.68352439485378
307.04993772506714, 674.897238333984, 89.90927835623982
307.78197860717773, 674.897238333984, 89.90927835623982
308.29660058021545, 674.897238333984, 89.90927835623982
309.19718861579895, 986.2602058168924, 150.08911215548426
309.9162633419037, 986.2602058168924, 150.08911215548426
310.3929877281189, 986.2602058168924, 150.08911215548426
310.9115982055664, 986.2602058168924, 150.08911215548426
311.404278755188, 986.2602058168924, 150.08911215548426
311.8560719490051, 986.2602058168924, 150.08911215548426
312.3816611766815, 986.2602058168924, 150.08911215548426
312.87932896614075, 986.2602058168924, 150.08911215548426
313.38497591018677, 986.2602058168924, 150.08911215548426
313.88563442230225, 986.2602058168924, 150.08911215548426
314.3783149719238, 986.2602058168924, 150.08911215548426
314.8949317932129, 986.2602058168924, 150.08911215548426
315.39060497283936, 986.2602058168924, 150.08911215548426
315.88827252388, 986.2602058168924, 150.08911215548426
316.3789584636688, 986.2602058168924, 150.08911215548426
316.8975703716278, 986.2602058168924, 150.08911215548426
317.33041167259216, 986.2602058168924, 150.08911215548426
317.7841968536377, 986.2602058168924, 150.08911215548426
318.37960171699524, 986.2602058168924, 150.08911215548426
319.03783917427063, 465.17485616920794, 211.25227529276776
319.7878305912018, 465.17485616920794, 211.25227529276776
320.6186058521271, 817.2785241731162, 280.18138571670397
321.31075382232666, 817.2785241731162, 280.18138571670397
321.8193905353546, 817.2785241731162, 280.18138571670397
322.29711174964905, 817.2785241731162, 280.18138571670397
322.8017599582672, 817.2785241731162, 280.18138571670397
323.2984321117401, 817.2785241731162, 280.18138571670397
323.7980923652649, 817.2785241731162, 280.18138571670397
324.29177165031433, 817.2785241731162, 280.18138571670397
325.0347812175751, 156.95356162414535, 104.31570255788503
325.786767244339, 156.95356162414535, 104.31570255788503
326.29341101646423, 156.95356162414535, 104.31570255788503
326.79606580734253, 156.95356162414535, 104.31570255788503
327.6298327445984, 966.3141870820903, 421.34635124565165
328.3309552669525, 966.3141870820903, 421.34635124565165
328.84856939315796, 966.3141870820903, 421.34635124565165
329.3342695236206, 966.3141870820903, 421.34635124565165
329.8319363594055, 966.3141870820903, 421.34635124565165
330.345561504364, 966.3141870820903, 421.34635124565165
331.02873277664185, 195.826302167391, 128.22699599088998
332.12380051612854, 229.24321675884357, 109.98937995286202
332.86182475090027, 229.24321675884357, 109.98937995286202
333.32957220077515, 229.24321675884357, 109.98937995286202
333.83023023605347, 229.24321675884357, 109.98937995286202
334.34285855293274, 229.24321675884357, 109.98937995286202
334.81060695648193, 229.24321675884357, 109.98937995286202
335.344176530838, 229.24321675884357, 109.98937995286202
335.834862947464, 229.24321675884357, 109.98937995286202
336.334525346756, 229.24321675884357, 109.98937995286202
336.830198764801, 229.24321675884357, 109.98937995286202
337.3318545818329, 229.24321675884357, 109.98937995286202
337.8295223712921, 229.24321675884357, 109.98937995286202
338.55757188796997, 396.63822333060915, 124.59671654189762
339.2826306819916, 396.63822333060915, 124.59671654189762
339.7683300971985, 396.63822333060915, 124.59671654189762
340.2959179878235, 396.63822333060915, 124.59671654189762
340.7696499824524, 396.63822333060915, 124.59671654189762
341.64031767845154, 53494.780298494734, 222.70352218100007
342.3364531993866, 53494.780298494734, 222.70352218100007
342.81616950035095, 53494.780298494734, 222.70352218100007
343.2779335975647, 53494.780298494734, 222.70352218100007
343.7995367050171, 53494.780298494734, 222.70352218100007
344.2832407951355, 53494.780298494734, 222.70352218100007
345.0342297554016, 242.1457437726065, 104.14293949844979
345.80416798591614, 242.1457437726065, 104.14293949844979
346.27291321754456, 242.1457437726065, 104.14293949844979
346.7855408191681, 242.1457437726065, 104.14293949844979
347.29617381095886, 242.1457437726065, 104.14293949844979
347.8427107334137, 242.1457437726065, 104.14293949844979
348.2775459289551, 242.1457437726065, 104.14293949844979
348.8021414279938, 242.1457437726065, 104.14293949844979
349.28485012054443, 242.1457437726065, 104.14293949844979
351.11295437812805, 705.7969547089987, 451.99313839385934
351.7821617126465, 705.7969547089987, 451.99313839385934
352.35462951660156, 705.7969547089987, 451.99313839385934
352.8263659477234, 705.7969547089987, 451.99313839385934
353.3300175666809, 705.7969547089987, 451.99313839385934
353.7548797130585, 705.7969547089987, 451.99313839385934
354.3443007469177, 705.7969547089987, 451.99313839385934
354.82302045822144, 705.7969547089987, 451.99313839385934
355.57999205589294, 795.8828453018243, -46.490337245663554
356.53244185447693, 1204.1684699531063, 339.7473454743936
357.2993884086609, 1204.1684699531063, 339.7473454743936
357.8180000782013, 1204.1684699531063, 339.7473454743936
358.55702114105225, 811.5232810900262, 261.3949007665521
359.59823393821716, 311.71148237106723, 486.35053281049494
360.33924889564514, 311.71148237106723, 486.35053281049494
360.86384415626526, 311.71148237106723, 486.35053281049494
361.35752296447754, 311.71148237106723, 486.35053281049494
361.8601768016815, 311.71148237106723, 486.35053281049494
362.3658230304718, 311.71148237106723, 486.35053281049494
362.8515226840973, 311.71148237106723, 486.35053281049494
363.33123874664307, 311.71148237106723, 486.35053281049494
363.8468568325043, 311.71148237106723, 486.35053281049494
364.33155941963196, 311.71148237106723, 486.35053281049494
365.12942266464233, 1852.260990177092, 955.4156860230937
365.83453464508057, 1852.260990177092, 955.4156860230937
366.2863266468048, 1852.260990177092, 955.4156860230937
366.8119180202484, 1852.260990177092, 955.4156860230937
367.3305284976959, 1852.260990177092, 955.4156860230937
368.08849906921387, 589.6704637066258, 25.840596325402263
368.758704662323, 589.6704637066258, 25.840596325402263
369.2743248939514, 589.6704637066258, 25.840596325402263
369.7660086154938, 589.6704637066258, 25.840596325402263
370.29957938194275, 589.6704637066258, 25.840596325402263
370.7773003578186, 589.6704637066258, 25.840596325402263
371.49238657951355, 1563.9247853003797, 1249.126680292482
371.7486984729767, 1563.9247853003797, 1249.126680292482
372.2673101425171, 1563.9247853003797, 1249.126680292482
372.73805022239685, 1563.9247853003797, 1249.126680292482
373.26563692092896, 1563.9247853003797, 1249.126680292482
373.75831866264343, 1563.9247853003797, 1249.126680292482
374.2150950431824, 1563.9247853003797, 1249.126680292482
374.7656202316284, 1563.9247853003797, 1249.126680292482
375.2124242782593, 1563.9247853003797, 1249.126680292482
375.73602199554443, 1563.9247853003797, 1249.126680292482
376.526903629303, 2542.525498993336, 1026.9554878629224
377.22603249549866, 2542.525498993336, 1026.9554878629224
377.72270250320435, 2542.525498993336, 1026.9554878629224
378.23533034324646, 2542.525498993336, 1026.9554878629224
378.73100233078003, 2542.525498993336, 1026.9554878629224
379.22567915916443, 2542.525498993336, 1026.9554878629224
379.74229550361633, 2542.525498993336, 1026.9554878629224
380.22899293899536, 2542.525498993336, 1026.9554878629224
381.02087116241455, 2227.1188057197273, 1215.1053383720648
381.7279784679413, 2227.1188057197273, 1215.1053383720648
382.5039002895355, 2424.5053668292076, 1187.9067793404533
382.7612113952637, 2424.5053668292076, 1187.9067793404533
383.23594093322754, 2424.5053668292076, 1187.9067793404533
383.7296185493469, 2424.5053668292076, 1187.9067793404533
384.24324321746826, 2424.5053668292076, 1187.9067793404533
384.72096395492554, 2424.5053668292076, 1187.9067793404533
385.2335913181305, 2424.5053668292076, 1187.9067793404533
385.73125886917114, 2424.5053668292076, 1187.9067793404533
386.5540556907654, 2155.1587432975266, 1264.8680646083192
387.25318360328674, 2155.1587432975266, 1264.8680646083192
387.7478585243225, 2155.1587432975266, 1264.8680646083192
388.2255799770355, 2155.1587432975266, 1264.8680646083192
388.72225046157837, 2155.1587432975266, 1264.8680646083192
389.53208088874817, 2800.1414953322655, 1218.9363178414833
390.25315117836, 2800.1414953322655, 1218.9363178414833
390.7288770675659, 2800.1414953322655, 1218.9363178414833
391.2225561141968, 2800.1414953322655, 1218.9363178414833
391.71523547172546, 2800.1414953322655, 1218.9363178414833
392.2158954143524, 2800.1414953322655, 1218.9363178414833
392.7374987602234, 2800.1414953322655, 1218.9363178414833
393.2241952419281, 2800.1414953322655, 1218.9363178414833
393.72884464263916, 2800.1414953322655, 1218.9363178414833
394.23249673843384, 2800.1414953322655, 1218.9363178414833
394.72517704963684, 2800.1414953322655, 1218.9363178414833
395.4951140880585, 3453.757896030054, 1177.1301733508162
395.77835607528687, 3453.757896030054, 1177.1301733508162
396.2281515598297, 3453.757896030054, 1177.1301733508162
396.72980880737305, 3453.757896030054, 1177.1301733508162
397.21251583099365, 3453.757896030054, 1177.1301733508162
400.00204610824585, 2810.8065107802936, 1266.8482812982256
400.2673370838165, 2810.8065107802936, 1266.8482812982256
400.73508405685425, 2810.8065107802936, 1266.8482812982256
401.2297594547272, 2810.8065107802936, 1266.8482812982256
402.01964497566223, 2843.476722672865, 1266.9139190098297
402.71578073501587, 2843.476722672865, 1266.9139190098297
403.2453622817993, 2843.476722672865, 1266.9139190098297
403.72807002067566, 2843.476722672865, 1266.9139190098297
404.24169540405273, 2843.476722672865, 1266.9139190098297
404.73238134384155, 2843.476722672865, 1266.9139190098297
405.507306098938, 2840.055319746784, 1267.3577405735334
405.76162457466125, 2840.055319746784, 1267.3577405735334
406.2343592643738, 2840.055319746784, 1267.3577405735334
406.73801040649414, 2840.055319746784, 1267.3577405735334
407.52390575408936, 2817.869388877773, 1266.4651510591887
408.2100682258606, 2817.869388877773, 1266.4651510591887
408.74364018440247, 2817.869388877773, 1266.4651510591887
409.2303373813629, 2817.869388877773, 1266.4651510591887
410.00925159454346, 3009.25173740494, 1255.3143848621114
410.74727487564087, 3009.25173740494, 1255.3143848621114
411.2299835681915, 3009.25173740494, 1255.3143848621114
411.7196707725525, 3009.25173740494, 1255.3143848621114
412.22631430625916, 3009.25173740494, 1255.3143848621114
412.7289695739746, 3009.25173740494, 1255.3143848621114
413.22164964675903, 3009.25173740494, 1255.3143848621114
413.75123143196106, 3009.25173740494, 1255.3143848621114
414.2379288673401, 3009.25173740494, 1255.3143848621114
414.71764516830444, 3009.25173740494, 1255.3143848621114
415.2232897281647, 3009.25173740494, 1255.3143848621114
415.71497440338135, 3009.25173740494, 1255.3143848621114
416.2325873374939, 3009.25173740494, 1255.3143848621114
416.7252697944641, 3009.25173740494, 1255.3143848621114
417.2209405899048, 3009.25173740494, 1255.3143848621114
418.09759616851807, 949.4038168416376, 1904.4880305378285
418.832626581192, 949.4038168416376, 1904.4880305378285
419.3342821598053, 949.4038168416376, 1904.4880305378285
419.84890365600586, 949.4038168416376, 1904.4880305378285
420.35255575180054, 949.4038168416376, 1904.4880305378285
420.83426547050476, 949.4038168416376, 1904.4880305378285
421.371826171875, 949.4038168416376, 1904.4880305378285
421.85653018951416, 949.4038168416376, 1904.4880305378285
422.34721541404724, 949.4038168416376, 1904.4880305378285
422.84288787841797, 949.4038168416376, 1904.4880305378285
423.3285884857178, 949.4038168416376, 1904.4880305378285
423.8202714920044, 949.4038168416376, 1904.4880305378285
424.3338952064514, 949.4038168416376, 1904.4880305378285
424.8475203514099, 949.4038168416376, 1904.4880305378285
425.61945247650146, 3338.397398015882, 921.9577199212487
426.62974786758423, 3973.3417770959472, 1054.0723817526327
427.59017634391785, 3424.1274130063625, 1009.8688982277878
428.3002736568451, 3424.1274130063625, 1009.8688982277878
428.83284878730774, 3424.1274130063625, 1009.8688982277878
429.291620016098, 3424.1274130063625, 1009.8688982277878
429.8082377910614, 3424.1274130063625, 1009.8688982277878
430.3118884563446, 3424.1274130063625, 1009.8688982277878
430.8374807834625, 3424.1274130063625, 1009.8688982277878
431.3271701335907, 3424.1274130063625, 1009.8688982277878
431.83680510520935, 3424.1274130063625, 1009.8688982277878
432.3304831981659, 3424.1274130063625, 1009.8688982277878
432.7952389717102, 3424.1274130063625, 1009.8688982277878
433.316841840744, 3424.1274130063625, 1009.8688982277878
433.7616515159607, 3424.1274130063625, 1009.8688982277878
434.29522228240967, 3424.1274130063625, 1009.8688982277878
434.8068540096283, 3424.1274130063625, 1009.8688982277878
435.31249928474426, 3424.1274130063625, 1009.8688982277878
436.0694725513458, 1375.600506639514, 613.6195137913115
436.7985210418701, 1375.600506639514, 613.6195137913115
437.556489944458, 3699.209753054924, 1276.5345725598766
438.5598051548004, 401.2162167830057, 1211.5295251444804
439.55713415145874, 3676.1834045742244, 1026.5409520446458
440.26723313331604, 3676.1834045742244, 1026.5409520446458
440.80279755592346, 3676.1834045742244, 1026.5409520446458
441.28051805496216, 3676.1834045742244, 1026.5409520446458
441.82605814933777, 3676.1834045742244, 1026.5409520446458
442.3087649345398, 3676.1834045742244, 1026.5409520446458
442.79745745658875, 3676.1834045742244, 1026.5409520446458
443.29612135887146, 3676.1834045742244, 1026.5409520446458
443.8855435848236, 3676.1834045742244, 1026.5409520446458
444.3193805217743, 3676.1834045742244, 1026.5409520446458
444.85794019699097, 3676.1834045742244, 1026.5409520446458
445.29277634620667, 3676.1834045742244, 1026.5409520446458
445.8323304653168, 3676.1834045742244, 1026.5409520446458
446.33099603652954, 3676.1834045742244, 1026.5409520446458
446.84561705589294, 3676.1834045742244, 1026.5409520446458
447.3073811531067, 3676.1834045742244, 1026.5409520446458
447.83496856689453, 3676.1834045742244, 1026.5409520446458
448.323659658432, 3676.1834045742244, 1026.5409520446458
448.8382816314697, 3676.1834045742244, 1026.5409520446458
449.3349516391754, 3676.1834045742244, 1026.5409520446458
449.8226463794708, 3676.1834045742244, 1026.5409520446458
450.33726739883423, 3676.1834045742244, 1026.5409520446458
450.77709102630615, 3676.1834045742244, 1026.5409520446458
451.31764245033264, 3676.1834045742244, 1026.5409520446458
451.7973599433899, 3676.1834045742244, 1026.5409520446458
452.3389091491699, 3676.1834045742244, 1026.5409520446458
452.8455526828766, 3676.1834045742244, 1026.5409520446458
453.3123023509979, 3676.1834045742244, 1026.5409520446458
453.8398892879486, 3676.1834045742244, 1026.5409520446458
454.56494760513306, 1092.611861500909, 142.57480298478623
455.58322310447693, 1210.0486656153103, 33.156472249872174
456.2723753452301, 1210.0486656153103, 33.156472249872174
456.78400564193726, 1210.0486656153103, 33.156472249872174
457.2657153606415, 1210.0486656153103, 33.156472249872174
457.748423576355, 1210.0486656153103, 33.156472249872174
458.24908232688904, 1210.0486656153103, 33.156472249872174
458.7557256221771, 1210.0486656153103, 33.156472249872174
459.2593774795532, 1210.0486656153103, 33.156472249872174
459.78297543525696, 1210.0486656153103, 33.156472249872174
460.28961873054504, 1210.0486656153103, 33.156472249872174
460.8032441139221, 1210.0486656153103, 33.156472249872174
461.26999402046204, 1210.0486656153103, 33.156472249872174
461.79159784317017, 1210.0486656153103, 33.156472249872174
462.2952492237091, 1210.0486656153103, 33.156472249872174
462.80089473724365, 1210.0486656153103, 33.156472249872174
463.2895860671997, 1210.0486656153103, 33.156472249872174
463.76730728149414, 1210.0486656153103, 33.156472249872174
464.30386996269226, 1210.0486656153103, 33.156472249872174
464.7925624847412, 1210.0486656153103, 33.156472249872174
465.2752685546875, 1210.0486656153103, 33.156472249872174
465.7569808959961, 1210.0486656153103, 33.156472249872174
466.3104977607727, 1210.0486656153103, 33.156472249872174
466.763286113739, 1210.0486656153103, 33.156472249872174
467.2878794670105, 1210.0486656153103, 33.156472249872174
467.78355383872986, 1210.0486656153103, 33.156472249872174
468.2772316932678, 1210.0486656153103, 33.156472249872174
468.8417205810547, 1210.0486656153103, 33.156472249872174
471.5933518409729, 3055.3391175710317, 1635.5100497488897
472.4530498981476, 3055.3391175710317, 1635.5100497488897
472.8599603176117, 3055.3391175710317, 1635.5100497488897
473.520192861557, 1834.617545126991, 1267.6740726538987
473.7535674571991, 1834.617545126991, 1267.6740726538987
474.2641999721527, 1834.617545126991, 1267.6740726538987
474.82469964027405, 1834.617545126991, 1267.6740726538987
475.313392162323, 1834.617545126991, 1267.6740726538987
475.7951006889343, 1834.617545126991, 1267.6740726538987
476.56703448295593, 1834.3784764722761, 1270.5792749893549
477.2751376628876, 1834.3784764722761, 1270.5792749893549
478.01914525032043, 1830.6643977879967, 1269.4062429399655
478.26548624038696, 1830.6643977879967, 1269.4062429399655
478.76215648651123, 1830.6643977879967, 1269.4062429399655
479.21095418930054, 1830.6643977879967, 1269.4062429399655
479.99984216690063, 1832.1199507469014, 1271.962807180628
480.4955153465271, 1826.3618896817595, 1272.256384700961
480.7448482513428, 1826.3618896817595, 1272.256384700961
481.24550676345825, 1826.3618896817595, 1272.256384700961
481.7671101093292, 1826.3618896817595, 1272.256384700961
482.25081419944763, 1826.3618896817595, 1272.256384700961
482.7424986362457, 1826.3618896817595, 1272.256384700961
483.2321870326996, 1826.3618896817595, 1272.256384700961
483.7517967224121, 1826.3618896817595, 1272.256384700961
484.2404878139496, 1826.3618896817595, 1272.256384700961
484.73915243148804, 1826.3618896817595, 1272.256384700961
485.2358224391937, 1826.3618896817595, 1272.256384700961
485.7434630393982, 1826.3618896817595, 1272.256384700961
486.24512004852295, 1826.3618896817595, 1272.256384700961
486.74677658081055, 1826.3618896817595, 1272.256384700961
487.24843287467957, 1826.3618896817595, 1272.256384700961
487.74310874938965, 1826.3618896817595, 1272.256384700961
488.255735874176, 1826.3618896817595, 1272.256384700961
488.7524063587189, 1826.3618896817595, 1272.256384700961
489.2690222263336, 1826.3618896817595, 1272.256384700961
489.73577308654785, 1826.3618896817595, 1272.256384700961
490.54959440231323, 1839.9405346700603, 1267.4829537343728
491.24572944641113, 1839.9405346700603, 1267.4829537343728
491.79426097869873, 1839.9405346700603, 1267.4829537343728
492.2520351409912, 1839.9405346700603, 1267.4829537343728
493.0269603729248, 1835.4439589167107, 1273.0516909412677
493.74104857444763, 1835.4439589167107, 1273.0516909412677
494.2297396659851, 1835.4439589167107, 1273.0516909412677
494.7274081707001, 1835.4439589167107, 1273.0516909412677
495.227068901062, 1835.4439589167107, 1273.0516909412677
496.020943403244, 1827.4644811106239, 1269.9377684972649
496.7629568576813, 1827.4644811106239, 1269.9377684972649
497.24865651130676, 1827.4644811106239, 1269.9377684972649
497.7642765045166, 1827.4644811106239, 1269.9377684972649
498.24798035621643, 1827.4644811106239, 1269.9377684972649
498.7665915489197, 1827.4644811106239, 1269.9377684972649
499.2672517299652, 1827.4644811106239, 1269.9377684972649
499.7379906177521, 1827.4644811106239, 1269.9377684972649
500.2386498451233, 1827.4644811106239, 1269.9377684972649
500.7452943325043, 1827.4644811106239, 1269.9377684972649
501.25293350219727, 1827.4644811106239, 1269.9377684972649
501.7386338710785, 1827.4644811106239, 1269.9377684972649
502.2492661476135, 1827.4644811106239, 1269.9377684972649
502.7379596233368, 1827.4644811106239, 1269.9377684972649
503.2545745372772, 1827.4644811106239, 1269.9377684972649
503.7961242198944, 1827.4644811106239, 1269.9377684972649
504.2319586277008, 1827.4644811106239, 1269.9377684972649
504.74358773231506, 1827.4644811106239, 1269.9377684972649
505.4686460494995, 1838.4807749862389, 1270.2722044188547
505.7488965988159, 1838.4807749862389, 1270.2722044188547
506.24556589126587, 1838.4807749862389, 1270.2722044188547
506.73924469947815, 1838.4807749862389, 1270.2722044188547
507.51416993141174, 1831.4122522324885, 1269.580101352814
507.7704827785492, 1831.4122522324885, 1269.580101352814
508.252192735672, 1831.4122522324885, 1269.580101352814
508.75384998321533, 1831.4122522324885, 1269.580101352814
509.25251507759094, 1831.4122522324885, 1269.580101352814
509.75217628479004, 1831.4122522324885, 1269.580101352814
510.24685192108154, 1831.4122522324885, 1269.580101352814
510.75449204444885, 1831.4122522324885, 1269.580101352814
511.2362024784088, 1831.4122522324885, 1269.580101352814
511.7468354701996, 1831.4122522324885, 1269.580101352814
512.2445046901703, 1831.4122522324885, 1269.580101352814
512.7471568584442, 1831.4122522324885, 1269.580101352814
513.2408347129822, 1831.4122522324885, 1269.580101352814
513.7375054359436, 1831.4122522324885, 1269.580101352814
514.2321810722351, 1831.4122522324885, 1269.580101352814
514.7368292808533, 1831.4122522324885, 1269.580101352814
515.2285125255585, 1831.4122522324885, 1269.580101352814
515.7451298236847, 1831.4122522324885, 1269.580101352814
516.2557623386383, 1831.4122522324885, 1269.580101352814
516.7384693622589, 1831.4122522324885, 1269.580101352814
517.2331457138062, 1831.4122522324885, 1269.580101352814
517.7517566680908, 1831.4122522324885, 1269.580101352814
518.2504212856293, 1831.4122522324885, 1269.580101352814
518.754072189331, 1831.4122522324885, 1269.580101352814
519.2567262649536, 1831.4122522324885, 1269.580101352814
519.7374405860901, 1831.4122522324885, 1269.580101352814
520.2660248279572, 1831.4122522324885, 1269.580101352814
520.7636914253235, 1831.4122522324885, 1269.580101352814
521.2653493881226, 1831.4122522324885, 1269.580101352814
521.7560343742371, 1831.4122522324885, 1269.580101352814
522.2666676044464, 1831.4122522324885, 1269.580101352814
522.7663290500641, 1831.4122522324885, 1269.580101352814
523.2450470924377, 1831.4122522324885, 1269.580101352814
523.7536849975586, 1831.4122522324885, 1269.580101352814
524.2403831481934, 1831.4122522324885, 1269.580101352814
524.7390480041504, 1831.4122522324885, 1269.580101352814
525.2417016029358, 1831.4122522324885, 1269.580101352814
525.7383720874786, 1831.4122522324885, 1269.580101352814
526.2410254478455, 1831.4122522324885, 1269.580101352814
526.7636258602142, 1831.4122522324885, 1269.580101352814
527.2443392276764, 1831.4122522324885, 1269.580101352814
527.7340278625488, 1831.4122522324885, 1269.580101352814
528.2346866130829, 1831.4122522324885, 1269.580101352814
528.7383394241333, 1831.4122522324885, 1269.580101352814
529.2529609203339, 1831.4122522324885, 1269.580101352814
529.748636007309, 1831.4122522324885, 1269.580101352814
530.2762198448181, 1831.4122522324885, 1269.580101352814
530.746960401535, 1831.4122522324885, 1269.580101352814
531.24263215065, 1831.4122522324885, 1269.580101352814
531.7393028736115, 1831.4122522324885, 1269.580101352814
532.2409601211548, 1831.4122522324885, 1269.580101352814
532.738627910614, 1831.4122522324885, 1269.580101352814
533.2502732276917, 1831.4122522324885, 1269.580101352814
533.7539088726044, 1831.4122522324885, 1269.580101352814
534.2575600147247, 1831.4122522324885, 1269.580101352814
534.7462513446808, 1831.4122522324885, 1269.580101352814
535.2409284114838, 1831.4122522324885, 1269.580101352814
535.7485675811768, 1831.4122522324885, 1269.580101352814
536.2382564544678, 1831.4122522324885, 1269.580101352814
536.7419090270996, 1831.4122522324885, 1269.580101352814
537.2315971851349, 1831.4122522324885, 1269.580101352814
537.7362458705902, 1831.4122522324885, 1269.580101352814
538.2389001846313, 1831.4122522324885, 1269.580101352814
538.7455444335938, 1831.4122522324885, 1269.580101352814
539.242214679718, 1831.4122522324885, 1269.580101352814
539.7338969707489, 1831.4122522324885, 1269.580101352814
540.2325625419617, 1831.4122522324885, 1269.580101352814
540.73322057724, 1831.4122522324885, 1269.580101352814
541.2478425502777, 1831.4122522324885, 1269.580101352814
542.0287520885468, 192.87863295047816, 1275.2064898069464
542.7218964099884, 192.87863295047816, 1275.2064898069464
543.2474880218506, 192.87863295047816, 1275.2064898069464
543.7252097129822, 192.87863295047816, 1275.2064898069464
544.2687537670135, 192.87863295047816, 1275.2064898069464
544.737498998642, 192.87863295047816, 1275.2064898069464
545.239155292511, 192.87863295047816, 1275.2064898069464
545.7328350543976, 192.87863295047816, 1275.2064898069464
546.2454609870911, 192.87863295047816, 1275.2064898069464
546.7421324253082, 192.87863295047816, 1275.2064898069464
547.2697184085846, 192.87863295047816, 1275.2064898069464
547.7454452514648, 192.87863295047816, 1275.2064898069464
548.2520883083344, 192.87863295047816, 1275.2064898069464
548.7188396453857, 192.87863295047816, 1275.2064898069464
549.4648401737213, 211.30058812218718, 1272.1132454599335
549.7171652317047, 211.30058812218718, 1272.1132454599335
550.2078518867493, 211.30058812218718, 1272.1132454599335
550.7284572124481, 211.30058812218718, 1272.1132454599335
551.234103679657, 211.30058812218718, 1272.1132454599335
551.7327678203583, 211.30058812218718, 1272.1132454599335
552.5047011375427, 207.28252073222825, 1272.4398486676084
552.7281033992767, 207.28252073222825, 1272.4398486676084
553.2197856903076, 207.28252073222825, 1272.4398486676084
553.7344088554382, 207.28252073222825, 1272.4398486676084
554.242048740387, 207.28252073222825, 1272.4398486676084
554.7327353954315, 207.28252073222825, 1272.4398486676084
555.2433688640594, 207.28252073222825, 1272.4398486676084
555.7470192909241, 207.28252073222825, 1272.4398486676084
556.2377049922943, 207.28252073222825, 1272.4398486676084
556.7702786922455, 207.28252073222825, 1272.4398486676084
557.2509918212891, 207.28252073222825, 1272.4398486676084
557.7356941699982, 207.28252073222825, 1272.4398486676084
558.2712600231171, 207.28252073222825, 1272.4398486676084
558.7878761291504, 207.28252073222825, 1272.4398486676084
559.2765686511993, 207.28252073222825, 1272.4398486676084
559.7493031024933, 207.28252073222825, 1272.4398486676084
560.2589390277863, 207.28252073222825, 1272.4398486676084
560.7376570701599, 207.28252073222825, 1272.4398486676084
561.2512810230255, 207.28252073222825, 1272.4398486676084
561.7479507923126, 207.28252073222825, 1272.4398486676084
562.6305882930756, 1141.1622304746802, 896.8322304360499
563.3875613212585, 1141.1622304746802, 896.8322304360499
563.8543124198914, 1141.1622304746802, 896.8322304360499
564.6402063369751, 1437.7336000650978, 376.44889230100597
565.4221122264862, 1437.7336000650978, 376.44889230100597
565.9267628192902, 1437.7336000650978, 376.44889230100597
566.648827791214, 662.9651057488168, 29.830696458862977
567.3389809131622, 662.9651057488168, 29.830696458862977
567.8476181030273, 662.9651057488168, 29.830696458862977
568.3353133201599, 662.9651057488168, 29.830696458862977
568.8928220272064, 662.9651057488168, 29.830696458862977
569.3047168254852, 662.9651057488168, 29.830696458862977
570.1115577220917, 3349.900197541324, 2755.5040291134633
571.0899376869202, 3638.9675739836744, 4.682324080124851
571.8738403320312, 3638.9675739836744, 4.682324080124851
572.386467218399, 3638.9675739836744, 4.682324080124851
573.0496900081635, 947.1702092977159, 1239.2178929730198
574.034056186676, 635.6731897314329, 1275.5538943434094
574.7780644893646, 635.6731897314329, 1275.5538943434094
575.2537882328033, 635.6731897314329, 1275.5538943434094
575.7783842086792, 635.6731897314329, 1275.5538943434094
576.2720627784729, 635.6731897314329, 1275.5538943434094
576.7447967529297, 635.6731897314329, 1275.5538943434094
577.2664022445679, 635.6731897314329, 1275.5538943434094
577.7421271800995, 635.6731897314329, 1275.5538943434094
578.2707121372223, 635.6731897314329, 1275.5538943434094
578.7484328746796, 635.6731897314329, 1275.5538943434094
579.2640528678894, 635.6731897314329, 1275.5538943434094
579.7527439594269, 635.6731897314329, 1275.5538943434094
580.2653722763062, 635.6731897314329, 1275.5538943434094
580.7580523490906, 635.6731897314329, 1275.5538943434094
581.2786583900452, 635.6731897314329, 1275.5538943434094
581.7663521766663, 635.6731897314329, 1275.5538943434094
582.2660148143768, 635.6731897314329, 1275.5538943434094
582.751715183258, 635.6731897314329, 1275.5538943434094
583.695187330246, 1000.5560151158973, 352.3620630031711
584.3843429088593, 1000.5560151158973, 352.3620630031711
584.8979678153992, 1000.5560151158973, 352.3620630031711
585.4086019992828, 1000.5560151158973, 352.3620630031711
585.884327173233, 1000.5560151158973, 352.3620630031711
586.3640427589417, 1000.5560151158973, 352.3620630031711
586.8706862926483, 1000.5560151158973, 352.3620630031711
587.3892970085144, 1000.5560151158973, 352.3620630031711
587.9487991333008, 1000.5560151158973, 352.3620630031711
588.3616948127747, 1000.5560151158973, 352.3620630031711
588.8862888813019, 1000.5560151158973, 352.3620630031711
589.3550338745117, 1000.5560151158973, 352.3620630031711
590.0282316207886, 2424.3789955382026, 1266.8500474596099
590.2705829143524, 2424.3789955382026, 1266.8500474596099
590.7862017154694, 2424.3789955382026, 1266.8500474596099
591.2798800468445, 2424.3789955382026, 1266.8500474596099
592.052811384201, 2418.4163080645985, 1268.177887664043
593.0740761756897, 2433.274043132791, 1269.0362487528007
594.0614342689514, 2420.3293623498093, 1267.9567693019776
595.0547747612, 2431.0430663661164, 1269.731305321592
595.7509095668793, 2431.0430663661164, 1269.731305321592
596.3213822841644, 2431.0430663661164, 1269.731305321592
596.7891294956207, 2431.0430663661164, 1269.731305321592
597.2987651824951, 2431.0430663661164, 1269.731305321592
597.764518737793, 2431.0430663661164, 1269.731305321592
598.3000841140747, 2431.0430663661164, 1269.731305321592
598.7768092155457, 2431.0430663661164, 1269.731305321592
599.2914295196533, 2431.0430663661164, 1269.731305321592
599.7910933494568, 2431.0430663661164, 1269.731305321592
600.2728028297424, 2431.0430663661164, 1269.731305321592
600.7694730758667, 2431.0430663661164, 1269.731305321592
601.2601592540741, 2431.0430663661164, 1269.731305321592
601.7628135681152, 2431.0430663661164, 1269.731305321592
602.26447057724, 2431.0430663661164, 1269.731305321592
602.8130009174347, 2431.0430663661164, 1269.731305321592
603.2777576446533, 2431.0430663661164, 1269.731305321592
603.7744269371033, 2431.0430663661164, 1269.731305321592
604.2651138305664, 2431.0430663661164, 1269.731305321592
604.7717571258545, 2431.0430663661164, 1269.731305321592
605.2784013748169, 2431.0430663661164, 1269.731305321592
605.7850444316864, 2431.0430663661164, 1269.731305321592
606.3206098079681, 2431.0430663661164, 1269.731305321592
606.7863640785217, 2431.0430663661164, 1269.731305321592
607.2571029663086, 2431.0430663661164, 1269.731305321592
608.1068272590637, 2440.5452919024024, 1267.0579698215256
608.8139336109161, 2440.5452919024024, 1267.0579698215256
609.3016288280487, 2440.5452919024024, 1267.0579698215256
609.7943089008331, 2440.5452919024024, 1267.0579698215256
610.2490916252136, 2440.5452919024024, 1267.0579698215256
610.7736868858337, 2440.5452919024024, 1267.0579698215256
611.2354500293732, 2440.5452919024024, 1267.0579698215256
611.768025636673, 2440.5452919024024, 1267.0579698215256
612.2517311573029, 2440.5452919024024, 1267.0579698215256
612.7813122272491, 2440.5452919024024, 1267.0579698215256
613.2899498939514, 2440.5452919024024, 1267.0579698215256
613.7756509780884, 2440.5452919024024, 1267.0579698215256
614.2783045768738, 2440.5452919024024, 1267.0579698215256
614.7779674530029, 2440.5452919024024, 1267.0579698215256
615.2706470489502, 2440.5452919024024, 1267.0579698215256
615.7673172950745, 2440.5452919024024, 1267.0579698215256
616.2879252433777, 2440.5452919024024, 1267.0579698215256
616.7766149044037, 2440.5452919024024, 1267.0579698215256
617.2792689800262, 2440.5452919024024, 1267.0579698215256
617.7859127521515, 2440.5452919024024, 1267.0579698215256
618.2915585041046, 2440.5452919024024, 1267.0579698215256
618.7762608528137, 2440.5452919024024, 1267.0579698215256
619.2769200801849, 2440.5452919024024, 1267.0579698215256
619.7745881080627, 2440.5452919024024, 1267.0579698215256
620.2812314033508, 2440.5452919024024, 1267.0579698215256
620.776903629303, 2440.5452919024024, 1267.0579698215256
621.2665934562683, 2440.5452919024024, 1267.0579698215256
621.7782227993011, 2440.5452919024024, 1267.0579698215256
622.273895740509, 2440.5452919024024, 1267.0579698215256
622.7825345993042, 2440.5452919024024, 1267.0579698215256
623.2622492313385, 2440.5452919024024, 1267.0579698215256
623.7459545135498, 2440.5452919024024, 1267.0579698215256
624.2695524692535, 2440.5452919024024, 1267.0579698215256
624.8001320362091, 2440.5452919024024, 1267.0579698215256
625.265887260437, 2440.5452919024024, 1267.0579698215256
625.7834992408752, 2440.5452919024024, 1267.0579698215256
626.2602226734161, 2440.5452919024024, 1267.0579698215256
626.7878098487854, 2440.5452919024024, 1267.0579698215256
627.2745068073273, 2440.5452919024024, 1267.0579698215256
627.7701811790466, 2440.5452919024024, 1267.0579698215256
628.2648565769196, 2440.5452919024024, 1267.0579698215256
628.7874572277069, 2440.5452919024024, 1267.0579698215256
629.2701642513275, 2440.5452919024024, 1267.0579698215256
629.7807970046997, 2440.5452919024024, 1267.0579698215256
630.2565233707428, 2440.5452919024024, 1267.0579698215256
631.0404243469238, 2729.6143360501983, 1270.8610249533215
631.2857673168182, 2729.6143360501983, 1270.8610249533215
631.775456905365, 2729.6143360501983, 1270.8610249533215
632.2521803379059, 2729.6143360501983, 1270.8610249533215
632.7707917690277, 2729.6143360501983, 1270.8610249533215
633.2834184169769, 2729.6143360501983, 1270.8610249533215
633.7810864448547, 2729.6143360501983, 1270.8610249533215
634.55002784729, 2737.8719905852176, 1269.4561212207916
635.2691023349762, 2737.8719905852176, 1269.4561212207916
635.7817296981812, 2737.8719905852176, 1269.4561212207916
636.2694246768951, 2737.8719905852176, 1269.4561212207916
636.7680885791779, 2737.8719905852176, 1269.4561212207916
637.2557826042175, 2737.8719905852176, 1269.4561212207916
637.7514560222626, 2737.8719905852176, 1269.4561212207916
638.2451338768005, 2737.8719905852176, 1269.4561212207916
638.7926688194275, 2737.8719905852176, 1269.4561212207916
639.2644054889679, 2737.8719905852176, 1269.4561212207916
639.7610750198364, 2737.8719905852176, 1269.4561212207916
640.2627332210541, 2737.8719905852176, 1269.4561212207916
640.776358127594, 2737.8719905852176, 1269.4561212207916
641.2720293998718, 2737.8719905852176, 1269.4561212207916
641.7547376155853, 2737.8719905852176, 1269.4561212207916
642.2703573703766, 2737.8719905852176, 1269.4561212207916
643.0193512439728, 2744.7660734943215, 1267.4682083174537
643.2706787586212, 2744.7660734943215, 1267.4682083174537
643.7683455944061, 2744.7660734943215, 1267.4682083174537
644.2510538101196, 2744.7660734943215, 1267.4682083174537
645.0329604148865, 2738.843383658121, 1266.9151686943915
645.7659978866577, 2738.843383658121, 1266.9151686943915
646.2636654376984, 2738.843383658121, 1266.9151686943915
646.7663204669952, 2738.843383658121, 1266.9151686943915
647.2769527435303, 2738.843383658121, 1266.9151686943915
647.7706301212311, 2738.843383658121, 1266.9151686943915
648.2653062343597, 2738.843383658121, 1266.9151686943915
648.7619769573212, 2738.843383658121, 1266.9151686943915
649.2975432872772, 2738.843383658121, 1266.9151686943915
649.7752647399902, 2738.843383658121, 1266.9151686943915
650.5501883029938, 2736.135254229298, 1267.6407375881658
651.2662711143494, 2736.135254229298, 1267.6407375881658
651.7649357318878, 2736.135254229298, 1267.6407375881658
652.2556219100952, 2736.135254229298, 1267.6407375881658
653.0494961738586, 2725.446657573495, 1271.3884811657047
653.7785449028015, 2725.446657573495, 1271.3884811657047
654.2652413845062, 2725.446657573495, 1271.3884811657047
654.7688925266266, 2725.446657573495, 1271.3884811657047
655.2525980472565, 2725.446657573495, 1271.3884811657047
655.7732040882111, 2725.446657573495, 1271.3884811657047
656.24494099617, 2725.446657573495, 1271.3884811657047
657.0378177165985, 2912.772585901539, 1264.9821440148423
657.7519068717957, 2912.772585901539, 1264.9821440148423
658.2615418434143, 2912.772585901539, 1264.9821440148423
659.0135283470154, 2938.7634943329676, 1266.7653883441658
659.2818102836609, 2938.7634943329676, 1266.7653883441658
660.0467617511749, 2941.7280402439796, 1268.3551060075424
660.7399055957794, 2941.7280402439796, 1268.3551060075424
661.2914295196533, 2941.7280402439796, 1268.3551060075424
662.0753307342529, 2933.1831423649223, 1267.4656858573237
662.7525174617767, 2933.1831423649223, 1267.4656858573237
663.280107498169, 2933.1831423649223, 1267.4656858573237
663.7668018341064, 2933.1831423649223, 1267.4656858573237
664.2674615383148, 2933.1831423649223, 1267.4656858573237
664.7860732078552, 2933.1831423649223, 1267.4656858573237
665.2767593860626, 2933.1831423649223, 1267.4656858573237
665.7794132232666, 2933.1831423649223, 1267.4656858573237
666.2930374145508, 2933.1831423649223, 1267.4656858573237
666.7657732963562, 2933.1831423649223, 1267.4656858573237
667.2744100093842, 2933.1831423649223, 1267.4656858573237
667.7760674953461, 2933.1831423649223, 1267.4656858573237
668.5759255886078, 2933.311843898181, 1267.4528450776604
669.25710272789, 2933.311843898181, 1267.4528450776604
669.781697511673, 2933.311843898181, 1267.4528450776604
670.240469455719, 2933.311843898181, 1267.4528450776604
670.7590811252594, 2933.311843898181, 1267.4528450776604
671.2437829971313, 2933.311843898181, 1267.4528450776604
672.3218958377838, 230.01496085166676, 286.00769043678935
673.1107842922211, 230.01496085166676, 286.00769043678935
674.1270625591278, 230.01496085166676, 286.00769043678935
675.1383562088013, 230.01496085166676, 286.00769043678935
676.1027729511261, 910.2763288045631, 832.3100472577207
677.1380016803741, 606.2466740123057, 1217.9277834366853
677.8919825553894, 606.2466740123057, 1217.9277834366853
678.3836672306061, 606.2466740123057, 1217.9277834366853
678.8853228092194, 606.2466740123057, 1217.9277834366853
679.3869812488556, 606.2466740123057, 1217.9277834366853
680.1549248695374, 26.850136466099116, 3054.7661379741694
680.8779881000519, 26.850136466099116, 3054.7661379741694
681.3886206150055, 26.850136466099116, 3054.7661379741694
681.880304813385, 26.850136466099116, 3054.7661379741694
682.6093525886536, 3250.311993062435, 1033.2721078102647
683.7612681388855, 2001.9697522542126, 2008.0997413769783
684.8722937107086, 2784.770537026321, 2999.0014368578413
685.6551966667175, 2784.770537026321, 2999.0014368578413
686.6315829753876, 2784.770537026321, 2999.0014368578413
689.0840172767639, 1895.7550956317498, 1124.5607052866053
689.8320138454437, 1895.7550956317498, 1124.5607052866053
690.3227002620697, 1895.7550956317498, 1124.5607052866053
690.8682401180267, 1895.7550956317498, 1124.5607052866053
691.3599240779877, 1895.7550956317498, 1124.5607052866053
691.8386414051056, 1895.7550956317498, 1124.5607052866053
692.3343152999878, 1895.7550956317498, 1124.5607052866053
692.8329787254333, 1895.7550956317498, 1124.5607052866053
693.334636926651, 1895.7550956317498, 1124.5607052866053
694.1743874549866, 47587.04264398781, 2622.425715161068
694.8994462490082, 47587.04264398781, 2622.425715161068
695.3881390094757, 47587.04264398781, 2622.425715161068
698.1866452693939, 292.9165572756627, 2894.6037408335665
698.9366369247437, 292.9165572756627, 2894.6037408335665
699.4313130378723, 292.9165572756627, 2894.6037408335665
699.9030513763428, 292.9165572756627, 2894.6037408335665
700.4146795272827, 292.9165572756627, 2894.6037408335665
700.9342896938324, 292.9165572756627, 2894.6037408335665
701.4369428157806, 292.9165572756627, 2894.6037408335665
701.8647980690002, 292.9165572756627, 2894.6037408335665
702.8142547607422, 661.4830213291934, 1141.9947314365197
703.5961627960205, 661.4830213291934, 1141.9947314365197
704.6752731800079, 2480.372289264744, 2803.862972049203
705.6376955509186, 382.818710319018, 2438.4212359230073
706.3158810138702, 382.818710319018, 2438.4212359230073
707.1037695407867, 2582.403740567669, 2201.3925306592555
713.2602868080139, 113.31821416912388, 828.3747730222063
714.132949590683, 761.1483188029413, 2776.3664082070563
714.860004901886, 761.1483188029413, 2776.3664082070563
715.3786149024963, 761.1483188029413, 2776.3664082070563
715.8663098812103, 761.1483188029413, 2776.3664082070563
716.4008781909943, 761.1483188029413, 2776.3664082070563
716.8387062549591, 761.1483188029413, 2776.3664082070563
717.3782615661621, 761.1483188029413, 2776.3664082070563
717.8629636764526, 761.1483188029413, 2776.3664082070563
718.3436770439148, 761.1483188029413, 2776.3664082070563
718.8862233161926, 761.1483188029413, 2776.3664082070563
719.3509788513184, 761.1483188029413, 2776.3664082070563
719.8845508098602, 761.1483188029413, 2776.3664082070563
720.3153965473175, 761.1483188029413, 2776.3664082070563
720.865923166275, 761.1483188029413, 2776.3664082070563
721.3556122779846, 761.1483188029413, 2776.3664082070563
721.8502879142761, 761.1483188029413, 2776.3664082070563
722.3190321922302, 761.1483188029413, 2776.3664082070563
722.8964865207672, 761.1483188029413, 2776.3664082070563
723.3173592090607, 761.1483188029413, 2776.3664082070563
724.2169525623322, 2344.6370131195445, 1513.9091337131722
725.2900776863098, 3694.452994465197, 2472.9948316651203
726.265466928482, 1398.4874963841498, 1542.280737507031
727.2089395523071, -773.857314542601, 806.0505171754894
727.9609270095825, -773.857314542601, 806.0505171754894
728.4516122341156, -773.857314542601, 806.0505171754894
728.9053978919983, -773.857314542601, 806.0505171754894
729.4170277118683, -773.857314542601, 806.0505171754894
729.887767791748, -773.857314542601, 806.0505171754894
730.5749282836914, 2922.4314326733092, 630.777073710942
731.3747861385345, 2922.4314326733092, 630.777073710942
731.8225882053375, 2922.4314326733092, 630.777073710942
732.3322231769562, 2922.4314326733092, 630.777073710942
732.8448512554169, 2922.4314326733092, 630.777073710942
734.6500165462494, 2354.487019528268, 1654.4912777209383
735.3441591262817, 2354.487019528268, 1654.4912777209383
735.8986737728119, 2354.487019528268, 1654.4912777209383
736.3025925159454, 2354.487019528268, 1654.4912777209383
736.8591024875641, 2354.487019528268, 1654.4912777209383
737.3587656021118, 2354.487019528268, 1654.4912777209383
737.8993182182312, 2354.487019528268, 1654.4912777209383
738.3900032043457, 2354.487019528268, 1654.4912777209383
738.8717136383057, 2354.487019528268, 1654.4912777209383
739.335471868515, 2354.487019528268, 1654.4912777209383
741.1117179393768, 2150.632582100381, 1703.1832395949782
743.1532492637634, 1873.202542241987, 56348.176915408134
743.8942666053772, 1873.202542241987, 56348.176915408134
