time, x0, y0, x1, y1...
2.132519483566284, 2722.6258340544327, 1105.1522016395081
2.52773118019104, 2722.6258340544327, 1105.1522016395081
3.0174195766448975, 2722.6258340544327, 1105.1522016395081
3.644740581512451, 2723.6754580094334, 1104.3646887804127
4.015747785568237, 2723.6754580094334, 1104.3646887804127
4.527379274368286, 2723.6754580094334, 1104.3646887804127
5.017805099487305, 2723.6754580094334, 1104.3646887804127
5.633084774017334, 2721.508118411132, 1104.8307707626318
5.89338755607605, 2723.595228132827, 1104.2598740880583
6.013067960739136, 2723.595228132827, 1104.2598740880583
6.129755973815918, 2723.595228132827, 1104.2598740880583
6.522733211517334, 2723.595228132827, 1104.2598740880583
7.13220477104187, 2723.705451429967, 1105.282424867149
7.644815683364868, 2722.863021063663, 1105.1857880847144
7.9450132846832275, 2722.863021063663, 1105.1857880847144
8.106579780578613, 2722.863021063663, 1105.1857880847144
8.369874954223633, 2720.8642895403177, 1104.9263241789017
8.519474744796753, 2720.8642895403177, 1104.9263241789017
9.02242112159729, 2720.8642895403177, 1104.9263241789017
9.520376205444336, 2720.8642895403177, 1104.9263241789017
10.019476890563965, 2720.8642895403177, 1104.9263241789017
10.521570205688477, 2720.8642895403177, 1104.9263241789017
11.022019386291504, 2720.8642895403177, 1104.9263241789017
11.647341966629028, 2723.377538890857, 1104.4753399155786
12.030065774917603, 2723.377538890857, 1104.4753399155786
12.52673602104187, 2723.377538890857, 1104.4753399155786
13.133898735046387, 2723.534306474193, 1104.2776099089235
13.631535053253174, 2724.036154715636, 1105.4714367329514
14.016504526138306, 2724.036154715636, 1105.4714367329514
14.522181510925293, 2724.036154715636, 1105.4714367329514
15.025871753692627, 2724.036154715636, 1105.4714367329514
15.173476934432983, 2724.036154715636, 1105.4714367329514
15.518552780151367, 2724.036154715636, 1105.4714367329514
16.024200201034546, 2724.036154715636, 1105.4714367329514
16.291484594345093, 2721.8927890835885, 1104.1668868700492
16.555777549743652, 2721.106682831275, 1104.271381865288
16.802116870880127, 2722.8922874084847, 1104.4239727876075
17.01853919029236, 2722.5084267559973, 1104.5710936793853
17.3114173412323, 2722.5084267559973, 1104.5710936793853
17.442068338394165, 2722.5084267559973, 1104.5710936793853
17.69838237762451, 2721.7329523856006, 1104.7626162319546
18.024137020111084, 2721.7329523856006, 1104.7626162319546
18.5237717628479, 2721.7329523856006, 1104.7626162319546
18.67137622833252, 2721.7329523856006, 1104.7626162319546
18.944645404815674, 2723.3422836680893, 1104.6059507765017
19.170042276382446, 2723.9951874717385, 1104.5419137345548
19.408403396606445, 2722.6043984509215, 1105.106223370663
19.636792182922363, 2722.8204780221527, 1105.520759221807
20.150256156921387, 2723.5561111893726, 1105.4272999068035
20.637948751449585, 2722.568114791907, 1105.2568703674974
21.022271156311035, 2722.568114791907, 1105.2568703674974
21.652584075927734, 2721.7311397326434, 1104.9985789332268
21.978711128234863, 2721.414293021444, 1104.9337972409842
22.09739375114441, 2721.414293021444, 1104.9337972409842
22.359692096710205, 2722.929235455102, 1104.3960948816637
22.533255577087402, 2722.929235455102, 1104.3960948816637
23.015238523483276, 2722.929235455102, 1104.3960948816637
23.647856950759888, 2721.5135506607153, 1104.868286606494
24.03881049156189, 2721.5135506607153, 1104.868286606494
24.522674322128296, 2721.5135506607153, 1104.868286606494
25.02233576774597, 2721.5135506607153, 1104.868286606494
25.63882827758789, 2721.006147345239, 1104.9160733462686
26.01581835746765, 2721.006147345239, 1104.9160733462686
26.516478776931763, 2721.006147345239, 1104.9160733462686
26.855071783065796, 2721.006147345239, 1104.9160733462686
26.994723081588745, 2721.006147345239, 1104.9160733462686
27.1313316822052, 2721.006147345239, 1104.9160733462686
27.525899648666382, 2721.006147345239, 1104.9160733462686
28.141223907470703, 2721.6214817649166, 1104.61771125379
28.6550714969635, 2721.9028795516174, 1104.780411214553
29.025076389312744, 2721.9028795516174, 1104.780411214553
29.524299144744873, 2721.9028795516174, 1104.780411214553
30.02297592163086, 2721.9028795516174, 1104.780411214553
30.684176445007324, 2721.3709644921487, 1104.758751300564
30.811835765838623, 2721.3709644921487, 1104.758751300564
31.141951322555542, 2722.241916118644, 1104.786448516011
31.64431405067444, 2723.531035257926, 1104.2456691526081
32.12901759147644, 2722.9805390019274, 1104.3395550563198
32.5299437046051, 2722.9805390019274, 1104.3395550563198
32.589784145355225, 2722.9805390019274, 1104.3395550563198
33.018635272979736, 2722.9805390019274, 1104.3395550563198
33.641812324523926, 2722.346394617863, 1104.9365418214454
34.13549041748047, 2723.331438332568, 1104.8485466518373
34.52444911003113, 2723.331438332568, 1104.8485466518373
35.13481640815735, 2721.964052297484, 1104.8033265665322
35.51779079437256, 2721.964052297484, 1104.8033265665322
36.04655194282532, 2721.964052297484, 1104.8033265665322
36.518290519714355, 2721.964052297484, 1104.8033265665322
37.128807067871094, 2722.402173094005, 1104.918534749081
37.53073072433472, 2722.402173094005, 1104.918534749081
38.133469581604004, 2723.365482943356, 1104.5526867631843
38.52043294906616, 2723.365482943356, 1104.5526867631843
39.0260796546936, 2723.365482943356, 1104.5526867631843
39.647540807724, 2721.553432604542, 1105.146679312191
40.017624378204346, 2721.553432604542, 1105.146679312191
40.53073287010193, 2721.553432604542, 1105.146679312191
41.03497505187988, 2721.553432604542, 1105.146679312191
41.51867914199829, 2721.553432604542, 1105.146679312191
42.040931940078735, 2721.553432604542, 1105.146679312191
42.654123067855835, 2722.586889723478, 1104.5338517148862
43.15478229522705, 2721.171536948749, 1104.6399869430006
43.5347695350647, 2721.171536948749, 1104.6399869430006
44.01946759223938, 2721.171536948749, 1104.6399869430006
44.5242223739624, 2721.171536948749, 1104.6399869430006
44.65390682220459, 2721.171536948749, 1104.6399869430006
45.015908002853394, 2721.171536948749, 1104.6399869430006
45.53452205657959, 2721.171536948749, 1104.6399869430006
46.04515242576599, 2721.171536948749, 1104.6399869430006
46.52187633514404, 2721.171536948749, 1104.6399869430006
47.015554904937744, 2721.171536948749, 1104.6399869430006
47.543144941329956, 2721.171536948749, 1104.6399869430006
48.14254307746887, 2722.147728839035, 1104.6145605879549
48.65317630767822, 2722.5309773476247, 1105.3033876437253
49.14585900306702, 2723.103544080795, 1104.3756959198904
49.527836084365845, 2723.103544080795, 1104.3756959198904
50.02999186515808, 2723.103544080795, 1104.3756959198904
50.51968193054199, 2723.103544080795, 1104.3756959198904
51.02532768249512, 2723.103544080795, 1104.3756959198904
51.51673436164856, 2723.103544080795, 1104.3756959198904
52.01539945602417, 2723.103544080795, 1104.3756959198904
52.52593111991882, 2723.103544080795, 1104.3756959198904
53.01761603355408, 2723.103544080795, 1104.3756959198904
53.51628065109253, 2723.103544080795, 1104.3756959198904
54.12664723396301, 2723.58005507662, 1104.3506554818919
54.640910387039185, 2723.9007406259684, 1104.4026550463666
55.12865447998047, 2721.9510502619933, 1104.6400990664738
55.53057837486267, 2721.9510502619933, 1104.6400990664738
56.02428603172302, 2721.9510502619933, 1104.6400990664738
56.52195453643799, 2721.9510502619933, 1104.6400990664738
57.01662993431091, 2721.9510502619933, 1104.6400990664738
57.517289876937866, 2721.9510502619933, 1104.6400990664738
58.0269718170166, 2721.9510502619933, 1104.6400990664738
58.54214811325073, 2721.9510502619933, 1104.6400990664738
59.1305730342865, 2723.34528121459, 1105.2926906527912
59.649184226989746, 2722.288432446163, 1104.7765645744514
60.02218580245972, 2722.288432446163, 1104.7765645744514
60.52775311470032, 2722.288432446163, 1104.7765645744514
61.0234260559082, 2722.288432446163, 1104.7765645744514
61.64730644226074, 2722.9814058599313, 1104.4876904322227
62.146968603134155, 2722.4104452318916, 1104.8815097997897
62.520981788635254, 2722.4104452318916, 1104.8815097997897
63.02792572975159, 2722.4104452318916, 1104.8815097997897
63.53358769416809, 2722.4104452318916, 1104.8815097997897
64.0312557220459, 2722.4104452318916, 1104.8815097997897
64.52992177009583, 2722.4104452318916, 1104.8815097997897
65.13093638420105, 2721.6165924903257, 1104.799085422869
65.63558554649353, 2722.98578377154, 1104.4003993931672
66.0225739479065, 2722.98578377154, 1104.4003993931672
66.53483247756958, 2722.98578377154, 1104.4003993931672
67.14418077468872, 2722.716861374974, 1104.3880980090937
67.51620984077454, 2722.716861374974, 1104.3880980090937
68.02980995178223, 2722.716861374974, 1104.3880980090937
68.52249217033386, 2722.716861374974, 1104.3880980090937
69.13385534286499, 2722.5754950965975, 1104.176666187359
69.53577828407288, 2722.5754950965975, 1104.176666187359
70.04142618179321, 2722.5754950965975, 1104.176666187359
70.53638792037964, 2722.5754950965975, 1104.176666187359
71.14585900306702, 2722.3139857275355, 1104.3364814500956
71.53182721138, 2722.3139857275355, 1104.3364814500956
72.02972841262817, 2722.3139857275355, 1104.3364814500956
72.6550543308258, 2722.586535329649, 1104.519681008359
73.03893661499023, 2722.586535329649, 1104.519681008359
73.65329170227051, 2722.1760058327945, 1104.259520198054
74.03028225898743, 2722.1760058327945, 1104.259520198054
74.5439076423645, 2722.1760058327945, 1104.259520198054
75.15503811836243, 2721.0707573871136, 1104.5995577690767
75.65769410133362, 2723.419112479993, 1104.3154028136535
76.02969694137573, 2723.419112479993, 1104.3154028136535
76.543137550354, 2723.419112479993, 1104.3154028136535
77.04379725456238, 2723.419112479993, 1104.3154028136535
77.6554217338562, 2721.9744653141615, 1104.6984592975155
78.0334107875824, 2721.9744653141615, 1104.6984592975155
78.54018998146057, 2721.9744653141615, 1104.6984592975155
79.03367209434509, 2721.9744653141615, 1104.6984592975155
79.66089272499084, 2721.290712493921, 1104.8465609790342
80.15756249427795, 2721.970876724476, 1104.3512138577958
80.53654837608337, 2721.970876724476, 1104.3512138577958
81.03590631484985, 2721.970876724476, 1104.3512138577958
81.65524768829346, 2723.54247780688, 1105.1514525211476
82.15513300895691, 2722.507172210977, 1104.2470593303808
82.53611278533936, 2722.507172210977, 1104.2470593303808
83.0426082611084, 2722.507172210977, 1104.2470593303808
83.67016100883484, 2722.824060550921, 1105.0283688671923
83.73299288749695, 2722.824060550921, 1105.0283688671923
84.0385856628418, 2722.824060550921, 1105.0283688671923
84.65627861022949, 2722.6896221771635, 1104.398609731302
85.16292214393616, 2724.127600341373, 1105.291269398277
85.54290556907654, 2724.127600341373, 1105.291269398277
85.94283485412598, 2724.127600341373, 1105.291269398277
86.03364157676697, 2724.127600341373, 1105.291269398277
86.65093946456909, 2723.7934391837007, 1104.2452821942372
87.04089641571045, 2723.7934391837007, 1104.2452821942372
87.53071069717407, 2723.7934391837007, 1104.2452821942372
88.17089056968689, 2722.5483096586795, 1104.049053330585
88.54289484024048, 2722.5483096586795, 1104.049053330585
89.03557658195496, 2722.5483096586795, 1104.049053330585
89.53895044326782, 2722.5483096586795, 1104.049053330585
90.03462314605713, 2722.5483096586795, 1104.049053330585
90.53930306434631, 2722.5483096586795, 1104.049053330585
91.03040027618408, 2722.5483096586795, 1104.049053330585
91.55100703239441, 2722.5483096586795, 1104.049053330585
92.03670740127563, 2722.5483096586795, 1104.049053330585
92.53936052322388, 2722.5483096586795, 1104.049053330585
93.1557104587555, 2722.513470568376, 1104.4654209181888
93.65038752555847, 2723.5517638511255, 1105.1336598275689
94.1515576839447, 2721.4801954637214, 1104.999622186146
94.53552913665771, 2721.4801954637214, 1104.999622186146
95.0431718826294, 2721.4801954637214, 1104.999622186146
95.67945051193237, 2723.849464147972, 1105.573982614177
96.04546976089478, 2723.849464147972, 1105.573982614177
96.5391480922699, 2723.849464147972, 1105.573982614177
97.03183031082153, 2723.849464147972, 1105.573982614177
97.53548169136047, 2723.849464147972, 1105.573982614177
98.03913307189941, 2723.849464147972, 1105.573982614177
98.53380918502808, 2723.849464147972, 1105.573982614177
99.03145027160645, 2723.849464147972, 1105.573982614177
99.54346585273743, 2723.849464147972, 1105.573982614177
100.15208292007446, 2723.6431212081716, 1103.1635044770494
100.66121172904968, 2725.3433868568036, 1102.652373634793
101.14919662475586, 2725.9961965425114, 1103.6210361621245
101.54713082313538, 2725.9961965425114, 1103.6210361621245
102.15684747695923, 2724.6290439154823, 1103.594588992216
102.5398223400116, 2724.6290439154823, 1103.594588992216
103.03093338012695, 2724.6290439154823, 1103.594588992216
103.55752325057983, 2724.6290439154823, 1103.594588992216
104.0402319431305, 2724.6290439154823, 1103.594588992216
104.53702163696289, 2724.6290439154823, 1103.594588992216
105.04466152191162, 2724.6290439154823, 1103.594588992216
105.66500067710876, 2726.346567970311, 1098.4863986625653
106.04498362541199, 2726.346567970311, 1098.4863986625653
106.53367710113525, 2726.346567970311, 1098.4863986625653
107.04531049728394, 2726.346567970311, 1098.4863986625653
107.55394577980042, 2726.346567970311, 1098.4863986625653
108.04264259338379, 2726.346567970311, 1098.4863986625653
108.54478287696838, 2726.346567970311, 1098.4863986625653
109.17080283164978, 2724.413399239281, 1098.3811792599959
109.6883933544159, 2725.1217922940345, 1098.598852912645
110.18680620193481, 2721.672910969185, 1097.7616583535175
110.54153752326965, 2721.672910969185, 1097.7616583535175
111.04120016098022, 2721.672910969185, 1097.7616583535175
111.688467502594, 2723.3918012212653, 1097.6512009590924
112.04551029205322, 2723.3918012212653, 1097.6512009590924
112.53869724273682, 2723.3918012212653, 1097.6512009590924
113.04126954078674, 2723.3918012212653, 1097.6512009590924
113.66360378265381, 2723.59022908078, 1097.5475816581236
114.04259037971497, 2723.59022908078, 1097.5475816581236
114.54524397850037, 2723.59022908078, 1097.5475816581236
115.15819382667542, 2721.3146006540446, 1097.874694198732
115.54416084289551, 2721.3146006540446, 1097.874694198732
116.03684210777283, 2721.3146006540446, 1097.874694198732
116.53151845932007, 2721.3146006540446, 1097.874694198732
117.15696239471436, 2721.600164817063, 1107.195772401296
117.54891180992126, 2721.600164817063, 1107.195772401296
118.0405957698822, 2721.600164817063, 1107.195772401296
118.54823660850525, 2721.600164817063, 1107.195772401296
119.03508615493774, 2721.600164817063, 1107.195772401296
119.56172633171082, 2721.600164817063, 1107.195772401296
120.03844976425171, 2721.600164817063, 1107.195772401296
120.54309892654419, 2721.600164817063, 1107.195772401296
121.04860639572144, 2721.600164817063, 1107.195772401296
121.6501362323761, 2723.884363024121, 1107.277097690806
122.03350496292114, 2723.884363024121, 1107.277097690806
122.54314231872559, 2723.884363024121, 1107.277097690806
123.14513731002808, 2724.1068409765658, 1107.0155592769254
123.54606413841248, 2724.1068409765658, 1107.0155592769254
124.0417377948761, 2724.1068409765658, 1107.0155592769254
124.5324239730835, 2724.1068409765658, 1107.0155592769254
125.1673674583435, 2725.5532604481677, 1107.2778610878186
125.54618573188782, 2725.5532604481677, 1107.2778610878186
126.04285645484924, 2725.5532604481677, 1107.2778610878186
126.53254628181458, 2725.5532604481677, 1107.2778610878186
127.15667486190796, 2724.1879460518944, 1107.3448365843465
127.53817176818848, 2724.1879460518944, 1107.3448365843465
128.15584921836853, 2724.878237759887, 1107.2856122472122
128.54580545425415, 2724.878237759887, 1107.2856122472122
129.03748869895935, 2724.878237759887, 1107.2856122472122
129.54313611984253, 2724.878237759887, 1107.2856122472122
130.0359241962433, 2724.878237759887, 1107.2856122472122
130.66048336029053, 2721.186583440026, 1109.849228707152
131.02750062942505, 2721.186583440026, 1109.849228707152
131.54012966156006, 2721.186583440026, 1109.849228707152
132.03979086875916, 2721.186583440026, 1109.849228707152
132.53340601921082, 2721.186583440026, 1109.849228707152
133.03705835342407, 2721.186583440026, 1109.849228707152
133.66398644447327, 2724.678001447456, 1107.5643136420147
134.0399889945984, 2724.678001447456, 1107.5643136420147
134.6553418636322, 2723.4290514113445, 1106.9790049331402
135.15699911117554, 2728.2843806018673, 1107.5449347209815
135.65228867530823, 2721.7883090729724, 1107.8357012184656
136.03426599502563, 2721.7883090729724, 1107.8357012184656
136.53514409065247, 2721.7883090729724, 1107.8357012184656
137.16645407676697, 2724.179814979106, 1107.7480681284917
137.54133868217468, 2724.179814979106, 1107.7480681284917
138.03701305389404, 2724.179814979106, 1107.7480681284917
138.53767228126526, 2724.179814979106, 1107.7480681284917
139.04258584976196, 2724.179814979106, 1107.7480681284917
139.6599338054657, 2724.3620542812228, 1107.3655642542865
140.0409426689148, 2724.3620542812228, 1107.3655642542865
140.5395793914795, 2724.3620542812228, 1107.3655642542865
141.0442292690277, 2724.3620542812228, 1107.3655642542865
141.6545946598053, 2724.854622590284, 1107.5573579073716
142.1572790145874, 2726.5200822471706, 1107.0513657248514
142.5362639427185, 2726.5200822471706, 1107.0513657248514
143.1545798778534, 2725.652006315241, 1107.888772354982
143.64925622940063, 2724.951925435703, 1107.9621819543406
144.03522276878357, 2724.951925435703, 1107.9621819543406
144.5386209487915, 2724.951925435703, 1107.9621819543406
145.03529024124146, 2724.951925435703, 1107.9621819543406
145.6486485004425, 2723.077673009915, 1108.26137684795
146.1453194618225, 2721.869668814991, 1107.7658856083394
146.67091393470764, 2721.6050881559413, 1108.8643673795927
147.03914213180542, 2721.6050881559413, 1108.8643673795927
147.53879833221436, 2721.6050881559413, 1108.8643673795927
148.14897394180298, 2720.6429870656407, 1107.7765567276101
148.54691004753113, 2720.6429870656407, 1107.7765567276101
149.0296173095703, 2720.6429870656407, 1107.7765567276101
149.54124784469604, 2720.6429870656407, 1107.7765567276101
150.03794717788696, 2720.6429870656407, 1107.7765567276101
150.65825867652893, 2721.839853589296, 1108.0549950006994
151.1599142551422, 2721.4740145313763, 1108.7067093612607
151.54089522361755, 2721.4740145313763, 1108.7067093612607
152.0415554046631, 2721.4740145313763, 1108.7067093612607
152.53825402259827, 2721.4740145313763, 1108.7067093612607
153.14859294891357, 2721.783289739778, 1108.8266619547392
153.21242117881775, 2721.783289739778, 1108.8266619547392
153.6633780002594, 2720.6235100149665, 1107.5929241492995
154.03139352798462, 2720.6235100149665, 1107.5929241492995
154.08824133872986, 2720.6235100149665, 1107.5929241492995
154.5360426902771, 2720.6235100149665, 1107.5929241492995
155.04320645332336, 2720.6235100149665, 1107.5929241492995
155.6465904712677, 2723.1945391972768, 1108.6773558358668
156.05050945281982, 2723.1945391972768, 1108.6773558358668
156.27191638946533, 2723.1945391972768, 1108.6773558358668
156.657883644104, 2721.346442311012, 1108.1355016787595
157.03387808799744, 2721.346442311012, 1108.1355016787595
157.5524890422821, 2721.346442311012, 1108.1355016787595
158.04118180274963, 2721.346442311012, 1108.1355016787595
158.53430199623108, 2721.346442311012, 1108.1355016787595
159.0330011844635, 2721.346442311012, 1108.1355016787595
159.6519799232483, 2722.166292680994, 1108.277091148635
160.028977394104, 2722.166292680994, 1108.277091148635
160.54558300971985, 2722.166292680994, 1108.277091148635
161.0322802066803, 2722.166292680994, 1108.277091148635
161.53502345085144, 2722.166292680994, 1108.277091148635
162.06297898292542, 2722.166292680994, 1108.277091148635
162.53641176223755, 2722.166292680994, 1108.277091148635
163.14217495918274, 2721.713826028662, 1108.9226779629944
163.53512334823608, 2721.713826028662, 1108.9226779629944
164.0337884426117, 2721.713826028662, 1108.9226779629944
164.54033041000366, 2721.713826028662, 1108.9226779629944
165.04015707969666, 2721.713826028662, 1108.9226779629944
165.54281306266785, 2721.713826028662, 1108.9226779629944
166.03848481178284, 2721.713826028662, 1108.9226779629944
166.5391445159912, 2721.713826028662, 1108.9226779629944
167.02826762199402, 2721.713826028662, 1108.9226779629944
167.54457330703735, 2721.713826028662, 1108.9226779629944
168.03825163841248, 2721.713826028662, 1108.9226779629944
168.53648400306702, 2721.713826028662, 1108.9226779629944
169.0395429134369, 2721.713826028662, 1108.9226779629944
169.54119968414307, 2721.713826028662, 1108.9226779629944
170.0379011631012, 2721.713826028662, 1108.9226779629944
170.65397572517395, 2721.3565568254567, 1108.1965235517034
171.0379490852356, 2721.3565568254567, 1108.1965235517034
171.54060292243958, 2721.3565568254567, 1108.1965235517034
172.0304310321808, 2721.3565568254567, 1108.1965235517034
172.53817534446716, 2721.3565568254567, 1108.1965235517034
173.17340469360352, 2722.097457182358, 1108.3461683468463
173.56336092948914, 2722.097457182358, 1108.3461683468463
174.0461344718933, 2722.097457182358, 1108.3461683468463
174.5586404800415, 2722.097457182358, 1108.3461683468463
175.07161474227905, 2722.097457182358, 1108.3461683468463
175.65106439590454, 2723.441666721793, 1108.6016900535778
176.15471577644348, 2721.91558305205, 1108.2849583405457
176.68429827690125, 2721.135836514946, 1108.8434823979378
177.044114112854, 2721.135836514946, 1108.8434823979378
177.54171538352966, 2721.135836514946, 1108.8434823979378
178.03639125823975, 2721.135836514946, 1108.8434823979378
178.6537721157074, 2721.689844329276, 1108.331235740899
179.04475331306458, 2721.689844329276, 1108.331235740899
179.53241896629333, 2721.689844329276, 1108.331235740899
180.15179204940796, 2722.9411666059964, 1108.0701419645486
180.54207634925842, 2722.9411666059964, 1108.0701419645486
181.1563880443573, 2721.071329550405, 1108.0555168315384
181.67996263504028, 2721.505820657418, 1108.0048792355597
182.03102207183838, 2721.505820657418, 1108.0048792355597
182.54201221466064, 2721.505820657418, 1108.0048792355597
183.04623985290527, 2721.505820657418, 1108.0048792355597
183.53897523880005, 2721.505820657418, 1108.0048792355597
184.03764009475708, 2721.505820657418, 1108.0048792355597
184.53578519821167, 2721.505820657418, 1108.0048792355597
185.04043650627136, 2721.505820657418, 1108.0048792355597
185.5391707420349, 2721.505820657418, 1108.0048792355597
186.04482078552246, 2721.505820657418, 1108.0048792355597
186.538498878479, 2721.505820657418, 1108.0048792355597
187.03813362121582, 2721.505820657418, 1108.0048792355597
187.55874061584473, 2721.505820657418, 1108.0048792355597
188.04144883155823, 2721.505820657418, 1108.0048792355597
188.54110980033875, 2721.505820657418, 1108.0048792355597
189.03363943099976, 2721.505820657418, 1108.0048792355597
189.54058742523193, 2721.505820657418, 1108.0048792355597
190.04122066497803, 2721.505820657418, 1108.0048792355597
190.6545786857605, 2722.8648458543626, 1108.0692735202974
191.14236497879028, 2723.2233070899124, 1108.1943464453334
191.6652843952179, 2720.854923399722, 1107.720472487749
192.14799094200134, 2721.9268543001303, 1107.5993493664973
192.65762662887573, 2721.4354546279646, 1107.443516270006
193.1572892665863, 2721.5536035864816, 1107.9250663761857
193.53292775154114, 2721.5536035864816, 1107.9250663761857
194.16224360466003, 2721.315721782081, 1107.958110639611
194.54332876205444, 2721.315721782081, 1107.958110639611
195.15269780158997, 2721.688993194692, 1107.9607957598853
195.53534650802612, 2721.688993194692, 1107.9607957598853
196.15668272972107, 2720.2850874262535, 1107.6623716570996
196.5436463356018, 2720.2850874262535, 1107.6623716570996
197.03801918029785, 2720.2850874262535, 1107.6623716570996
197.54566049575806, 2720.2850874262535, 1107.6623716570996
198.15203714370728, 2721.3959426889674, 1108.1923372725803
198.6566882133484, 2721.4725550599296, 1107.8439517732804
199.02672457695007, 2721.4725550599296, 1107.8439517732804
199.54131937026978, 2721.4725550599296, 1107.8439517732804
200.0382091999054, 2721.4725550599296, 1107.8439517732804
200.66852140426636, 2721.4864539346568, 1108.0152672544891
201.1453926563263, 2721.91496699134, 1108.3860268185022
201.55616927146912, 2721.91496699134, 1108.3860268185022
202.15144562721252, 2722.8977021661412, 1108.678323072312
202.65709280967712, 2722.258172981984, 1107.379489962223
203.042062997818, 2722.258172981984, 1107.379489962223
203.54249095916748, 2722.258172981984, 1107.379489962223
204.03988218307495, 2722.258172981984, 1107.379489962223
204.66620635986328, 2720.8056954789263, 1108.6327739912545
205.14791655540466, 2721.7924247620012, 1108.19536164202
205.54902529716492, 2721.7924247620012, 1108.19536164202
206.1565351486206, 2720.6587431298685, 1107.7621343119288
206.53851318359375, 2720.6587431298685, 1107.7621343119288
207.04219436645508, 2720.6587431298685, 1107.7621343119288
207.53883457183838, 2720.6587431298685, 1107.7621343119288
208.03823328018188, 2720.6587431298685, 1107.7621343119288
208.65455389022827, 2721.4089880662423, 1108.0445901622345
209.03453850746155, 2721.4089880662423, 1108.0445901622345
209.64590311050415, 2722.0159788249052, 1107.562147999564
210.03389072418213, 2722.0159788249052, 1107.562147999564
210.5335259437561, 2722.0159788249052, 1107.562147999564
211.1490445137024, 2721.845503326733, 1107.816756195161
211.5419626235962, 2721.845503326733, 1107.816756195161
212.04035115242004, 2721.845503326733, 1107.816756195161
212.54119658470154, 2721.845503326733, 1107.816756195161
213.03886437416077, 2721.845503326733, 1107.816756195161
213.53354048728943, 2721.845503326733, 1107.816756195161
214.169837474823, 2721.4019067747704, 1108.0147040129762
214.652902841568, 2721.598895439899, 1108.3328884704242
215.0328848361969, 2721.598895439899, 1108.3328884704242
215.65721344947815, 2720.6808083784686, 1107.847606652784
216.0272238254547, 2720.6808083784686, 1107.847606652784
216.54198360443115, 2720.6808083784686, 1107.847606652784
217.0277965068817, 2720.6808083784686, 1107.847606652784
217.55338859558105, 2720.6808083784686, 1107.847606652784
218.030113697052, 2720.6808083784686, 1107.847606652784
218.54390335083008, 2720.6808083784686, 1107.847606652784
219.14971685409546, 2721.6386814897523, 1107.7697969430149
219.55064415931702, 2721.6386814897523, 1107.7697969430149
220.0373411178589, 2721.6386814897523, 1107.7697969430149
220.65480375289917, 2721.9087528030964, 1107.9164085099558
221.04276585578918, 2721.9087528030964, 1107.9164085099558
221.5494101047516, 2721.9087528030964, 1107.9164085099558
222.03115892410278, 2721.9087528030964, 1107.9164085099558
222.68141770362854, 2721.678417718147, 1107.3635107768337
223.15418124198914, 2720.917224121984, 1107.617927059482
223.5371286869049, 2720.917224121984, 1107.617927059482
224.0395929813385, 2720.917224121984, 1107.617927059482
224.6658055782318, 2722.3516772546454, 1108.1837251276224
225.04778265953064, 2722.3516772546454, 1108.1837251276224
225.54844522476196, 2722.3516772546454, 1108.1837251276224
226.15182828903198, 2721.12432131942, 1107.3720888860337
226.56173133850098, 2721.12432131942, 1107.3720888860337
227.04244470596313, 2721.12432131942, 1107.3720888860337
227.53407454490662, 2721.12432131942, 1107.3720888860337
228.02737855911255, 2721.12432131942, 1107.3720888860337
228.5461528301239, 2721.12432131942, 1107.3720888860337
229.03917598724365, 2721.12432131942, 1107.3720888860337
229.5479166507721, 2721.12432131942, 1107.3720888860337
230.0417308807373, 2721.12432131942, 1107.3720888860337
230.55136609077454, 2721.12432131942, 1107.3720888860337
231.0330765247345, 2721.12432131942, 1107.3720888860337
231.6603353023529, 2722.535671688506, 1107.8510319881068
232.03832268714905, 2722.535671688506, 1107.8510319881068
232.53299927711487, 2722.535671688506, 1107.8510319881068
233.0369474887848, 2722.535671688506, 1107.8510319881068
233.53197193145752, 2722.535671688506, 1107.8510319881068
234.0405695438385, 2722.535671688506, 1107.8510319881068
234.5322241783142, 2722.535671688506, 1107.8510319881068
235.15356040000916, 2721.553478060648, 1107.9991543241158
235.5415222644806, 2721.553478060648, 1107.9991543241158
236.14989399909973, 2721.645834213955, 1107.9203814400228
236.64759182929993, 2721.4023707843407, 1108.0509242242624
237.03754305839539, 2721.4023707843407, 1108.0509242242624
237.6518738269806, 2722.010360748751, 1107.8565864130717
238.14455485343933, 2722.630403786353, 1108.2342894253081
238.53154826164246, 2722.630403786353, 1108.2342894253081
239.0538284778595, 2722.630403786353, 1108.2342894253081
239.67915749549866, 2722.1229170137026, 1108.0814047058534
240.21073031425476, 2723.183471311373, 1107.4671400869315
240.67149662971497, 2723.1115673576837, 1108.428370819102
241.1591911315918, 2721.1175002848454, 1107.5753210622493
241.54850912094116, 2721.1175002848454, 1107.5753210622493
242.0401930809021, 2721.1175002848454, 1107.5753210622493
242.65953516960144, 2720.9380088426983, 1107.7438045051185
243.04154229164124, 2720.9380088426983, 1107.7438045051185
243.548157453537, 2720.9380088426983, 1107.7438045051185
244.03243327140808, 2720.9380088426983, 1107.7438045051185
244.6747133731842, 2723.3276069785916, 1108.1725627654016
245.0337519645691, 2723.3276069785916, 1108.1725627654016
245.56176018714905, 2723.3276069785916, 1108.1725627654016
246.03709888458252, 2723.3276069785916, 1108.1725627654016
246.54074954986572, 2723.3276069785916, 1108.1725627654016
247.14525294303894, 2723.3290053141022, 1107.5264472291774
247.53567337989807, 2723.3290053141022, 1107.5264472291774
248.03633332252502, 2723.3290053141022, 1107.5264472291774
248.5310082435608, 2723.3290053141022, 1107.5264472291774
249.03265023231506, 2723.3290053141022, 1107.5264472291774
249.54050731658936, 2723.3290053141022, 1107.5264472291774
250.03515553474426, 2723.3290053141022, 1107.5264472291774
250.66147589683533, 2723.4720172469097, 1108.5167802200667
251.03048753738403, 2723.4720172469097, 1108.5167802200667
251.5291531085968, 2723.4720172469097, 1108.5167802200667
252.0408113002777, 2723.4720172469097, 1108.5167802200667
252.6601254940033, 2722.1248496734734, 1108.35463514593
253.14183640480042, 2721.7469979025495, 1108.1871844058724
253.532790184021, 2721.7469979025495, 1108.1871844058724
254.0557451248169, 2721.7469979025495, 1108.1871844058724
254.6701009273529, 2721.20645156657, 1107.8772607228002
255.04908728599548, 2721.20645156657, 1107.8772607228002
255.55719637870789, 2721.20645156657, 1107.8772607228002
256.1635489463806, 2722.7654768536077, 1108.0161101933124
256.54806184768677, 2722.7654768536077, 1108.0161101933124
257.0548632144928, 2722.7654768536077, 1108.0161101933124
257.56096506118774, 2722.7654768536077, 1108.0161101933124
258.0422661304474, 2722.7654768536077, 1108.0161101933124
258.5588843822479, 2722.7654768536077, 1108.0161101933124
259.17783999443054, 2721.500402753803, 1108.0880954670367
259.66952300071716, 2720.3150318320777, 1107.9059896769115
260.05043172836304, 2720.3150318320777, 1107.9059896769115
260.5480988025665, 2720.3150318320777, 1107.9059896769115
261.0477616786957, 2720.3150318320777, 1107.9059896769115
261.6653389930725, 2722.7087865029102, 1108.1773908251253
262.0493121147156, 2722.7087865029102, 1108.1773908251253
262.66466426849365, 2722.9036636196006, 1108.314242173903
263.05461955070496, 2722.9036636196006, 1108.314242173903
263.55345344543457, 2722.9036636196006, 1108.314242173903
264.05710554122925, 2722.9036636196006, 1108.314242173903
264.67459416389465, 2721.044647669211, 1107.7453624835975
265.0456008911133, 2721.044647669211, 1107.7453624835975
265.671906709671, 2721.2247659950444, 1107.937679265166
266.1566095352173, 2720.609022221541, 1107.9058364394898
266.5515522956848, 2720.609022221541, 1107.9058364394898
267.0615119934082, 2720.609022221541, 1107.9058364394898
267.6639006137848, 2721.9219600998726, 1107.6680077122817
268.0528597831726, 2721.9219600998726, 1107.6680077122817
268.5525224208832, 2721.9219600998726, 1107.6680077122817
269.0560636520386, 2721.9219600998726, 1107.6680077122817
269.6740436553955, 2720.8187741988113, 1107.8132650899133
270.05203223228455, 2720.8187741988113, 1107.8132650899133
270.5511703491211, 2720.8187741988113, 1107.8132650899133
271.1645290851593, 2722.2367507589565, 1108.3880051165916
271.67419385910034, 2721.4421339752635, 1107.6003270094282
272.0661449432373, 2721.4421339752635, 1107.6003270094282
272.5558054447174, 2721.4421339752635, 1107.6003270094282
273.0435004234314, 2721.4421339752635, 1107.6003270094282
273.5563895702362, 2721.4421339752635, 1107.6003270094282
274.0461075305939, 2721.4421339752635, 1107.6003270094282
274.54986929893494, 2721.4421339752635, 1107.6003270094282
275.05152583122253, 2721.4421339752635, 1107.6003270094282
275.54919505119324, 2721.4421339752635, 1107.6003270094282
276.0468623638153, 2721.4421339752635, 1107.6003270094282
276.5452048778534, 2721.4421339752635, 1107.6003270094282
277.1685359477997, 2721.07725757806, 1107.8358738310121
277.55652689933777, 2721.07725757806, 1107.8358738310121
278.04984426498413, 2721.07725757806, 1107.8358738310121
278.666987657547, 2721.904869122096, 1107.9336917447397
279.04424357414246, 2721.904869122096, 1107.9336917447397
279.5818054676056, 2721.904869122096, 1107.9336917447397
280.1662404537201, 2721.4338591876635, 1108.090504079849
280.55519914627075, 2721.4338591876635, 1108.090504079849
281.16157603263855, 2722.6065568048143, 1107.4501206200487
281.5525300502777, 2722.6065568048143, 1107.4501206200487
282.0567624568939, 2722.6065568048143, 1107.4501206200487
282.6840829849243, 2721.851453217825, 1107.998236840217
283.0485315322876, 2721.851453217825, 1107.998236840217
283.5479140281677, 2721.851453217825, 1107.998236840217
284.05156445503235, 2721.851453217825, 1107.998236840217
284.55621361732483, 2721.851453217825, 1107.998236840217
285.0494360923767, 2721.851453217825, 1107.998236840217
285.6717355251312, 2722.67677480866, 1108.102973784044
286.05171823501587, 2722.67677480866, 1108.102973784044
286.66906809806824, 2720.8567845977805, 1107.740236062807
287.1607782840729, 2722.1614485363734, 1108.1123945461648
287.55871295928955, 2722.1614485363734, 1108.1123945461648
288.04737758636475, 2722.1614485363734, 1108.1123945461648
288.5580096244812, 2722.1614485363734, 1108.1123945461648
289.0557556152344, 2722.1614485363734, 1108.1123945461648
289.55641627311707, 2722.1614485363734, 1108.1123945461648
290.15880489349365, 2720.8019566564135, 1107.7556853993242
290.54789185523987, 2720.8019566564135, 1107.7556853993242
291.04794788360596, 2720.8019566564135, 1107.7556853993242
291.54661297798157, 2720.8019566564135, 1107.7556853993242
292.0472731590271, 2720.8019566564135, 1107.7556853993242
292.5554230213165, 2720.8019566564135, 1107.7556853993242
293.0471065044403, 2720.8019566564135, 1107.7556853993242
293.6674473285675, 2721.293855597683, 1107.8353003173247
294.044438123703, 2721.293855597683, 1107.8353003173247
294.6797387599945, 2722.5843097876004, 1108.4094453396747
295.06773829460144, 2722.5843097876004, 1108.4094453396747
295.6775405406952, 2722.9579055385293, 1108.52392639051
296.0698387622833, 2722.9579055385293, 1108.52392639051
296.56850385665894, 2722.9579055385293, 1108.52392639051
297.0611753463745, 2722.9579055385293, 1108.52392639051
297.69219303131104, 2722.6051492155884, 1108.1289838944517
298.071177482605, 2722.6051492155884, 1108.1289838944517
298.5688464641571, 2722.6051492155884, 1108.1289838944517
299.0631594657898, 2722.6051492155884, 1108.1289838944517
299.6869020462036, 2720.550455062805, 1107.2998224315932
300.1716046333313, 2720.663154514928, 1107.988462628934
300.76412630081177, 2852.2049309539584, 1656.3375294763925
301.1810109615326, 2720.4163320044704, 1107.6792452264933
301.56697821617126, 2720.4163320044704, 1107.6792452264933
302.07365012168884, 2720.4163320044704, 1107.6792452264933
302.56867122650146, 2720.4163320044704, 1107.6792452264933
303.2328760623932, 2935.651309165203, 1726.2486766138586
303.61684823036194, 2935.651309165203, 1726.2486766138586
304.2034344673157, 3090.930967653104, 1478.564314506089
304.5864291191101, 3090.930967653104, 1478.564314506089
305.08828043937683, 3090.930967653104, 1478.564314506089
305.78638195991516, 3028.067264904328, 1525.1700687645805
306.1324563026428, 3028.067264904328, 1525.1700687645805
306.63411355018616, 3028.067264904328, 1525.1700687645805
307.1786832809448, 2722.6528356707227, 1108.4926027862025
307.57359743118286, 2722.6528356707227, 1108.4926027862025
308.07625246047974, 2722.6528356707227, 1108.4926027862025
308.57193899154663, 2722.6528356707227, 1108.4926027862025
309.0646152496338, 2722.6528356707227, 1108.4926027862025
309.5855784416199, 2722.6528356707227, 1108.4926027862025
310.2228705883026, 3168.517639900095, 1360.4121470716316
310.74490308761597, 3047.4254574374195, 1455.9454238432195
311.253541469574, 3497.9067632760716, 1552.3266467015715
311.63551902770996, 3497.9067632760716, 1552.3266467015715
312.11845874786377, 3497.9067632760716, 1552.3266467015715
312.69295024871826, 2720.3198203694305, 1107.9597852026277
313.0639283657074, 2720.3198203694305, 1107.9597852026277
313.6842682361603, 2720.922634023165, 1108.018538774766
314.064124584198, 2720.922634023165, 1108.018538774766
314.5882182121277, 2720.922634023165, 1108.018538774766
315.18262815475464, 2721.4019717491233, 1108.0833869490411
315.6946244239807, 2720.9864189587565, 1108.7220902304996
316.0871775150299, 2720.9864189587565, 1108.7220902304996
316.70352816581726, 2723.1419774137066, 1107.3997109676984
317.0855152606964, 2723.1419774137066, 1107.3997109676984
317.57919359207153, 2723.1419774137066, 1107.3997109676984
318.19654178619385, 2723.215547096872, 1108.6048834338287
318.75582337379456, 3133.966543825657, 1450.1231887256708
319.1358063220978, 3133.966543825657, 1450.1231887256708
319.64919209480286, 3133.966543825657, 1450.1231887256708
320.2445991039276, 3244.330659284443, 695.7690961198704
320.61660265922546, 3244.330659284443, 695.7690961198704
321.11626529693604, 3244.330659284443, 695.7690961198704
321.71543431282043, 2721.89828180448, 1108.1283162508846
322.197144985199, 2723.233570990731, 1107.3431773647833
322.5819823741913, 2723.233570990731, 1107.3431773647833
323.0910573005676, 2723.233570990731, 1107.3431773647833
323.7088644504547, 2724.8571174429544, 1108.9593434634987
324.08286333084106, 2724.8571174429544, 1108.9593434634987
324.583523273468, 2724.8571174429544, 1108.9593434634987
325.2218155860901, 2389.978097543345, 1616.142110827473
325.61080384254456, 2389.978097543345, 1616.142110827473
326.1008584499359, 2389.978097543345, 1616.142110827473
326.7610902786255, 2455.3177517481213, 2157.0118051190284
327.1420714855194, 2455.3177517481213, 2157.0118051190284
327.6433708667755, 2455.3177517481213, 2157.0118051190284
328.1988754272461, 2723.103880671886, 1108.22478703811
328.6047878265381, 2723.103880671886, 1108.22478703811
329.0873878002167, 2723.103880671886, 1108.22478703811
329.7409074306488, 2588.8955511536205, 1619.4377021859964
330.12487959861755, 2588.8955511536205, 1619.4377021859964
330.6225481033325, 2588.8955511536205, 1619.4377021859964
331.12303137779236, 2588.8955511536205, 1619.4377021859964
331.6246690750122, 2588.8955511536205, 1619.4377021859964
332.1213393211365, 2588.8955511536205, 1619.4377021859964
332.64257168769836, 2588.8955511536205, 1619.4377021859964
333.1277458667755, 2588.8955511536205, 1619.4377021859964
333.6972212791443, 2720.959158492717, 1107.9098762220567
334.19987535476685, 2722.0082325395674, 1108.2316628709195
334.5978100299835, 2722.0082325395674, 1108.2316628709195
335.0936527252197, 2722.0082325395674, 1108.2316628709195
335.7064814567566, 2720.8877915739918, 1107.8845551838199
336.08347177505493, 2720.8877915739918, 1107.8845551838199
336.57715034484863, 2720.8877915739918, 1107.8845551838199
337.19851636886597, 2721.5407520673184, 1107.7741886308813
337.70815229415894, 2720.837171610345, 1107.0242032864833
338.1938238143921, 2721.5229070837026, 1107.1205348861838
338.59375286102295, 2721.5229070837026, 1107.1205348861838
339.20166659355164, 2720.9084250885526, 1107.9934846798724
339.58362078666687, 2720.9084250885526, 1107.9934846798724
340.0942540168762, 2720.9084250885526, 1107.9934846798724
340.5899267196655, 2720.9084250885526, 1107.9934846798724
341.193311214447, 2721.114432042237, 1108.0509720340035
341.5762867927551, 2721.114432042237, 1108.0509720340035
342.08607506752014, 2721.114432042237, 1108.0509720340035
342.7014276981354, 2721.871330610976, 1107.108589552747
343.07941460609436, 2721.871330610976, 1107.108589552747
343.70274662971497, 2722.174892303733, 1107.3842383934025
344.08671832084656, 2722.174892303733, 1107.3842383934025
344.5963542461395, 2722.174892303733, 1107.3842383934025
345.08970069885254, 2722.174892303733, 1107.3842383934025
345.58540177345276, 2722.174892303733, 1107.3842383934025
346.0820450782776, 2722.174892303733, 1107.3842383934025
346.58868765830994, 2722.174892303733, 1107.3842383934025
347.2455677986145, 3228.1184958352815, 1977.037728228039
347.63072752952576, 3228.1184958352815, 1977.037728228039
348.1234061717987, 3228.1184958352815, 1977.037728228039
351.23329162597656, 4319.443973097693, 2523.214932312511
351.71842217445374, 3455.8104614182143, 1537.1836078748913
352.24404644966125, 3562.8138909127915, 80338.09638399373
352.62930130958557, 3562.8138909127915, 80338.09638399373
353.1259722709656, 3562.8138909127915, 80338.09638399373
353.64183831214905, 3562.8138909127915, 80338.09638399373
354.1474847793579, 3562.8138909127915, 80338.09638399373
354.6979298591614, 2707.2447031795173, 1108.2057843758625
355.09449911117554, 2707.2447031795173, 1108.2057843758625
355.57720708847046, 2707.2447031795173, 1108.2057843758625
356.09980845451355, 2707.2447031795173, 1108.2057843758625
356.57989954948425, 2707.2447031795173, 1108.2057843758625
357.07457518577576, 2707.2447031795173, 1108.2057843758625
357.69354486465454, 2706.798239314664, 1108.2912844130303
358.19021463394165, 2706.199306947055, 1107.5265938271632
358.69586157798767, 2706.7051330397558, 1107.766791503981
359.0808308124542, 2706.7051330397558, 1107.766791503981
359.57351326942444, 2706.7051330397558, 1107.766791503981
360.0895266532898, 2706.7051330397558, 1107.766791503981
360.7218346595764, 2707.224981438205, 1107.9692583744204
361.0949990749359, 2707.224981438205, 1107.9692583744204
361.7223184108734, 2707.4656357560466, 1108.6400297147952
362.21181654930115, 2707.168901301273, 1107.9887048892397
362.59578800201416, 2707.168901301273, 1107.9887048892397
363.10741901397705, 2707.168901301273, 1107.9887048892397
363.7177848815918, 2707.370531206148, 1107.8797628267341
364.09427785873413, 2707.370531206148, 1107.8797628267341
364.74356865882874, 2705.221919029341, 1107.297560966219
365.2182981967926, 2707.109526129625, 1108.7996892050849
365.595290184021, 2707.109526129625, 1108.7996892050849
366.1049237251282, 2707.109526129625, 1108.7996892050849
366.5986042022705, 2707.109526129625, 1108.7996892050849
367.09028792381287, 2707.109526129625, 1108.7996892050849
367.599937915802, 2707.109526129625, 1108.7996892050849
368.1993188858032, 2718.76438211306, 1107.3637787152331
368.70297169685364, 2722.2371092289372, 1108.3743865023487
369.20481395721436, 2719.794344501054, 1107.7428179081353
369.5898115634918, 2719.794344501054, 1107.7428179081353
370.208128452301, 2722.353539046657, 1107.8045090211695
370.5950918197632, 2722.353539046657, 1107.8045090211695
371.1007390022278, 2722.353539046657, 1107.8045090211695
371.73005867004395, 2723.0554546219023, 1107.477769339185
372.08909368515015, 2723.0554546219023, 1107.477769339185
372.5907506942749, 2723.0554546219023, 1107.477769339185
373.0844578742981, 2723.0554546219023, 1107.477769339185
373.5990517139435, 2723.0554546219023, 1107.477769339185
374.2154018878937, 2722.7393642071106, 1107.8613837293285
374.74631571769714, 2724.4665086940518, 1107.6738721277766
375.0893976688385, 2724.4665086940518, 1107.6738721277766
375.59846663475037, 2724.4665086940518, 1107.6738721277766
376.1021189689636, 2724.4665086940518, 1107.6738721277766
376.5998146533966, 2724.4665086940518, 1107.6738721277766
377.0884783267975, 2724.4665086940518, 1107.6738721277766
377.6012353897095, 2724.4665086940518, 1107.6738721277766
378.101895570755, 2724.4665086940518, 1107.6738721277766
378.719847202301, 2724.0030905148747, 1108.152845099232
379.2004978656769, 2723.1463525699373, 1107.0502028370831
379.6003260612488, 2723.1463525699373, 1107.0502028370831
380.0999894142151, 2723.1463525699373, 1107.0502028370831
380.59310030937195, 2723.1463525699373, 1107.0502028370831
381.0957143306732, 2723.1463525699373, 1107.0502028370831
381.6014621257782, 2723.1463525699373, 1107.0502028370831
382.09548163414, 2723.1463525699373, 1107.0502028370831
382.7178153991699, 2723.9162083309448, 1107.3497655978924
383.08782601356506, 2723.9162083309448, 1107.3497655978924
383.7106878757477, 2723.482789258712, 1107.879132138507
384.22032403945923, 2723.704580860477, 1107.7188431942475
384.71620988845825, 2723.3756748228448, 1107.3221827036507
385.0941984653473, 2723.3756748228448, 1107.3221827036507
