time, x0, y0, x1, y1...
3.6292808055877686, 2559.853412761802, 2490.5517508973817
3.8855948448181152, 2559.853412761802, 2490.5517508973817
4.6804656982421875, 2476.5656629648443, 2494.2593519973125
5.122283458709717, 2476.992932114984, 2494.5727866007587
5.443423509597778, 2476.992932114984, 2494.5727866007587
6.1485350131988525, 2472.382214215906, 2494.5544974805357
6.686096429824829, 2468.961300479856, 2493.8892284541694
6.934431552886963, 2468.961300479856, 2493.8892284541694
7.659490585327148, 2475.501698356106, 2494.143241953661
8.103302717208862, 2461.251598543318, 2494.673809543182
15.383806943893433, 2633.0518932419563, 2488.639364615749
15.652088165283203, 2633.0518932419563, 2488.639364615749
16.163718938827515, 2633.0518932419563, 2488.639364615749
16.658393621444702, 2633.0518932419563, 2488.639364615749
17.160050630569458, 2633.0518932419563, 2488.639364615749
17.898075103759766, 2640.88693051893, 2488.407144799341
18.024735927581787, 2640.88693051893, 2488.407144799341
18.405715942382812, 2619.542879166983, 2488.2827288644403
18.677987098693848, 2619.542879166983, 2488.2827288644403
19.155707597732544, 2619.542879166983, 2488.2827288644403
19.864808797836304, 2629.2853759515137, 2488.7285506511616
20.190935850143433, 2629.2853759515137, 2488.7285506511616
20.89704442024231, 2632.9807455205187, 2488.1518143042977
21.39870023727417, 2631.767303461975, 2488.066541216079
21.940250635147095, 2640.25381205774, 2488.719893938115
22.40201497077942, 2639.232232026017, 2488.2951551071624
22.894696712493896, 2639.2405633883614, 2488.1821054955576
22.99343180656433, 2639.2405633883614, 2488.1821054955576
23.172950983047485, 2639.2405633883614, 2488.1821054955576
23.863101720809937, 2638.604211363583, 2488.3009517554387
24.420610666275024, 2640.282175442688, 2487.7966144649904
24.9212703704834, 2637.4630615205892, 2487.885251360235
25.500717163085938, 2635.4589095410643, 2488.45138471166
26.17192006111145, 2635.4589095410643, 2488.45138471166
26.666595935821533, 2635.4589095410643, 2488.45138471166
27.386669397354126, 2640.146870549287, 2487.7868009427166
27.8953058719635, 2632.3035845664476, 2489.15875904705
28.158601760864258, 2632.3035845664476, 2489.15875904705
28.875680446624756, 2637.3291958763048, 2488.332297869877
29.387310028076172, 2632.0735635725973, 2488.525147944334
29.890963315963745, 2631.9452960022204, 2488.843113096815
30.420543670654297, 2644.0005167361683, 2488.1691897028695
30.912227630615234, 2626.0813462966853, 2489.327155005338
31.355042457580566, 2634.246725793566, 2488.76566377509
31.894596338272095, 2633.3576245829636, 2488.176349987345
32.390270948410034, 2636.2606991960974, 2487.820914483685
32.88294959068298, 2632.7869600994213, 2487.760251962859
33.3666558265686, 2631.1410135210785, 2488.1410763291087
33.94909691810608, 2625.4355568974174, 2488.6826177464013
34.161526918411255, 2625.4355568974174, 2488.6826177464013
34.93246293067932, 2644.3916672629853, 2487.289647585271
35.40619492530823, 2631.5131808201436, 2489.0927256361515
35.661511182785034, 2631.5131808201436, 2489.0927256361515
36.37859034538269, 2638.157466371276, 2488.4350975566003
36.92213535308838, 2636.7381325370707, 2487.408567634496
37.1186089515686, 2636.7381325370707, 2487.408567634496
37.320069313049316, 2636.7381325370707, 2487.408567634496
37.905502796173096, 2639.0561185376046, 2488.084027028896
38.41314339637756, 2633.7370212685, 2488.660376377759
38.95469331741333, 2628.6295566720114, 2487.1780241870524
39.44438195228577, 2613.4566259883063, 2487.3668716234474
39.671772956848145, 2613.4566259883063, 2487.3668716234474
40.37788200378418, 2609.5832398636544, 2485.1104086857963
40.56637692451477, 2609.5832398636544, 2485.1104086857963
41.36324334144592, 2593.9872661375025, 2482.8522767760046
41.603600025177, 2593.9872661375025, 2482.8522767760046
42.019487619400024, 2581.7709887484048, 2483.3461856581193
42.66775059700012, 2581.7709887484048, 2483.3461856581193
43.399791955947876, 2571.450537150251, 2480.8830387624967
43.89845561981201, 2546.9307047212137, 2480.1368634220144
44.38215899467468, 2549.11564853385, 2479.952861870474
44.90077042579651, 2533.680200899228, 2479.2619507318614
45.426363468170166, 2534.014396792838, 2479.291222914385
45.67071080207825, 2534.014396792838, 2479.291222914385
46.399757623672485, 2526.179729049593, 2478.7118905267225
46.679009675979614, 2526.179729049593, 2478.7118905267225
47.42999839782715, 2504.8496948549323, 2477.547035961734
47.89375710487366, 2498.890326718923, 2477.5865981043207
48.39342021942139, 2495.5264701989317, 2477.8151306868917
48.91402554512024, 2485.852826523963, 2476.9617410419028
49.42665195465088, 2481.6572829674033, 2477.1937235974465
49.92531704902649, 2481.3303400289115, 2477.3870353017137
50.409024238586426, 2483.5987258508494, 2477.1439350152477
50.6922652721405, 2483.5987258508494, 2477.1439350152477
51.394383668899536, 2477.8841296525184, 2476.9578964630477
51.91698455810547, 2475.8276937182254, 2476.4548913155854
52.42263150215149, 2456.1267670507837, 2476.0896297831155
52.688918113708496, 2456.1267670507837, 2476.0896297831155
53.37014937400818, 2445.9662917305786, 2475.1887204485215
53.889758586883545, 2448.289962902044, 2474.8190290155885
54.182974338531494, 2448.289962902044, 2474.8190290155885
54.91301870346069, 2446.0126897162354, 2474.8604089923942
55.40869355201721, 2461.636168573455, 2474.6282961642564
55.92929697036743, 2458.4258218101004, 2474.754746882622
56.401034355163574, 2467.8806725296085, 2474.3498876298795
56.68826603889465, 2467.8806725296085, 2474.3498876298795
57.379871129989624, 2450.04227448343, 2474.57403504016
57.87753939628601, 2448.7347626731394, 2475.7463625536416
58.3602454662323, 2456.241325713375, 2475.4841255513093
58.8868362903595, 2525.9178115108957, 2476.969304029011
59.40245532989502, 2527.2234675756586, 2475.7698039389006
59.85923194885254, 2544.6700979375023, 2475.5166071151025
60.36986541748047, 2535.2753652223355, 2475.680662554149
60.89346361160278, 2536.831521474345, 2475.7366168954504
61.432021379470825, 2525.515975131426, 2475.719310080815
61.879822731018066, 2540.0576301079345, 2475.387943012615
62.38347315788269, 2548.803297708888, 2475.3675930878862
62.89909267425537, 2548.8865068121154, 2475.4243420824755
63.16637682914734, 2548.8865068121154, 2475.4243420824755
63.878469705581665, 2534.3126408681087, 2475.6469322896746
64.40107131004333, 2536.5260583562736, 2474.7045504431285
64.91170358657837, 2525.5226569203614, 2474.7003890071533
65.38942575454712, 2538.700325269656, 2473.622255119014
65.6796464920044, 2538.700325269656, 2473.622255119014
66.4176721572876, 2523.354099118311, 2473.04271681215
66.88541889190674, 2533.247945424754, 2471.9712407958946
67.3900682926178, 2562.451944352816, 2471.59724710405
67.8787591457367, 2542.2504245675673, 2472.151567536193
68.40036201477051, 2569.1405547952722, 2471.6448350735964
68.67761969566345, 2569.1405547952722, 2471.6448350735964
69.17628455162048, 2569.1405547952722, 2471.6448350735964
69.67694449424744, 2569.1405547952722, 2471.6448350735964
70.40300011634827, 2566.989140043584, 2471.614257457189
70.66230845451355, 2566.989140043584, 2471.614257457189
71.3843719959259, 2569.175349763639, 2471.6712963043938
71.87106990814209, 2579.0487277174075, 2471.4172646244247
72.40763235092163, 2574.3203266070946, 2471.4345841103654
72.87936925888062, 2567.3153038537375, 2471.37651127649
73.36706304550171, 2572.5608478538934, 2471.372385704541
73.88467764854431, 2542.5578071487666, 2471.8938034840608
74.36838340759277, 2541.8472394106147, 2471.856282080509
74.87502598762512, 2535.42157982412, 2472.040259280966
75.40859723091125, 2537.595082425172, 2472.040434166504
75.88831353187561, 2539.455324560879, 2471.911753836635
76.40193700790405, 2530.3141895636104, 2471.9404327792745
76.87566947937012, 2538.3755198271742, 2472.0710050680123
77.34441351890564, 2532.493179194621, 2472.1282935990625
77.67453002929688, 2532.493179194621, 2472.1282935990625
78.4155445098877, 2536.1118728649153, 2472.0262385348697
78.69280409812927, 2536.1118728649153, 2472.0262385348697
79.4019033908844, 2569.299094524091, 2472.2873019800872
79.90056920051575, 2529.975233832101, 2471.949090246355
80.38527083396912, 2521.626662457478, 2472.198869683413
80.68347311019897, 2521.626662457478, 2472.198869683413
81.39157795906067, 2566.8378345355213, 2472.2704464640633
81.87727618217468, 2572.212542954279, 2472.353132310929
82.39688444137573, 2559.103324864575, 2472.4345519181825
82.90452671051025, 2555.524554603734, 2472.288422050229
83.17579936981201, 2555.524554603734, 2472.288422050229
83.87592506408691, 2569.0674940204826, 2472.432909077395
84.38954949378967, 2567.594470113853, 2472.261294940985
84.91115355491638, 2566.1099587296144, 2472.4562076341463
85.41679859161377, 2552.5715851900595, 2472.3350488471065
85.8965151309967, 2555.968011428012, 2472.482286216867
86.40814423561096, 2554.0176226803223, 2472.5453388494216
86.93872380256653, 2551.881961513871, 2472.463576303467
87.45733690261841, 2519.7149358234155, 2472.224812988228
87.71863579750061, 2519.7149358234155, 2472.224812988228
88.1943621635437, 2519.7149358234155, 2472.224812988228
88.90845012664795, 2550.2919853142785, 2472.4232952295556
89.41509222984314, 2567.2757174060876, 2472.289383299071
89.68935942649841, 2567.2757174060876, 2472.289383299071
90.41142535209656, 2569.956247250438, 2472.3820194791124
90.95596694946289, 2560.412425290405, 2472.4508497967104
91.18236017227173, 2560.412425290405, 2472.4508497967104
91.31101679801941, 2560.412425290405, 2472.4508497967104
91.69201064109802, 2560.412425290405, 2472.4508497967104
92.20663404464722, 2560.412425290405, 2472.4508497967104
92.70629549026489, 2560.412425290405, 2472.4508497967104
93.39545798301697, 2547.8442466745523, 2472.678709631407
93.70263576507568, 2547.8442466745523, 2472.678709631407
94.41073870658875, 2548.2712888424803, 2472.5689851249463
94.5194480419159, 2548.2712888424803, 2472.5689851249463
94.89843368530273, 2540.9996371161856, 2472.670594630679
95.17868328094482, 2540.9996371161856, 2472.670594630679
95.90274548530579, 2548.0920032090826, 2472.6558268363106
96.37747478485107, 2544.0442403588722, 2472.916652514731
96.88411688804626, 2565.169942773975, 2472.3477807807944
97.36483001708984, 2555.617921251634, 2472.455892549801
97.6700119972229, 2555.617921251634, 2472.455892549801
98.33423399925232, 2555.6075811646438, 2472.6848332926106
98.84586477279663, 2557.716643105273, 2472.513868371055
99.4138560295105, 2541.0612574941597, 2471.9722280529263
100.00726819038391, 2554.437052230905, 2472.5040999181465
100.87693929672241, 2541.256741393362, 2472.610202558042
101.4414291381836, 2537.450700610867, 2472.718116917239
101.92014575004578, 2550.040644126485, 2472.402667666347
102.42579174041748, 2558.3858378282393, 2472.600620192647
102.98329877853394, 2533.006929968624, 2472.7848243002973
103.5128800868988, 2541.5299727197976, 2472.6554011579574
104.45835018157959, 2557.9669002188875, 2472.5285279858995
104.95302534103394, 2544.8494150056026, 2472.461654345032
105.48061156272888, 2564.6486782704033, 2472.2290378753296
106.01817345619202, 2559.326909611695, 2472.485838410389
106.94967937469482, 2556.2804423192933, 2472.3249454173306
107.4862413406372, 2554.0281000481027, 2472.529520317844
108.4696090221405, 2547.4596668775944, 2472.360055530587
108.99619889259338, 2552.811315689934, 2472.401149200495
109.87584447860718, 2548.1882918597357, 2472.696385833288
110.41639637947083, 2543.3404181600818, 2472.5282731596876
110.70163226127625, 2543.3404181600818, 2472.5282731596876
111.4077410697937, 2553.7255325963306, 2472.7603377417126
111.8695056438446, 2546.303491973734, 2472.6125063880236
112.16571235656738, 2546.303491973734, 2472.6125063880236
112.6783390045166, 2546.303491973734, 2472.6125063880236
113.3774664402008, 2561.4953526924514, 2472.3645690396047
113.9070496559143, 2567.5585759462288, 2472.459146157052
114.40471625328064, 2557.373994076478, 2472.576595359387
114.55032849311829, 2557.373994076478, 2472.576595359387
114.92931199073792, 2552.194340646928, 2472.5897645512455
115.17964172363281, 2552.194340646928, 2472.5897645512455
115.2803726196289, 2552.194340646928, 2472.5897645512455
115.85882449150085, 2575.5602650956307, 2472.255068400781
115.98348999023438, 2575.5602650956307, 2472.255068400781
116.38840532302856, 2566.2890434166566, 2472.243533112482
116.92895817756653, 2554.0974679531932, 2472.4507527338415
117.40667772293091, 2573.2565439071354, 2472.322176608606
117.6450412273407, 2573.2565439071354, 2472.322176608606
117.8375256061554, 2573.2565439071354, 2472.322176608606
118.39503169059753, 2556.625510344602, 2472.396823737738
118.88372254371643, 2555.473448308354, 2472.271781858174
119.08718037605286, 2555.473448308354, 2472.271781858174
119.53896927833557, 2556.625217895973, 2472.524736107534
119.95286011695862, 2568.699037930029, 2472.3648146235437
120.1413562297821, 2568.699037930029, 2472.3648146235437
120.34181880950928, 2568.699037930029, 2472.3648146235437
120.85344910621643, 2562.593963618414, 2472.325853974865
121.03995084762573, 2562.593963618414, 2472.325853974865
121.45982623100281, 2560.554285517365, 2472.596049139569
121.91261267662048, 2554.875222790962, 2472.3794412870066
122.29159832000732, 2553.3068015049794, 2472.5795143571627
122.71346926689148, 2553.3068015049794, 2472.5795143571627
123.19118976593018, 2550.07066227659, 2472.517579249559
123.64497542381287, 2560.9633430917593, 2472.7798388953106
124.38000750541687, 2542.9872036364613, 2472.788665255133
124.81284713745117, 2547.8717706584007, 2472.6433090328965
125.21676635742188, 2557.0203640662994, 2472.3546491262673
125.90791535377502, 2555.0868829015344, 2472.5434063547973
126.39062309265137, 2558.65297307529, 2472.441055668295
126.6768581867218, 2558.65297307529, 2472.441055668295
127.17651915550232, 2553.9302195858154, 2472.6720702667835
127.62232446670532, 2560.1263903132594, 2472.3008615552594
128.39725017547607, 2550.9739678074748, 2472.7120234453505
128.69744634628296, 2550.9739678074748, 2472.7120234453505
129.1831455230713, 2550.9739678074748, 2472.7120234453505
129.62895250320435, 2550.9739678074748, 2472.7120234453505
130.01890897750854, 2555.62592699126, 2472.5649004923516
130.89456367492676, 2558.344331635912, 2472.54341829696
131.16783118247986, 2558.344331635912, 2472.54341829696
131.8968801498413, 2549.8712292296136, 2472.7488733202536
132.38955974578857, 2558.779771404531, 2472.68574314605
132.90418219566345, 2538.693118350775, 2472.6526204012284
133.00291776657104, 2538.693118350775, 2472.6526204012284
133.40883016586304, 2559.720658541294, 2472.404366875837
133.69705843925476, 2559.720658541294, 2472.404366875837
134.18176126480103, 2559.720658541294, 2472.404366875837
134.8888680934906, 2554.081107468861, 2472.468189870563
135.41645526885986, 2550.868440610518, 2472.7113213574758
135.68772959709167, 2550.868440610518, 2472.7113213574758
136.3918435573578, 2559.2103061024573, 2472.4057173741967
136.88053512573242, 2551.6220095286826, 2472.683707972937
137.35227131843567, 2551.384185088985, 2472.6817464955625
137.68139100074768, 2551.384185088985, 2472.6817464955625
138.47027730941772, 2538.7746664326073, 2472.558740382727
138.95697569847107, 2551.877182693638, 2472.720678569072
139.41774106025696, 2564.506408880458, 2472.3056364390472
139.88449048995972, 2555.743195137661, 2472.425238844197
140.40709280967712, 2551.807609801877, 2472.4010112782835
140.95063662528992, 2526.6076417586573, 2472.2144012119534
141.1630699634552, 2526.6076417586573, 2472.2144012119534
141.68666625022888, 2526.6076417586573, 2472.2144012119534
142.41870546340942, 2559.249720882164, 2472.427108399753
142.90041613578796, 2541.982358884735, 2472.7789691399917
143.17966842651367, 2541.982358884735, 2472.7789691399917
143.6942913532257, 2541.982358884735, 2472.7789691399917
144.37347221374512, 2543.7526531530475, 2472.572010635629
144.881112575531, 2551.8310482212796, 2472.6056879795765
145.39872574806213, 2554.816419782487, 2472.6478445573102
145.91334795951843, 2547.731818454416, 2472.607255108642
146.38309049606323, 2553.9185934649063, 2472.5237921653593
146.88674235343933, 2559.6479253343555, 2472.653971787843
147.38540625572205, 2551.4541800666966, 2472.5063036902407
147.86412525177002, 2552.2761296770045, 2472.532135449795
148.40667271614075, 2550.601344633965, 2472.587886239293
148.9404067993164, 2524.4281740030096, 2472.1649802855604
149.41912460327148, 2550.3548995476162, 2472.6004007249135
149.67643570899963, 2550.3548995476162, 2472.6004007249135
150.1810839176178, 2550.3548995476162, 2472.6004007249135
150.88320469856262, 2567.892896471109, 2472.437614091396
151.17841362953186, 2567.892896471109, 2472.437614091396
151.90048122406006, 2559.438906575214, 2472.462489842705
152.42607307434082, 2562.2555725118095, 2472.3763495541098
152.68438172340393, 2562.2555725118095, 2472.3763495541098
153.41442823410034, 2550.350362285149, 2472.6713368053847
153.94799757003784, 2559.7415123355627, 2472.5345161602
154.40976238250732, 2562.511775443524, 2472.395401736073
154.6860227584839, 2562.511775443524, 2472.395401736073
155.4290316104889, 2559.4269596363815, 2472.6108972055436
155.9117398262024, 2559.5395775986412, 2472.471254903436
156.4283561706543, 2579.085630610098, 2472.3767745030964
156.68467044830322, 2579.085630610098, 2472.3767745030964
157.37681889533997, 2550.4345399009703, 2472.5966672241907
157.87947249412537, 2558.002980315728, 2472.633093318876
158.18465304374695, 2558.002980315728, 2472.633093318876
158.89575123786926, 2571.052101159075, 2472.405162026105
159.44727301597595, 2544.6529699889325, 2472.8077480741285
159.9090383052826, 2564.9995197251847, 2472.4197218036497
160.36581349372864, 2563.687685845591, 2472.4565415048323
160.83555555343628, 2560.261481989308, 2472.512482884199
161.33721208572388, 2553.244181725113, 2472.4936478165223
161.68129134178162, 2553.244181725113, 2472.4936478165223
162.43028473854065, 2552.267231880613, 2472.663976512605
162.68560242652893, 2552.267231880613, 2472.663976512605
163.4166440963745, 2575.0580258385353, 2472.291092560518
163.88040399551392, 2541.2426518715924, 2472.7605168523914
164.39104580879211, 2544.9343599202157, 2472.7352396527
164.86577248573303, 2554.6483949242065, 2472.4963781099277
165.17494297027588, 2554.6483949242065, 2472.4963781099277
165.8461468219757, 2557.9990551472674, 2472.5027504422274
166.38171195983887, 2566.250134520321, 2472.2685620979514
166.8943395614624, 2548.038577941436, 2472.5609794950506
167.39599680900574, 2552.1810348630006, 2472.673792737439
167.8946614265442, 2555.7615199668467, 2472.379183200064
168.42623710632324, 2529.963258585572, 2472.6577112328214
168.68554377555847, 2529.963258585572, 2472.6577112328214
169.47243666648865, 4708.208485817544, 326.56333355223654
169.90428066253662, 2932.8495683990823, 25.67942000712184
171.92088103294373, 2715.0322996910036, 241.6301287648373
172.42153930664062, 3835.076181562788, 58.94910434872953
172.92618942260742, 2030.4443552942698, 1134.8138786331629
173.39991998672485, 2931.0460783603053, 224.9652495233952
173.93049931526184, 2673.083023325471, 1245.6831969216175
174.23268961906433, 2673.083023325471, 1245.6831969216175
174.91785550117493, 3729.4855870343863, 506.0445584661985
175.44444465637207, 3779.823801552569, 140.61343705671212
175.95607590675354, 3478.4459863321313, 29.66504304010794
176.20042085647583, 3478.4459863321313, 29.66504304010794
176.93345856666565, 4995.972092394839, 1248.940819803974
177.4022033214569, 3227.8272268643373, 755.517280964482
177.70738768577576, 3227.8272268643373, 755.517280964482
178.19707608222961, 3227.8272268643373, 755.517280964482
178.8652858734131, 3902.8823018775843, 441.6848203570064
179.41281938552856, -3642.993813321342, 143.7412080252436
179.6850917339325, -3642.993813321342, 143.7412080252436
180.40217089653015, 3739.0685789045583, 107.59210331483024
180.71533274650574, 3739.0685789045583, 107.59210331483024
181.40348935127258, 2648.120277654488, 211.91588802028556
181.7026879787445, 2648.120277654488, 211.91588802028556
182.3689033985138, 3203.6142615052877, 362.26791706619616
182.8855209350586, 2310.2988483228573, 487.5014362812474
183.32434606552124, -91949.98160004627, 26.059348412756215
183.56569957733154, -91949.98160004627, 26.059348412756215
184.4642939567566, 3010.7402250284063, 1249.4661958559927
184.76349210739136, 3010.7402250284063, 1249.4661958559927
185.41475009918213, 3444.9027338356314, 1246.7312682828135
185.93635416030884, 2936.964517130968, 2472.365937901032
186.42205238342285, 3829.0868546125516, 232.88554064106066
186.53873991966248, 3829.0868546125516, 232.88554064106066
186.95662021636963, 3263.2337496347814, 2472.524770416098
187.40043139457703, 3358.0246178131524, 2472.6872177239975
187.9539499282837, 2849.984566911236, 1247.6548855077253
188.3957667350769, 3018.2293160515555, 66.26332792234666
188.694965839386, 3018.2293160515555, 66.26332792234666
189.49282836914062, 508.2990830528122, -73.78644887304404
189.78405117988586, 508.2990830528122, -73.78644887304404
190.38444185256958, 3204.857239640718, 154.07727014125322
190.7005958557129, 3204.857239640718, 154.07727014125322
191.41767501831055, 3027.69478503252, 120.3496489886627
191.9103569984436, 3609.494428173038, 1247.3866262113443
192.38009762763977, 2435.569682952099, 123.52735852965922
192.88674211502075, 2528.909759828495, 409.6330371548218
194.43858742713928, 3002.6980811026415, -3543.3261357522642
194.9322636127472, 3929.8757938493695, 191.44734426798226
195.40998435020447, 3173.2813126637784, 46.499999924126044
195.95552492141724, 3948.198000656428, 52.12482290966043
196.45219469070435, 1833.4891321505677, 282.762405861652
196.9528534412384, 2641.5130419111265, 195.48005672509262
197.4385530948639, 2783.2842025055907, 1246.442052029709
197.93622136116028, 3805.1640567103836, 241.5142109860199
198.43089699745178, 2936.8470636360607, 294.3757018887676
198.95250010490417, 3339.553780329769, 81.18080833455676
199.4022970199585, 3311.231038203764, 297.4823568167839
199.70149517059326, 3311.231038203764, 297.4823568167839
200.17921566963196, 3311.231038203764, 297.4823568167839
200.90128087997437, 2853.2294214540425, 136.30904020066143
201.19549441337585, 2853.2294214540425, 136.30904020066143
201.9564561843872, 3413.4600523141107, 455.50115001707167
202.4102418422699, 2849.7538658438657, 5.975363342924807
202.92785668373108, 3505.3072182403016, 138.697639245936
203.41654706001282, 3012.97446130411, 64.58739829592216
203.9351577758789, 2693.016885702651, 68.98351011595582
204.46374320983887, 96524.00619879403, 63.81417556389474
204.72205090522766, 96524.00619879403, 63.81417556389474
205.41320037841797, 3429.099149869496, 126.66339103296673
205.69943380355835, 3429.099149869496, 126.66339103296673
206.47934556007385, 4472.46566777712, 487.5157107462389
207.45972156524658, 3208.9854920247926, 381.4847995546687
207.9274685382843, 732.260187618421, 134.799231969941
208.20372891426086, 732.260187618421, 134.799231969941
208.93177819252014, 3503.7242295410147, 84.3586277776439
209.42545652389526, 2364.1994890116976, 57.50408919748938
209.6897497177124, 2364.1994890116976, 57.50408919748938
210.43874406814575, 3436.929235383925, 61.80145875039246
210.70303535461426, 3436.929235383925, 61.80145875039246
211.4121377468109, 3310.8221640474567, 67.75044799154477
211.91379809379578, 2216.475261010264, 2.4142413175537354
212.19304633140564, 2216.475261010264, 2.4142413175537354
212.96497869491577, 2681.7422786519596, 65.65260653014064
213.45267391204834, 2791.964950113502, 26.369733879524638
213.69502425193787, 2791.964950113502, 26.369733879524638
214.45000314712524, 3282.041317374087, -1147.078072262046
214.95066213607788, 3172.102033263135, 372.40806033394404
215.22592496871948, 3172.102033263135, 372.40806033394404
215.9320352077484, 2759.4950813794253, 188.07565581700058
216.46959590911865, 1949.486571917956, 100.58954472004368
216.71593570709229, 1949.486571917956, 100.58954472004368
217.22557091712952, 1949.486571917956, 100.58954472004368
217.7332136631012, 1949.486571917956, 100.58954472004368
218.95494055747986, 3206.5968702267705, 377.3149919508547
219.51444268226624, 3551.021491191057, 162.44187600701358
221.91202235221863, 3412.834456554205, 121.8662572962172
222.23815035820007, 3412.834456554205, 121.8662572962172
223.00709128379822, 2388.9755438496536, 2465.3378817124785
223.17165064811707, 2388.9755438496536, 2465.3378817124785
223.7371425628662, 2388.9755438496536, 2465.3378817124785
224.42728877067566, 2225.475403531494, 42.074729599350626
224.9229609966278, 3223.2491968428917, 129.8735442401526
225.0356583595276, 3223.2491968428917, 129.8735442401526
225.43758273124695, 3132.01967956767, 45.83092091493274
225.5452950000763, 3132.01967956767, 45.83092091493274
225.95519757270813, 3156.834125928581, 388.1852131642262
226.42793107032776, 2667.239816480085, 91.02529055834344
226.70419073104858, 2667.239816480085, 91.02529055834344
227.4222686290741, 2361.079083812921, 61.54560200123569
227.92891216278076, 2086.901805886083, 262.83574513196817
228.4365520477295, 3429.1120848328915, 251.16124614103356
228.71480631828308, 3429.1120848328915, 251.16124614103356
229.39598274230957, 3729.116546170294, 332.2751518695451
230.46611762046814, 2610.0683379980233, 36.9611245251846
230.7114613056183, 2610.0683379980233, 36.9611245251846
231.40261125564575, 2792.627590955695, 181.05086696561327
231.92022562026978, 3763.42308135628, 54.87431832031001
232.42487406730652, 3420.3006273956776, 341.7704160112043
233.01329708099365, 2951.8242083181826, 230.9831120200097
233.90790176391602, 3711.5498825174686, 275.1597916569702
234.40856266021729, 3372.047537085281, -5.356219186293917
234.9511079788208, 269725.50080351444, 65.06528425526862
235.4388039112091, 3383.4428426772433, 80.98858887640188
235.93447518348694, 3457.7409227563944, 209.03570470396005
236.45608019828796, 2308.5766712225454, 55.556323182823895
236.93479657173157, 3064.1677668070593, 50.18739588167973
237.43944549560547, 3329.5994681380525, 114.53263092403733
237.71071934700012, 3329.5994681380525, 114.53263092403733
238.40186834335327, 3153.576170889284, 390.2237318326912
238.69707798957825, 3153.576170889284, 390.2237318326912
239.43011569976807, 3049.212157963579, 27.60648139902278
239.91880679130554, 2886.9381585533415, 110.91896335315774
240.22897672653198, 2886.9381585533415, 110.91896335315774
240.91314506530762, 3372.376960921586, 249.6994693317396
241.46267318725586, 3118.0783489136456, 40.32170337981914
241.71001195907593, 3118.0783489136456, 40.32170337981914
242.40215873718262, 2969.0644867412475, 368.670605886752
242.93373370170593, 3222.9078030029136, 479.38369588123174
243.2229609489441, 3222.9078030029136, 479.38369588123174
243.71165132522583, 3222.9078030029136, 479.38369588123174
244.4566569328308, 3303.470669062351, 65.05893071610913
244.7219455242157, 3303.470669062351, 65.05893071610913
245.48290824890137, 3126.7622684799658, 180.52349652590857
263.1635661125183, 3346.486592225291, 259.322345896368
263.7150902748108, 2922.68690302887, 68.2673758192083
264.1728641986847, 3306.814367580837, 266.09883308292115
264.4820365905762, 3306.814367580837, 266.09883308292115
265.1821618080139, 2344.1217606878945, -1369.638029921788
265.46241092681885, 2344.1217606878945, -1369.638029921788
266.1954493522644, 2914.0033230541126, 376.9727202335848
266.46871638298035, 2914.0033230541126, 376.9727202335848
266.96538639068604, 2914.0033230541126, 376.9727202335848
267.4680407047272, 2914.0033230541126, 376.9727202335848
268.2070622444153, 3389.715972846109, 39.803222342405526
269.19740891456604, 2483.4238961558376, -47.92173226243955
269.7100365161896, 2842.426678717376, 308.590363211576
269.9673478603363, 2842.426678717376, 308.590363211576
270.6834309101105, 2995.660424522285, 419.13557975906474
270.9566993713379, 2995.660424522285, 419.13557975906474
271.69173312187195, 3136.2058692563173, 47.73148711294309
272.1524975299835, 2582.846482765662, 137.62660084372732
272.7498970031738, 1769.8653451059274, 97.00270777666182
273.14284491539, 3271.499718611665, 244.87345303361548
273.4520175457001, 3271.499718611665, 244.87345303361548
274.1571304798126, 2949.2770076657794, 152.6299009503544
274.7824547290802, 3738.4672563579534, 253.88778209253266
275.3479416370392, 3738.4672563579534, 253.88778209253266
275.52546644210815, 3738.4672563579534, 253.88778209253266
276.156774520874, 2250.514353740993, 121.61387845993411
276.4689395427704, 2250.514353740993, 121.61387845993411
277.173054933548, 2488.999350358448, 90.86736007838631
277.7016386985779, 3294.83893780836, 21.034964023597365
277.80336594581604, 3294.83893780836, 21.034964023597365
278.1733775138855, 3509.270326261734, 88.60049236982272
278.31499576568604, 3509.270326261734, 88.60049236982272
280.20593333244324, 3865.92222373462, 435.45156705669774
280.7584550380707, 3321.5384146150664, 97.65854012536914
281.1902985572815, 2915.697255225615, 194.24968305908195
281.47952222824097, 2915.697255225615, 194.24968305908195
281.5952136516571, 2915.697255225615, 194.24968305908195
281.9592387676239, 2915.697255225615, 194.24968305908195
282.69626545906067, 3356.96932728667, 66.0081135092157
283.1660068035126, 3746.183716671101, 276.3958752806086
283.27770733833313, 3746.183716671101, 276.3958752806086
284.16333627700806, 3231.2883353509524, 93.56666124954597
284.46153831481934, 3231.2883353509524, 93.56666124954597
284.9641914367676, 3231.2883353509524, 93.56666124954597
285.7740247249603, 2692.4321921472065, 44.48219708166895
286.6855821609497, 3400.394011666923, 53.41503034154827
286.9947543144226, 3400.394011666923, 53.41503034154827
287.76569056510925, 2648.886581484376, 53.937656656500614
287.8873643875122, 2648.886581484376, 53.937656656500614
288.7001881599426, 3225.2831510300393, 46466.30613044722
289.1579637527466, 3123.5405671027597, 14.619718401747843
289.51301169395447, 3123.5405671027597, 14.619718401747843
290.1882050037384, 3477.6260554198184, 95.51559418936303
290.68487453460693, 3261.7232635678, 74.81382460964497
290.96711897850037, 3261.7232635678, 74.81382460964497
291.7141184806824, 3245.851872075198, 110.14254938322256
292.1619198322296, 2731.7643099380452, 98.41037655584343
293.7107722759247, 3742.3557440820514, 255.65004713626763
294.22340083122253, 2936.6927543774823, 92.38410179680459
294.5176115036011, 2936.6927543774823, 92.38410179680459
295.1628842353821, 3334.878173504579, 79.83760937620245
295.72039246559143, 2618.6875116364076, 398.0885351693888
296.175173997879, 2633.1489924167254, 68.86704145737016
296.74564599990845, 1874.220217397891, 79.69272087091998
296.996972322464, 1874.220217397891, 79.69272087091998
298.6854524612427, 2700.658525403791, 50.95771921771726
299.1591827869415, 3182.7046357769773, 65.2384007929892
299.70671796798706, -51696.55108765383, 125.12931697562368
300.314090013504, 3083.616260775302, -438.34802855902683
301.20470571517944, 2339.245282409945, 60.943929361650305
301.5128803253174, 2339.245282409945, 60.943929361650305
302.1332194805145, 2117.392120992612, 53.592104715162144
302.5062220096588, 2117.392120992612, 53.592104715162144
303.2781546115875, 2338.9056474011136, 42.44514763037269
305.1750748157501, 3225.5192955921007, 68.56636420055615
305.798406124115, 1942.27763575546, 43.32198028177134
306.52446269989014, 1942.27763575546, 43.32198028177134
307.2121298313141, 2510.493806347767, 83.69599627842649
307.73273491859436, 3579.209512496045, 65.51039482425661
307.96312046051025, 3579.209512496045, 65.51039482425661
308.68219351768494, 3137.75445067485, 4.055201273698752
309.2446868419647, 2285.754419877106, 168.64278566574137
309.5319175720215, 2285.754419877106, 168.64278566574137
310.1981339454651, 2178.424574459392, 84.40868993737472
310.69879364967346, 3151.7848145493367, 138.1317928047023
311.1864883899689, 2307.185018575536, 150.26078493983132
311.47172355651855, 2307.185018575536, 150.26078493983132
312.2177269458771, 2642.729678065054, 49.215491553756294
312.46805715560913, 2642.729678065054, 49.215491553756294
313.1691782474518, 2933.568594780805, 183.35589609312353
313.46538639068604, 2933.568594780805, 183.35589609312353
314.15454030036926, 3062.50076928463, 33.623508282309324
314.74795269966125, 3761.6275842419986, 57.027522332324885
315.1728148460388, 2668.4793965118424, 176.33260053916206
315.70738220214844, 3182.1469747806145, -101.04335135681852
316.2259953022003, 1930.6495663569378, -2402.1892563197152
316.69174575805664, 3367.0171522219803, 129.05767327946086
317.15450716018677, 3045.5242359032427, 288.69248497489906
317.6691291332245, 3466.8057758751524, 68.63343803779698
317.97131991386414, 3466.8057758751524, 68.63343803779698
318.740261554718, 3448.3788060889437, 149.36555204311983
319.2459077835083, 3500.7086174138763, 110.45895141035477
319.7355966567993, 1975.0923400002869, 16.30324957632924
320.2262833118439, 2286.4033612501403, 331.3281982384832
320.7199606895447, 2615.955155483455, 112.94794177037106
320.961314201355, 2615.955155483455, 112.94794177037106
321.75518822669983, -218245.50670002936, 357.9144815720715
322.1710755825043, 3768.2223602192275, 79.83711391664423
322.7186088562012, 3170.2410121725916, 40.994045562821746
323.1793763637543, 3600.1649223090853, 270.9227924368974
323.71593832969666, 2601.372015400996, 63.961220335933106
324.22457671165466, 3202.5300389605504, 24.33611995198038
324.76812171936035, 3444.025143738362, 132.32583671665273
325.70660972595215, 3470.685565268192, 692.1681025453203
326.1693696975708, 2447.4386253421417, 232.4867364129617
326.460590839386, 2447.4386253421417, 232.4867364129617
327.1696903705597, 2899.1611028922885, 31.643643023152187
327.7202157974243, 3194.4013076881024, 292.82422699844307
327.9515974521637, 3194.4013076881024, 292.82422699844307
328.4602348804474, 3194.4013076881024, 292.82422699844307
329.2192027568817, 3967.132658355723, 165.71381120355883
329.7158737182617, 3511.460259018645, 6.118203581117771
330.17763590812683, 3653.921688412211, 60.975950249601574
330.74212527275085, 2530.3382292966658, 75.99208176641152
331.1450481414795, 3272.9310586084976, 34816.54556690478
331.73646450042725, 2386.0324692803947, -839.2597992881844
332.2131896018982, 3198.3746402464267, 95886.78705358107
332.4974238872528, 3198.3746402464267, 95886.78705358107
333.18259024620056, 3336.429592260502, 150.91160724591518
333.7371051311493, 3643.1333917474994, 149.7482076752359
334.1918878555298, 2922.7144177637333, 261.0627270223216
334.47612738609314, 2922.7144177637333, 261.0627270223216
334.9827711582184, 2922.7144177637333, 261.0627270223216
335.7118184566498, 3335.5711555228427, 155.90452317969198
336.2015063762665, 3192.111971318113, 47.35556055191354
336.75103545188904, 3003.4223357736887, 174.13356530550703
337.1968412399292, 3183.544311547487, 98.28539831389901
337.7044823169708, 3139.4115005323074, 356.2970107921012
338.15727186203003, 2229.854241560872, 57.10064078980996
338.83146595954895, 2951.004364548685, 231.8746770907932
339.5854477882385, 2951.004364548685, 231.8746770907932
340.20279264450073, 3210.308756626032, 330.5536874193774
340.74833250045776, -89064.56448550528, 226.22854903800726
341.2240586280823, 2475.9651592893397, 143.0108511292676
341.73070073127747, 3988.283344790277, -688.3494649670706
342.17451333999634, 4739.241499783913, 246.82618788161204
342.6771671772003, 3111.4405618992705, 404.6525080192392
342.96340250968933, 3111.4405618992705, 404.6525080192392
343.7084069252014, 1938.2030155809093, -52.36060179806999
344.1302764415741, 3534.59390668829, -37.20258463761992
344.4783453941345, 1965.5335106891166, 43.581671639685446
345.0248816013336, 3155.756015036301, 461.12780600713654
345.22235131263733, 3155.756015036301, 461.12780600713654
345.7180242538452, 2236.154231463896, 259.0918038057191
346.25059962272644, 2118.978965819151, 170.90358640158416
347.1751239299774, 3086.2948723773147, 60732.44540762422
347.28833079338074, 3086.2948723773147, 60732.44540762422
347.7231674194336, 2272.8373669187695, 355.70282204625323
347.98745822906494, 2272.8373669187695, 355.70282204625323
349.18226051330566, 2461.4797139707616, 406.6084377428203
349.72081780433655, 3368.2940845592575, 53.49637870031622
350.0040593147278, 3368.2940845592575, 53.49637870031622
350.72313475608826, 2261.292241850943, 125.09563735223277
350.9993941783905, 2261.292241850943, 125.09563735223277
351.82618021965027, 3499.6443963785177, 18.167039674502913
352.76566457748413, 1882.784637810639, -1024.180299399457
353.50169348716736, 1882.784637810639, -1024.180299399457
354.03725934028625, 1882.784637810639, -1024.180299399457
354.692506313324, 3228.922828119829, 394.4923092505664
355.2121150493622, 2407.324265846563, 430.96700973350073
355.4983494281769, 2407.324265846563, 430.96700973350073
356.2134327888489, 3190.3371209843917, 222.3942238573883
356.7061138153076, 3435.089831441807, 140.2188078599839
356.9704625606537, 3435.089831441807, 140.2188078599839
357.72045493125916, 3221.880684044742, 121.01368536891361
358.2051570415497, 3542.7797796138066, 44.69575727524671
358.70182824134827, 2898.483827353065, 316.7244951122851
358.9621317386627, 2898.483827353065, 316.7244951122851
359.68419671058655, 3588.645675906167, 49.68088441054434
360.1629168987274, 3081.1232004224726, -42.59625140675454
360.7603166103363, 3274.550138964334, 20.38005205974389
361.4694170951843, 3274.550138964334, 20.38005205974389
362.20245575904846, 2156.29826306477, 48.39599954282343
362.7150809764862, 3371.434962440971, 210.32920924624085
363.18482398986816, 2699.536931294287, 327.97860361305703
363.6984496116638, 2972.0814487411667, 4.471899973748079
364.171181678772, 3388.548639999842, 2.373283982538804
364.4803547859192, 3388.548639999842, 2.373283982538804
365.19942927360535, 2547.3314884667107, 550.3573921027386
365.48366713523865, 2547.3314884667107, 550.3573921027386
366.17581582069397, 2954.759419242949, 23.84442291254003
366.4640419483185, 2954.759419242949, 23.84442291254003
367.2180235385895, 3007.4350020581346, 25.436792417956045
367.48530769348145, 3007.4350020581346, 25.436792417956045
368.1794500350952, 4633.887984020709, 93.78446948512655
368.74493646621704, 3118.7625256670276, 131.73421645538178
369.18475675582886, 3006.4528662208395, 85.27981693331331
369.6983826160431, 3593.8866264442822, 261.67966818413555
370.2110092639923, 3354.358570294798, 243.78014974507224
370.69571185112, 3241.2507353873593, 190.91682317137514
370.96100187301636, 3241.2507353873593, 190.91682317137514
371.6840662956238, 3435.3939439693086, 3372.9044157285302
372.19968485832214, 3320.692902644854, 41.5800559918382
372.73824310302734, 3159.5432284271483, 3.6858618391764386
372.97560811042786, 3159.5432284271483, 3.6858618391764386
373.71861839294434, 3015.095974617199, 7528.015152773286
374.1684138774872, 1790.5002642971988, 165.09628920826756
374.7279152870178, 3762.113981823508, -2005.0655091279361
375.1866888999939, 3327.0251990938755, 41.564802958361646
375.7052974700928, 3004.04521266594, 392.1657932002771
376.16307282447815, 3302.331340625231, 386.8813354990317
376.71459674835205, 3248.270943044937, 61.74324785613333
377.1663861274719, 3242.011571866546, 49.138994649547485
377.71990394592285, 3528.9478906488002, -98.86875275977316
377.97023367881775, 3528.9478906488002, -98.86875275977316
378.4858524799347, 3528.9478906488002, -98.86875275977316
379.1989436149597, 3530.1085795474874, 79.55474999107894
379.73251461982727, 1893.6141188556114, 89.66351779233526
380.14939737319946, 3283.6280416657737, 253.2289865587182
380.7148849964142, 2993.469218689749, 64.50458991526283
381.1666750907898, 2931.6598197397834, 30.92055661609019
381.4698631763458, 2931.6598197397834, 30.92055661609019
