time, x0, y0, x1, y1...
3.3809492588043213, 20.0, 20.0
3.8836026191711426, 20.0, 20.0
4.37129807472229, 20.0, 20.0
4.881929159164429, 20.0, 20.0
5.356658458709717, 20.0, 20.0
5.854325771331787, 20.0, 20.0
6.339028835296631, 20.0, 20.0
6.833704948425293, 20.0, 20.0
7.396198272705078, 20.0, 20.0
7.867934942245483, 20.0, 20.0
8.370590209960938, 20.0, 20.0
8.873243808746338, 20.0, 20.0
9.425764083862305, 20.0, 20.0
9.983271360397339, 20.0, 20.0
10.364251136779785, 20.0, 20.0
10.851945400238037, 20.0, 20.0
11.371554374694824, 20.0, 20.0
11.876203536987305, 20.0, 20.0
12.356915950775146, 20.0, 20.0
12.852588891983032, 20.0, 20.0
13.349259853363037, 20.0, 20.0
13.85889458656311, 20.0, 20.0
14.362546443939209, 20.0, 20.0
14.864202737808228, 20.0, 20.0
15.358878374099731, 20.0, 20.0
15.851559162139893, 20.0, 20.0
16.351221561431885, 20.0, 20.0
16.88678741455078, 20.0, 20.0
17.351542949676514, 20.0, 20.0
17.87115216255188, 20.0, 20.0
18.36782217025757, 20.0, 20.0
18.850529670715332, 20.0, 20.0
19.35817050933838, 20.0, 20.0
19.837885856628418, 20.0, 20.0
20.349515914916992, 20.0, 20.0
20.860150814056396, 20.0, 20.0
21.352829933166504, 20.0, 20.0
21.8485050201416, 20.0, 20.0
22.36312508583069, 20.0, 20.0
22.847827196121216, 20.0, 20.0
23.34848713874817, 20.0, 20.0
23.862112045288086, 20.0, 20.0
24.36077618598938, 20.0, 20.0
24.87340474128723, 20.0, 20.0
25.348133325576782, 20.0, 20.0
25.862755060195923, 20.0, 20.0
26.349452257156372, 20.0, 20.0
26.851109504699707, 20.0, 20.0
27.346782445907593, 20.0, 20.0
27.842454195022583, 20.0, 20.0
28.349098920822144, 20.0, 20.0
28.869704961776733, 20.0, 20.0
29.36438012123108, 20.0, 20.0
29.887977600097656, 20.0, 20.0
30.35971450805664, 20.0, 20.0
30.849404096603394, 20.0, 20.0
31.391951322555542, 20.0, 20.0
31.869673013687134, 20.0, 20.0
32.4880166053772, 20.0, 20.0
32.85902285575867, 20.0, 20.0
33.388604402542114, 20.0, 20.0
33.87231135368347, 20.0, 20.0
34.36698603630066, 20.0, 20.0
34.86963939666748, 20.0, 20.0
35.36830496788025, 20.0, 20.0
35.896889209747314, 20.0, 20.0
36.348679304122925, 20.0, 20.0
36.843355655670166, 20.0, 20.0
37.3410222530365, 20.0, 20.0
37.84666848182678, 20.0, 20.0
38.35131764411926, 20.0, 20.0
38.85796093940735, 20.0, 20.0
39.354631662368774, 20.0, 20.0
39.89817547798157, 20.0, 20.0
40.36692190170288, 20.0, 20.0
40.85960245132446, 20.0, 20.0
41.35826849937439, 20.0, 20.0
41.89183855056763, 20.0, 20.0
42.3825249671936, 20.0, 20.0
42.90412783622742, 20.0, 20.0
43.383843660354614, 20.0, 20.0
43.85957193374634, 20.0, 20.0
44.37120008468628, 20.0, 20.0
44.84792447090149, 20.0, 20.0
45.351574659347534, 20.0, 20.0
45.851237773895264, 20.0, 20.0
46.36486196517944, 20.0, 20.0
46.86851358413696, 20.0, 20.0
47.345237731933594, 20.0, 20.0
47.85686707496643, 20.0, 20.0
48.350545167922974, 20.0, 20.0
48.85319948196411, 20.0, 20.0
49.34488344192505, 20.0, 20.0
49.84653997421265, 20.0, 20.0
50.354180574417114, 20.0, 20.0
50.85483980178833, 20.0, 20.0
51.35150980949402, 20.0, 20.0
51.86712956428528, 20.0, 20.0
52.43261504173279, 20.0, 20.0
52.854485511779785, 20.0, 20.0
53.3681104183197, 20.0, 20.0
53.850817918777466, 20.0, 20.0
54.34449625015259, 20.0, 20.0
54.87208342552185, 20.0, 20.0
55.35279607772827, 20.0, 20.0
55.87439966201782, 20.0, 20.0
56.373064279556274, 20.0, 20.0
56.87871026992798, 20.0, 20.0
57.377376079559326, 20.0, 20.0
57.88102650642395, 20.0, 20.0
58.348774433135986, 20.0, 20.0
58.86738586425781, 20.0, 20.0
59.370039224624634, 20.0, 20.0
59.867706298828125, 20.0, 20.0
60.37933659553528, 20.0, 20.0
60.87301588058472, 20.0, 20.0
61.3686888217926, 20.0, 20.0
61.86436104774475, 20.0, 20.0
62.369009017944336, 20.0, 20.0
62.846731662750244, 20.0, 20.0
63.360356092453, 20.0, 20.0
63.85203838348389, 20.0, 20.0
64.38561058044434, 20.0, 20.0
64.85036563873291, 20.0, 20.0
65.35002756118774, 20.0, 20.0
65.84969067573547, 20.0, 20.0
66.34835410118103, 20.0, 20.0
66.85200595855713, 20.0, 20.0
67.3756034374237, 20.0, 20.0
67.84434819221497, 20.0, 20.0
68.35997128486633, 20.0, 20.0
68.86960315704346, 20.0, 20.0
69.35530519485474, 20.0, 20.0
72.77115631103516, 20.0, 20.0
73.28179049491882, 20.0, 20.0
73.80538749694824, 20.0, 20.0
74.29308128356934, 20.0, 20.0
74.79374098777771, 20.0, 20.0
75.33329558372498, 20.0, 20.0
75.85290431976318, 20.0, 20.0
76.3346152305603, 20.0, 20.0
76.7883996963501, 20.0, 20.0
77.28806161880493, 20.0, 20.0
77.84058547019958, 20.0, 20.0
78.14975452423096, 20.0, 20.0
78.32129621505737, 20.0, 20.0
78.78405666351318, 20.0, 20.0
79.34654951095581, 20.0, 20.0
79.78038907051086, 20.0, 20.0
80.30398774147034, 20.0, 20.0
80.77871656417847, 20.0, 20.0
81.32525181770325, 20.0, 20.0
81.83588528633118, 20.0, 20.0
82.33255553245544, 20.0, 20.0
82.82124590873718, 20.0, 20.0
83.32988381385803, 20.0, 20.0
83.84151411056519, 20.0, 20.0
84.29729413986206, 20.0, 20.0
84.81490850448608, 20.0, 20.0
85.33451652526855, 20.0, 20.0
85.7942852973938, 20.0, 20.0
86.28796482086182, 20.0, 20.0
86.81954026222229, 20.0, 20.0
87.28928184509277, 20.0, 20.0
87.79193663597107, 20.0, 20.0
88.30755639076233, 20.0, 20.0
88.86406588554382, 20.0, 20.0
89.30388903617859, 20.0, 20.0
89.79856300354004, 20.0, 20.0
90.33014035224915, 20.0, 20.0
90.79190301895142, 20.0, 20.0
91.31151175498962, 20.0, 20.0
91.78324866294861, 20.0, 20.0
92.29288506507874, 20.0, 20.0
92.69780015945435, 20.0, 20.0
92.91721272468567, 20.0, 20.0
93.13961720466614, 20.0, 20.0
93.36700797080994, 20.0, 20.0
93.60337567329407, 20.0, 20.0
93.84074068069458, 20.0, 20.0
94.09605717658997, 20.0, 20.0
94.35037517547607, 20.0, 20.0
94.49797987937927, 20.0, 20.0
94.67949414253235, 20.0, 20.0
94.88195133209229, 20.0, 20.0
95.08640456199646, 20.0, 20.0
95.36565661430359, 20.0, 20.0
95.8613293170929, 20.0, 20.0
96.32010078430176, 20.0, 20.0
