time, x0, y0, x1, y1...
2.276904821395874, 1452.386132257322, 2181.7133216631105
2.545185089111328, 1452.386132257322, 2181.7133216631105
3.047839641571045, 1452.386132257322, 2181.7133216631105
3.7748935222625732, 1452.7692559597676, 2181.647852011998
4.288518190383911, 1450.9572963477021, 2181.52997409631
4.499950647354126, 1450.9572963477021, 2181.52997409631
4.691438436508179, 1450.9572963477021, 2181.52997409631
5.232988119125366, 1449.0235605232565, 2181.553731073271
5.774538278579712, 1451.1768364488344, 2181.568312834689
6.298135995864868, 1449.4043597712528, 2181.494052599984
6.513560056686401, 1449.4043597712528, 2181.494052599984
6.740951061248779, 1449.4043597712528, 2181.494052599984
7.052117347717285, 1449.4043597712528, 2181.494052599984
7.5447986125946045, 1449.4043597712528, 2181.494052599984
8.312742233276367, 1453.27222925786, 2181.6138461910973
8.81838846206665, 1456.3941623203928, 2181.671599242633
9.033811569213867, 1456.3941623203928, 2181.671599242633
9.224300861358643, 1456.3941623203928, 2181.671599242633
9.567898511886597, 1456.3941623203928, 2181.671599242633
10.29096245765686, 1459.8030717926806, 2181.1432136112994
10.56522822380066, 1459.8030717926806, 2181.1432136112994
11.04095458984375, 1459.8030717926806, 2181.1432136112994
11.575523614883423, 1459.8030717926806, 2181.1432136112994
12.268666982650757, 1451.9977981363447, 2181.6094070690283
12.767331600189209, 1451.5070897471549, 2181.5423742971584
13.241063833236694, 1451.9650741372338, 2181.5372018647176
13.441526651382446, 1451.9650741372338, 2181.5372018647176
14.032944440841675, 1451.9650741372338, 2181.5372018647176
14.80487585067749, 1453.0938601832406, 2181.506891208324
15.231733798980713, 1455.0692588787065, 2181.500927575079
15.703978776931763, 1451.24590369794, 2181.324524330797
16.26148748397827, 1450.6953775817913, 2181.419334102436
16.792065620422363, 1453.6666582102907, 2181.7106900365934
17.26081085205078, 1454.1829497454914, 2181.491714139649
17.78141689300537, 1450.9105306221836, 2181.4017663000777
18.278088092803955, 1455.2247597386995, 2181.5453590107463
18.851552724838257, 1454.3605498891936, 2181.4188644908336
18.97621989250183, 1454.3605498891936, 2181.4188644908336
19.805238485336304, 1452.5052346647692, 2181.4252411540583
20.296921968460083, 1448.8523480127947, 2181.217156206506
20.400643348693848, 1448.8523480127947, 2181.217156206506
20.812540292739868, 1456.2699249691875, 2181.5173531594323
21.284277200698853, 1453.5471481207292, 2181.2805071597445
21.40096354484558, 1453.5471481207292, 2181.2805071597445
21.561535120010376, 1453.5471481207292, 2181.2805071597445
22.057207107543945, 1453.5471481207292, 2181.2805071597445
22.755339860916138, 1452.5143759959215, 2181.522567121394
23.265971183776855, 1450.6827533940811, 2181.365390449035
23.764636278152466, 1449.928276642505, 2181.428489322581
24.272276878356934, 1455.8097404185871, 2181.6885918223275
24.840754747390747, 1459.7668447910694, 2181.177807181025
25.061164379119873, 1459.7668447910694, 2181.177807181025
25.551851272583008, 1459.7668447910694, 2181.177807181025
26.332759618759155, 1450.0175330316374, 2181.4672268501663
26.86433506011963, 1452.3695337087547, 2181.46686818064
27.56745409965515, 1452.3695337087547, 2181.46686818064
28.06412410736084, 1452.3695337087547, 2181.46686818064
28.558798789978027, 1452.3695337087547, 2181.46686818064
29.050482988357544, 1452.3695337087547, 2181.46686818064
29.850341081619263, 1454.5536824122585, 2181.317601954701
30.56642436981201, 1454.5536824122585, 2181.317601954701
31.330377101898193, 1458.0495768188912, 2181.7147364827206
31.474990129470825, 1458.0495768188912, 2181.7147364827206
31.663485527038574, 1458.0495768188912, 2181.7147364827206
32.0564341545105, 1458.0495768188912, 2181.7147364827206
32.81739640235901, 1454.681646904864, 2181.26203448581
33.3469774723053, 1455.9098339562247, 2181.1230558494944
33.57935571670532, 1455.9098339562247, 2181.1230558494944
34.048099994659424, 1455.9098339562247, 2181.1230558494944
34.164788007736206, 1455.9098339562247, 2181.1230558494944
34.56870722770691, 1455.9098339562247, 2181.1230558494944
35.29775381088257, 1452.7674051082533, 2181.392842245861
35.8552622795105, 1452.4761789477425, 2181.3534719472996
36.85059666633606, 1453.693482525567, 2181.488574006624
37.81700849533081, 1451.2223539233173, 2181.337213309033
37.946662187576294, 1451.2223539233173, 2181.337213309033
38.35756325721741, 1449.0002909267116, 2181.381396805118
39.06367063522339, 1449.0002909267116, 2181.381396805118
39.55136585235596, 1449.0002909267116, 2181.381396805118
40.044045209884644, 1449.0002909267116, 2181.381396805118
40.82994079589844, 1455.023601694251, 2181.3687760926277
41.29270267486572, 1454.7452620300985, 2181.4028796829066
41.81530213356018, 1459.0442460042098, 2181.700955028867
42.07161736488342, 1459.0442460042098, 2181.700955028867
42.81163477897644, 1456.3495946105386, 2181.412382940009
43.31827974319458, 1452.4099379350641, 2181.5299164811104
43.85184907913208, 1454.7801603716723, 2181.839980319737
44.81526970863342, 1454.5981368775313, 2181.406502227097
45.06061291694641, 1454.5981368775313, 2181.406502227097
45.5702486038208, 1454.5981368775313, 2181.406502227097
46.33520007133484, 1460.920385061629, 2181.175651935375
47.06424880027771, 1460.920385061629, 2181.175651935375
47.574880838394165, 1460.920385061629, 2181.175651935375
48.04960918426514, 1460.920385061629, 2181.175651935375
48.85146403312683, 1453.958098302741, 2181.53645428769
49.58649444580078, 1453.958098302741, 2181.53645428769
50.464144229888916, 1455.0924206837549, 2181.2689021341534
51.385676860809326, 1453.3948100629777, 2181.5251978241286
52.099764585494995, 1453.3948100629777, 2181.5251978241286
52.59643483161926, 1453.3948100629777, 2181.5251978241286
53.09509897232056, 1453.3948100629777, 2181.5251978241286
53.611716985702515, 1453.3948100629777, 2181.5251978241286
54.10439991950989, 1453.3948100629777, 2181.5251978241286
54.87034559249878, 1458.0004681804735, 2181.333177366714
55.60637617111206, 1458.0004681804735, 2181.333177366714
56.379305601119995, 1456.6299417462435, 2181.4251654278837
57.42450737953186, 1455.1467453864816, 2181.486508835595
58.344045639038086, 1452.7881944704948, 2181.5785484451
59.080074310302734, 1452.7881944704948, 2181.5785484451
59.59868574142456, 1452.7881944704948, 2181.5785484451
60.401535749435425, 1449.9423120548988, 2181.627396062404
61.08969449996948, 1449.9423120548988, 2181.627396062404
61.598331928253174, 1449.9423120548988, 2181.627396062404
62.077049016952515, 1449.9423120548988, 2181.627396062404
62.89585781097412, 1453.8376979529983, 2181.4990577796725
63.87722969055176, 1452.902817880619, 2181.3084514280167
64.86857461929321, 1455.5879229687212, 2181.528513594462
65.58066868782043, 1455.5879229687212, 2181.528513594462
66.35758852958679, 1453.9149388596866, 2181.533264107714
67.3599042892456, 1452.9010036199988, 2181.6951569995185
68.31534504890442, 1456.0579069320709, 2181.4851903782346
69.28973603248596, 1453.0011483729397, 2181.5533880474973
69.55103707313538, 1453.0011483729397, 2181.5533880474973
70.0596752166748, 1453.0011483729397, 2181.5533880474973
70.79271197319031, 1457.8016628794744, 2181.507137416649
71.28140306472778, 1457.3581755034431, 2181.5882144134803
71.56863474845886, 1457.3581755034431, 2181.5882144134803
72.30167150497437, 1459.0490607460672, 2181.3297646586952
72.83475422859192, 1454.9954859552658, 2181.5401608307307
73.05915474891663, 1454.9954859552658, 2181.5401608307307
73.7901964187622, 1452.6348792444392, 2181.5339041420166
74.0504982471466, 1452.6348792444392, 2181.5339041420166
74.56911158561707, 1452.6348792444392, 2181.5339041420166
75.04882597923279, 1452.6348792444392, 2181.5339041420166
75.81477499008179, 1455.7243208104605, 2180.9116701248918
75.93345785140991, 1455.7243208104605, 2180.9116701248918
76.35233545303345, 1452.2219639947052, 2181.498251839034
77.28284502029419, 1452.440100651452, 2181.495581176989
77.84434080123901, 1454.2057639229063, 2181.5742915363057
78.0697374343872, 1454.2057639229063, 2181.5742915363057
78.79379916191101, 1455.1600373078452, 2181.424963198628
79.05509996414185, 1455.1600373078452, 2181.424963198628
79.80209803581238, 1454.3850132242526, 2181.402012347401
80.26685428619385, 1450.6668877041852, 2181.5866068562286
80.78746032714844, 1455.0991363416338, 2181.3698539805637
81.03080892562866, 1455.0991363416338, 2181.3698539805637
81.73292803764343, 1455.541408213447, 2181.5403011028816
82.21367383003235, 1457.9873584876682, 2181.468635152465
82.76021003723145, 1458.2714670934406, 2181.1999676698238
83.3077437877655, 1456.4178320506714, 2181.536424777141
83.77948141098022, 1454.07617074969, 2181.290783940322
84.26917004585266, 1457.3241554493522, 2181.425852625399
84.53944635391235, 1457.3241554493522, 2181.425852625399
85.03112864494324, 1457.3241554493522, 2181.425852625399
85.78411340713501, 1452.304458739992, 2181.4756125865833
86.3027241230011, 1452.7439499215816, 2181.611470772746
86.82931399345398, 1453.0315325773117, 2181.581277092267
87.05471158027649, 1453.0315325773117, 2181.581277092267
87.78575348854065, 1456.8158025089315, 2181.8201081755924
88.06001925468445, 1456.8158025089315, 2181.8201081755924
88.79903960227966, 1450.1455744974442, 2181.611802856381
89.29571056365967, 1453.397949469307, 2181.468697419602
89.8164439201355, 1451.415148511697, 2181.608675422559
90.03585529327393, 1451.415148511697, 2181.608675422559
90.79183149337769, 1452.5230421062458, 2181.6370233445846
91.03119087219238, 1452.5230421062458, 2181.6370233445846
91.5517966747284, 1452.5230421062458, 2181.6370233445846
92.25210690498352, 1454.492775692529, 2181.5648864682657
92.80263352394104, 1458.6503636827124, 2181.445152193288
93.02802848815918, 1458.6503636827124, 2181.445152193288
93.78300762176514, 1451.033350466969, 2181.492720874254
94.0263557434082, 1451.033350466969, 2181.492720874254
94.79429912567139, 1449.817617853875, 2181.43192073185
95.24509239196777, 1455.3922877430687, 2181.371402795972
95.77367758750916, 1454.2737410176715, 2181.497109739877
96.20253014564514, 1452.4193668110108, 2181.57023924248
96.73909258842468, 1452.9868137838187, 2181.6211766924584
97.28163862228394, 1450.8386378084776, 2181.4036957191825
97.84911942481995, 1450.7686298847232, 2181.6098188103356
98.78361701965332, 1445.745156692612, 2181.9191787341274
99.05688691139221, 1445.745156692612, 2181.9191787341274
99.83580017089844, 1449.5134436431647, 2181.470996310872
100.2756233215332, 1449.4541341434294, 2181.897969942154
100.84110975265503, 1447.8252693000634, 2181.961265172302
101.05453824996948, 1447.8252693000634, 2181.961265172302
101.81550002098083, 1449.4734930497207, 2181.633467567253
102.04089641571045, 1449.4734930497207, 2181.633467567253
102.83477020263672, 1447.0181193994183, 2181.7771743944527
103.27758407592773, 1449.0979199593833, 2181.5455917923946
103.53489637374878, 1449.0979199593833, 2181.5455917923946
104.05051445960999, 1449.0979199593833, 2181.5455917923946
104.55017685890198, 1449.0979199593833, 2181.5455917923946
105.26426601409912, 1444.9931443446649, 2181.951918638805
105.79683828353882, 1445.8161828918328, 2181.700522373302
106.24663639068604, 1448.2706252358835, 2181.865240466406
106.77322602272034, 1446.723052540637, 2181.925046919565
107.0375165939331, 1446.723052540637, 2181.925046919565
107.80745553970337, 1448.7694425596453, 2181.776899724814
108.31708979606628, 1451.182141650586, 2181.456249696113
108.8436803817749, 1449.6974122041995, 2181.668557001175
109.07506132125854, 1449.6974122041995, 2181.668557001175
109.81208872795105, 1445.10253267917, 2181.9717467838864
110.28282809257507, 1444.6383202220659, 2181.888992854605
110.87623834609985, 1446.1819920366363, 2181.5419614588427
111.06872248649597, 1446.1819920366363, 2181.5419614588427
111.55242776870728, 1446.1819920366363, 2181.5419614588427
112.03413844108582, 1446.1819920366363, 2181.5419614588427
112.80607080459595, 1448.5229437381668, 2181.7726283639663
113.30772924423218, 1450.7242799174917, 2181.6256618270845
113.85625958442688, 1449.609927314049, 2181.9129765811554
114.55439043045044, 1449.609927314049, 2181.9129765811554
115.26947450637817, 1448.7657530421411, 2181.7065182746123
115.55870008468628, 1448.7657530421411, 2181.7065182746123
116.03143572807312, 1448.7657530421411, 2181.7065182746123
116.78042912483215, 1446.583056565983, 2181.626213931129
117.04472041130066, 1446.583056565983, 2181.626213931129
117.86751985549927, 1448.517386477663, 2181.841268066161
118.56365394592285, 1448.517386477663, 2181.841268066161
119.30865955352783, 1448.082329799231, 2181.8719210912764
119.88012909889221, 1445.8428788627048, 2181.764913285678
120.563303232193, 1445.8428788627048, 2181.764913285678
121.26442694664001, 1451.7063248466307, 2181.66875932227
121.81395411491394, 1445.5542760621522, 2181.7612348805364
122.30962872505188, 1448.5077016709968, 2181.9830078812474
122.83920931816101, 1445.2257528648931, 2181.8513654083295
123.04565691947937, 1445.2257528648931, 2181.8513654083295
123.8205816745758, 1449.1375394767706, 2181.728746649888
124.04398488998413, 1449.1375394767706, 2181.728746649888
124.82888293266296, 1449.4587567667056, 2181.879396011383
125.28665685653687, 1452.008735588245, 2181.614122930307
125.79030799865723, 1445.758120982694, 2181.96171057813
126.28398633003235, 1448.5681439940827, 2181.7624785107823
126.83052182197571, 1447.5358196451712, 2181.7453577398583
127.2922854423523, 1451.1169627312217, 2181.517760807898
127.57054138183594, 1451.1169627312217, 2181.517760807898
128.06222534179688, 1451.1169627312217, 2181.517760807898
128.8022427558899, 1447.5335368580627, 2181.9443695383516
129.0685305595398, 1447.5335368580627, 2181.9443695383516
129.80156660079956, 1449.090732020418, 2181.5121891854
130.05588674545288, 1449.090732020418, 2181.5121891854
130.5535533428192, 1449.090732020418, 2181.5121891854
131.36338639259338, 1449.0831710422926, 2181.8139859289067
132.27993035316467, 1444.5059143100466, 2181.949729645775
132.8085160255432, 1446.8007868290874, 2181.7548967129087
133.05186533927917, 1446.8007868290874, 2181.7548967129087
133.55850672721863, 1446.8007868290874, 2181.7548967129087
134.30151891708374, 1450.119480933262, 2181.817029090144
134.5707974433899, 1450.119480933262, 2181.817029090144
135.31081676483154, 1450.124625151869, 2181.877697312875
135.8289532661438, 1450.1760049974255, 2182.0654947403896
136.28672623634338, 1447.2527181103706, 2181.6714191080414
136.82029628753662, 1447.4458900439718, 2181.7117871350924
137.25613069534302, 1446.1206201043715, 2181.9582061414503
137.5653030872345, 1446.1206201043715, 2181.9582061414503
138.27739644050598, 1445.9509796365694, 2181.677114597904
138.55066561698914, 1445.9509796365694, 2181.677114597904
139.03436994552612, 1445.9509796365694, 2181.677114597904
139.77837657928467, 1452.0145564857232, 2181.6309653917574
140.28302669525146, 1451.5720951415697, 2181.6186511960495
140.82258200645447, 1450.0058375876317, 2181.343769171783
141.03900241851807, 1450.0058375876317, 2181.343769171783
141.784006357193, 1450.9034664463315, 2181.694216494702
142.26671409606934, 1451.3059829500953, 2181.182451822773
142.83319759368896, 1446.5123458966987, 2181.760993309936
143.0635805130005, 1446.5123458966987, 2181.760993309936
143.56124830245972, 1446.5123458966987, 2181.760993309936
144.2892985343933, 1446.5322635580073, 2181.8476804457055
144.54162311553955, 1446.5322635580073, 2181.8476804457055
145.25371551513672, 1442.7926428272688, 2181.828160067399
145.55391263961792, 1442.7926428272688, 2181.828160067399
146.293931722641, 1446.9626374227532, 2181.7114417603484
146.55423307418823, 1446.9626374227532, 2181.7114417603484
147.28527665138245, 1447.262641044107, 2181.810763739063
147.54557991027832, 1447.262641044107, 2181.810763739063
148.28559803962708, 1451.7859215191716, 2181.6491141217207
148.83612489700317, 1447.598885056715, 2181.928091376801
149.28193020820618, 1447.0458170084762, 2181.999124403853
149.5502119064331, 1447.0458170084762, 2181.999124403853
150.03989958763123, 1447.0458170084762, 2181.999124403853
150.80285811424255, 1452.8080254906963, 2181.567750642894
151.28456711769104, 1452.2038616117018, 2181.665052058548
151.83509349822998, 1449.6828338798057, 2181.710491655455
152.27790808677673, 1450.2065039540498, 2181.6428027014804
152.55217289924622, 1450.2065039540498, 2181.6428027014804
153.2702510356903, 1451.20483604475, 2181.3949505748596
153.8058168888092, 1449.7617259276185, 2181.9346547498376
154.0461723804474, 1449.7617259276185, 2181.9346547498376
154.7941701412201, 1445.7810714617694, 2181.843821734588
155.2728898525238, 1445.7944543224403, 2181.8980534895904
155.54116916656494, 1445.7944543224403, 2181.8980534895904
156.04083275794983, 1445.7944543224403, 2181.8980534895904
156.77985405921936, 1449.783732185258, 2181.713243322871
157.2545826435089, 1448.487299625895, 2181.855909754987
157.76920580863953, 1447.3373524039064, 2181.8991092341007
158.28681707382202, 1447.5017761318948, 2181.7598396889057
158.7834882736206, 1448.269382012025, 2181.8108839928163
159.0278332233429, 1448.269382012025, 2181.8108839928163
159.75189423561096, 1448.4956541482204, 2181.8944792677507
160.03114700317383, 1448.4956541482204, 2181.8944792677507
160.78612542152405, 1450.0703858867682, 2181.535783714017
161.30074834823608, 1444.2240362659877, 2181.876964665837
161.7545325756073, 1448.057325677182, 2181.4777718542596
162.2531976699829, 1443.6830342270587, 2181.7157953251726
162.91342902183533, 2305.4439158614387, 438.8547396779675
163.68935203552246, 2305.4439158614387, 438.8547396779675
164.3027102947235, 1441.2790720279168, 2181.809478831947
164.97790336608887, 2275.9451499015586, 251.19559273100685
166.23154520988464, 3358.8839434037814, 187.60883888279727
166.82495594024658, 2095.811379638723, 448.07153057940184
167.13911485671997, 2095.811379638723, 448.07153057940184
167.64176893234253, 2095.811379638723, 448.07153057940184
168.40173530578613, 3370.5003057984013, 1779.634576563119
169.43696117401123, 3518.495120380436, 85.28376642992497
170.45024847984314, 3484.3079265701012, 1138.2257444519607
171.22417664527893, 3484.3079265701012, 1138.2257444519607
171.7008993625641, 3484.3079265701012, 1138.2257444519607
172.29431128501892, 1448.2745099304345, 2181.657099651621
172.7869930267334, 1444.3932665236498, 2181.7411225624332
173.28266501426697, 1442.7269168379241, 2181.6353809551615
173.56291460990906, 1442.7269168379241, 2181.6353809551615
174.25656914710999, 1446.9277497206292, 2181.8163947579137
174.5477888584137, 1446.9277497206292, 2181.8163947579137
175.26187777519226, 1444.0271414198608, 2181.7147902724087
175.794451713562, 1442.9713461041786, 2181.7861064381837
176.0467758178711, 1442.9713461041786, 2181.7861064381837
176.79676723480225, 1446.4589365398724, 2181.925256292278
177.270498752594, 1448.3788947907847, 2181.726228122626
177.84695529937744, 1445.0825368119788, 2181.7868421568146
178.2588541507721, 1445.3724865793854, 2181.731628574014
178.56902194023132, 1445.3724865793854, 2181.731628574014
179.25870180130005, 1447.4324098752907, 2181.7583204152716
179.56986904144287, 1447.4324098752907, 2181.7583204152716
180.27597737312317, 1447.1790976968337, 2181.8079692950414
180.80954933166504, 1446.0587862226378, 2181.9171923435433
181.27530193328857, 1444.6803031702152, 2181.571513625841
181.82084131240845, 1446.4588199170705, 2181.7591874144887
182.0372622013092, 1446.4588199170705, 2181.7591874144887
182.83712029457092, 1446.7914498525515, 2181.6946665765904
183.31154823303223, 1443.746613694743, 2181.838487386656
183.54691457748413, 1443.746613694743, 2181.838487386656
184.06054043769836, 1443.746613694743, 2181.838487386656
184.84543824195862, 1446.7964699153006, 2181.692079965875
185.32016611099243, 1449.694754741241, 2181.623743407315
185.8298020362854, 1449.842310808531, 2181.72147269248
186.3035340309143, 1447.5957432904518, 2181.8391848601404
186.57480835914612, 1447.5957432904518, 2181.8391848601404
187.29687404632568, 1441.1275066087617, 2181.95535275587
187.80451488494873, 1442.537532768229, 2181.9122552629433
188.03689169883728, 1442.537532768229, 2181.9122552629433
188.7599561214447, 1447.8794245373854, 2181.873917336404
189.27956533432007, 1449.8806030663125, 2181.412452518839
189.55682182312012, 1449.8806030663125, 2181.412452518839
190.04252243041992, 1449.8806030663125, 2181.412452518839
191.09271049499512, 1717.0538212533163, 231.12293076037093
192.09103751182556, 2212.847649685285, -1781.3771621379826
192.82507157325745, 1448.9316372677104, 2181.6755629199706
193.33470702171326, 1449.8659600059198, 2181.6185706283154
193.80045986175537, 1451.708817214093, 2181.534515652851
194.06925177574158, 1451.708817214093, 2181.534515652851
194.81625247001648, 1446.2714623691793, 2181.6067032106303
195.05860328674316, 1446.2714623691793, 2181.6067032106303
195.88638639450073, 1447.9520326644617, 2181.8812626138356
196.8243908882141, 1447.7783483946753, 2181.6315547577838
197.04878854751587, 1447.7783483946753, 2181.6315547577838
197.85263657569885, 1445.7267367383004, 2181.54476061403
198.55774855613708, 1445.7267367383004, 2181.54476061403
199.05342149734497, 1445.7267367383004, 2181.54476061403
199.7804741859436, 1445.5715588710236, 2181.5953114022677
200.0457639694214, 1445.5715588710236, 2181.5953114022677
200.79775214195251, 1451.8563970070422, 2181.8563865095957
201.31037759780884, 1450.4943770805746, 2181.6732395112854
201.55272936820984, 1450.4943770805746, 2181.6732395112854
202.30970335006714, 1450.4123041850905, 2181.7024314446385
202.8193380832672, 1449.9172865910537, 2181.8839306797604
203.2312352657318, 1446.1984754641755, 2181.8543888456484
203.5483856201172, 1446.1984754641755, 2181.8543888456484
204.3851456642151, -72638.94950437521, 70.74888915410565
205.34258127212524, 1445.5083908609668, 2181.7605171839027
205.80035614967346, 1448.616627069343, 2181.911053872056
206.28804993629456, 1448.3725558913486, 2181.9031906544155
206.54735589027405, 1448.3725558913486, 2181.9031906544155
207.32228136062622, 1447.9842677774764, 2181.738295661472
207.8149607181549, 1444.5032643183229, 2182.184359922835
208.29268336296082, 1445.194527000762, 2181.5223088624152
208.83223628997803, 1445.0986318375553, 2181.585294420861
209.0426731109619, 1445.0986318375553, 2181.585294420861
209.78169441223145, 1446.099924649401, 2181.8710866619303
210.26341080665588, 1441.6188072501402, 2181.8455640309335
211.0552852153778, 3923.0805373014837, 169.0836420495275
211.7584023475647, 3923.0805373014837, 169.0836420495275
212.3677716255188, 53642.06282707988, 242.1451493889605
213.3810567855835, 3816.1149708999214, 414.78857911315083
214.46914839744568, 1082.0536712950186, 402.5058003821051
215.41062784194946, 3261.3882860391454, 2757.400097506034
216.52364706993103, 2393.0676327529054, 926.3752414384907
217.54690647125244, 2244.6814060507454, 28.3676299410885
218.57116413116455, 3609.9653730984883, 584.472058620266
219.30320382118225, 3609.9653730984883, 584.472058620266
219.93251848220825, 3535.344094721225, 239.4999999999936
220.67752385139465, 3535.344094721225, 239.4999999999936
221.54320645332336, 2581.4541234954177, 925.0344299235558
222.37697386741638, 4319.173549394771, 1111.6750998718348
223.50794649124146, 3326.2914650607195, 739.8379965743881
224.3277506828308, 3516.488687943098, 727.6181130650795
225.01590776443481, 3100.766076049507, 552.6548690862744
225.80978178977966, 3100.766076049507, 552.6548690862744
226.2545907497406, 3100.766076049507, 552.6548690862744
227.22200059890747, -150038.9633187651, 556.5163028938554
228.0128834247589, -150038.9633187651, 556.5163028938554
228.94339179992676, 57.17812151617054, -537.2314673219788
229.8599374294281, 3157.625210530696, 352.72930842348666
230.1581392288208, 3157.625210530696, 352.72930842348666
230.6258864402771, 3157.625210530696, 352.72930842348666
231.12554907798767, 3157.625210530696, 352.72930842348666
231.90745449066162, 3396.621644078579, 2338.2973126031584
232.9347047805786, 3614.5746528893164, 1065.5111125895248
233.99885487556458, 1954.1935283395196, 40.41074904448107
234.93634486198425, 3134.293502248246, 362.91568851216635
235.87882161140442, 2533.2749964833165, 623.4982422779295
236.6268184185028, 2533.2749964833165, 623.4982422779295
237.11151957511902, 2533.2749964833165, 623.4982422779295
237.9353141784668, 2551.6915352341034, 253.26738744180105
238.95757722854614, 3402.9677296944633, 30.151536183340284
240.25111484527588, 2633.7092391431515, 374.53374846762756
241.23747158050537, 2191.037378988045, 362.26721147765835
241.93660020828247, 2207.06174808576, 145.29313306328592
242.6845986843109, 2207.06174808576, 145.29313306328592
243.3149094581604, 3618.7980590803177, 64545.3979015778
244.27733325958252, 3027.514801366571, 1043.116828309966
245.16247153282166, 3270.541285558378, 76.49926135783197
245.966317653656, 2955.4081657292086, 1895.331831386255
247.41344356536865, 1684.600176876441, 335.9953586911721
248.29109358787537, 1457.4643796538746, 2181.2415466271855
248.54541206359863, 1457.4643796538746, 2181.2415466271855
249.06701493263245, 1457.4643796538746, 2181.2415466271855
249.83795189857483, 1457.743170475045, 2181.073162832046
250.32863664627075, 1451.243507486759, 2181.1702712253878
250.56999111175537, 1451.243507486759, 2181.1702712253878
251.28108668327332, 1452.1099728798004, 2181.3693945777113
251.83560132980347, 1456.4658890168635, 2181.353540546643
251.9642584323883, 1456.4658890168635, 2181.353540546643
252.10787391662598, 1456.4658890168635, 2181.353540546643
252.56963777542114, 1456.4658890168635, 2181.353540546643
253.29569268226624, 1459.2719111403599, 2181.2406704050286
253.57993173599243, 1459.2719111403599, 2181.2406704050286
254.25213170051575, 1455.016852304482, 2181.2793742942245
254.54933643341064, 1455.016852304482, 2181.2793742942245
255.31329226493835, 1454.8477197846435, 2181.1825605283752
255.8139500617981, 1454.4648066867194, 2181.3026742795228
256.28568625450134, 1457.4243717130778, 2181.1037337711446
256.8282344341278, 1454.8948017443997, 2181.2809177167624
257.0416624546051, 1454.8948017443997, 2181.2809177167624
257.7667212486267, 1457.7203094809865, 2181.017795809622
258.2893216609955, 1451.8164922101732, 2181.4950663433615
258.81291913986206, 1455.4613323070532, 2181.4574379009264
259.2716910839081, 1452.3829156410536, 2181.6234929920956
259.5519413948059, 1452.3829156410536, 2181.6234929920956
260.2779965400696, 1451.8844888730605, 2181.499370557958
260.8095757961273, 1447.4865636232037, 2181.350899955466
261.2833046913147, 1452.8687162949684, 2181.3711648618305
261.81288743019104, 1451.1549067774458, 2181.2506994427367
262.28163290023804, 1452.2425878435793, 2181.216311777931
262.816201210022, 1453.2991670509814, 2181.525159038836
263.0376079082489, 1453.2991670509814, 2181.525159038836
263.8005723953247, 1454.4833786410722, 2181.1207567314013
264.2673201560974, 1457.6348882384411, 2181.1471164710847
264.78792572021484, 1456.7347138776722, 2181.318602356085
265.27761483192444, 1455.4209129929868, 2181.184692266205
265.8421049118042, 1457.4859710093547, 2181.421246759405
266.0555331707001, 1457.4859710093547, 2181.421246759405
266.54721665382385, 1457.4859710093547, 2181.421246759405
267.04089403152466, 1457.4859710093547, 2181.421246759405
267.5694787502289, 1457.4859710093547, 2181.421246759405
268.26960372924805, 1450.5138909103948, 2181.4134698177054
268.54985332489014, 1450.5138909103948, 2181.4134698177054
269.0545015335083, 1450.5138909103948, 2181.4134698177054
269.5551633834839, 1450.5138909103948, 2181.4134698177054
270.268253326416, 1457.1118785133276, 2181.3131628616984
270.5624647140503, 1457.1118785133276, 2181.3131628616984
271.3014850616455, 1454.656911092201, 2181.2306345277884
271.80015087127686, 1455.3801442922918, 2181.068678216433
272.0514771938324, 1455.3801442922918, 2181.068678216433
272.79049921035767, 1447.552582364598, 2181.3292711021913
273.2712116241455, 1450.2837528562727, 2181.213765444735
273.56841683387756, 1450.2837528562727, 2181.213765444735
274.2625570297241, 1454.1714307755092, 2181.4430414402436
274.41315507888794, 1454.1714307755092, 2181.4430414402436
274.8190677165985, 1453.9588937469684, 2181.3576941463166
275.0464599132538, 1453.9588937469684, 2181.3576941463166
275.5570909976959, 1453.9588937469684, 2181.3576941463166
276.01885414123535, 1450.099228090233, 2181.291375619863
276.44172263145447, 1451.3578190109015, 2181.2596466471787
276.65016317367554, 1451.3578190109015, 2181.2596466471787
277.04311180114746, 1451.3578190109015, 2181.2596466471787
277.46797490119934, 1454.8766917020803, 2180.962278755437
277.8818681240082, 1453.1305667628212, 2181.449707027915
278.79641699790955, 1450.1347087461083, 2181.3611620609595
279.2601754665375, 1460.0377128487116, 2181.436172247904
279.806711435318, 1460.2163953487334, 2181.0138602489696
280.0530517101288, 1460.2163953487334, 2181.0138602489696
280.789080619812, 1458.5961297302506, 2181.2257977196214
281.04140543937683, 1458.5961297302506, 2181.2257977196214
281.8342823982239, 1458.0265504781862, 2181.3085132340675
282.26414012908936, 1456.9602925390132, 2181.211464650346
282.80268955230713, 1459.2398073705308, 2181.331550625682
283.26744532585144, 1462.7671671289795, 2180.849195917763
283.81896901130676, 1460.2738175395627, 2181.4083521108146
284.2647747993469, 1457.4503590054155, 2181.0517522883088
284.8172950744629, 1453.6040359029403, 2181.2301883227688
285.04568433761597, 1453.6040359029403, 2181.2301883227688
285.8046510219574, 1453.1364244227984, 2181.4178287815225
286.040020942688, 1453.1364244227984, 2181.4178287815225
286.77006673812866, 1456.6132395051263, 2181.310724282418
287.28069829940796, 1454.8002388855036, 2181.19597024015
287.54000449180603, 1454.8002388855036, 2181.19597024015
288.2501029968262, 1453.598224905871, 2181.390668801578
288.36878514289856, 1453.598224905871, 2181.390668801578
288.84550952911377, 1453.2282883654816, 2181.147308920222
289.05295515060425, 1453.2282883654816, 2181.147308920222
289.79396867752075, 1460.4754382104056, 2181.1654752949967
289.8927059173584, 1460.4754382104056, 2181.1654752949967
290.24376463890076, 1454.5116434959907, 2181.2634294492727
290.8062584400177, 1452.800679863721, 2181.3726559120155
291.04362297058105, 1452.800679863721, 2181.3726559120155
291.97712421417236, 3386.6710427534313, 57.781102212437
292.6224241256714, 3382.837024145002, 514.2829991926437
293.36341166496277, 3496.247450172995, 492.0061951532886
294.0685238838196, 3399.4208704460475, 2144.5892891738395
294.77263879776, 2446.9561757828965, 617.5035011321453
295.3630576133728, 3531.5019898858964, 599.2963203513815
296.03426003456116, 3128.2912780030833, 974.4849911901571
296.6356506347656, 27604.336048317055, 443.9852110136211
296.9129068851471, 27604.336048317055, 443.9852110136211
297.6758646965027, 27604.336048317055, 443.9852110136211
298.2902202606201, -89121.31947733891, 247.00562741686431
298.6003894805908, -89121.31947733891, 247.00562741686431
299.39526081085205, 953.7940536688292, 382.63308058153314
300.11732721328735, 953.7940536688292, 382.63308058153314
300.63893127441406, 953.7940536688292, 382.63308058153314
301.2492959499359, 1479.207224374954, 2168.895080807952
301.8058054447174, 1480.4417100399562, 2169.2087975219397
302.05912804603577, 1480.4417100399562, 2169.2087975219397
302.78019762039185, 1482.1503906772848, 2169.082336803347
303.1751391887665, 1480.1555422144816, 2169.0660192559285
303.5521297454834, 1480.5019631154082, 2169.276110473475
304.08570194244385, 1480.5019631154082, 2169.276110473475
304.79380464553833, 1481.427111270879, 2169.0239649052373
305.28050231933594, 1481.59227937028, 2169.0830387938863
305.84399342536926, 1477.6687120595836, 2169.033379157895
306.2638702392578, 1480.7153459981062, 2169.093124096978
306.74956822395325, 1480.0581900717375, 2169.09657637149
306.9420533180237, 1480.0581900717375, 2169.09657637149
307.7957684993744, 1480.8830421515554, 2169.1443122616392
308.2904427051544, 1482.3042049160558, 2168.9894563567195
308.81902742385864, 1484.899939050091, 2169.178602695173
309.0324556827545, 1484.899939050091, 2169.178602695173
309.7814507484436, 1481.0667468563643, 2168.918154615289
310.26615166664124, 1479.6167842996379, 2168.8948968904565
310.5683436393738, 1479.6167842996379, 2168.8948968904565
311.27046251296997, 1479.9481786978536, 2169.23500890365
311.8299660682678, 1479.4620879657546, 2169.2608232948187
312.0453886985779, 1479.4620879657546, 2169.2608232948187
312.78042006492615, 1478.4074705205019, 2169.1059503796287
313.07064294815063, 1478.4074705205019, 2169.1059503796287
313.86551690101624, 1480.759282699505, 2169.074463026928
314.0809392929077, 1480.759282699505, 2169.074463026928
314.86583614349365, 1477.864903527306, 2169.1232413619423
315.84022760391235, 1481.0240302847342, 2169.1304507033897
316.0785892009735, 1481.0240302847342, 2169.1304507033897
316.87046813964844, 1482.1231420845575, 2169.0011054759234
317.33921337127686, 1483.6698493060976, 2168.9869325340105
317.88874340057373, 1482.0478338741866, 2169.071342169517
317.9904692173004, 1482.0478338741866, 2169.071342169517
318.8242402076721, 1481.9001459854278, 2169.0381483391657
319.28300857543945, 1481.3683876319833, 2169.2279730420178
319.81957173347473, 1481.9717808729492, 2168.9634374542993
320.2603917121887, 1482.4880173245167, 2169.0821994430994
320.3681037425995, 1482.4880173245167, 2169.0821994430994
320.55161237716675, 1482.4880173245167, 2169.0821994430994
321.2597155570984, 1481.5871125288486, 2168.830765265986
321.79528188705444, 1482.7296688549072, 2169.229040085406
321.91097235679626, 1482.7296688549072, 2169.229040085406
322.2580451965332, 1479.767726975013, 2169.0457825421026
322.78961849212646, 1474.840587402978, 2168.6702865286165
323.2144820690155, 1483.1718141377612, 2168.841236664359
323.7729859352112, 1483.548557568882, 2168.848666457116
323.87870264053345, 1483.548557568882, 2168.848666457116
324.27663803100586, 1479.4073963404674, 2169.0550755399904
324.8321497440338, 1479.3288008141712, 2168.8200644318185
325.0695147514343, 1479.3288008141712, 2168.8200644318185
325.7865946292877, 1479.821318725727, 2168.9092461498385
326.27827763557434, 1480.5765431152004, 2168.992399301436
326.8307991027832, 1479.2308229542045, 2169.0764121301263
327.0651707649231, 1479.2308229542045, 2169.0764121301263
327.57979369163513, 1479.2308229542045, 2169.0764121301263
328.06150460243225, 1479.2308229542045, 2169.0764121301263
328.56814670562744, 1479.2308229542045, 2169.0764121301263
329.04886078834534, 1479.2308229542045, 2169.0764121301263
329.79286789894104, 1480.704888087967, 2167.4842262568727
330.3015055656433, 1485.51442707364, 2167.781200198184
330.8360733985901, 1464.837366265479, 2168.701893705734
331.07543420791626, 1464.837366265479, 2168.701893705734
331.7905185222626, 1487.015046174475, 2138.6301069343726
332.26923727989197, 1460.3806698328524, 2162.977095232046
332.8217580318451, 1421.437769711608, 2179.4158062210727
333.26158022880554, 1457.0001369778724, 2206.21680690381
333.5448205471039, 1457.0001369778724, 2206.21680690381
334.24343729019165, 1295.6067980928372, 2246.749182533912
334.75207567214966, 1296.781891416921, 2246.861975585833
335.36443519592285, 1634.208857322726, 40.994114464612494
336.3458080291748, 1298.8876250723479, 2245.0794775883915
336.92226457595825, 3308.5710065626095, 1197.019470473263
338.2776348590851, 3391.2227401621008, 979.2464256434681
338.7932560443878, 1298.405359478783, 2247.5395885215557
339.2909233570099, 1303.9859434689906, 2247.601838657599
339.56219506263733, 1303.9859434689906, 2247.601838657599
340.29622983932495, 1295.6544661686653, 2246.516055141381
340.54057574272156, 1295.6544661686653, 2246.516055141381
341.2766044139862, 1469.024523243586, 2143.2367289991676
341.8141655921936, 1562.8471275819531, 2099.892492096486
342.3287875652313, 1951.8475214518337, 1910.5625309926056
342.58011412620544, 1951.8475214518337, 1910.5625309926056
343.28722286224365, 1951.8205987083888, 1910.9248846891812
343.9165370464325, 2652.0642569899724, -1368.3274829305667
345.223037481308, 3157.487289965022, 57.78532667008615
345.7875258922577, 1948.4045945066284, 1912.4091241035212
346.2363247871399, 1945.2037359493893, 1912.7782609466176
346.76491022109985, 1948.1943185850812, 1911.256948578237
347.3184278011322, 1949.2379029768285, 1911.9433174437916
347.8240728378296, 1950.0843732255653, 1911.5451179155264
348.3247332572937, 1950.4114277135004, 1911.864069971063
348.8553123474121, 1949.0582318880852, 1911.4451992708925
349.37392377853394, 1990.970738126273, 1897.4040960856705
350.275509595871, 1952.6902951785237, 1891.2954859334318
350.8509681224823, 1954.1991107410304, 1890.8131280422933
351.6428487300873, 2736.320503719533, 905.9302712813225
352.355938911438, 2736.320503719533, 905.9302712813225
352.90147852897644, 3557.8266331915943, -605.1318385461578
353.941694021225, 394.8496992872565, 26660.091684655832
355.04174757003784, 2379.7553025513785, 977.6457248077319
355.7538421154022, 1811.7865779266474, 1969.9569571118925
356.61852645874023, 2370.991929821395, 577.1376423768618
357.25482177734375, 1811.5588280947122, 1970.5935205955711
357.79437828063965, 1811.0816637132357, 1970.4370451966572
358.33193731307983, 1809.783498034028, 1970.630152563991
358.8655095100403, 1809.1326526493392, 1970.807226169619
359.05799317359924, 1809.1326526493392, 1970.807226169619
359.8458857536316, 1808.7321038061252, 1970.3459291660247
360.0383679866791, 1808.7321038061252, 1970.3459291660247
360.7991888523102, 1808.5778693711452, 1970.292146622796
361.0535066127777, 1808.5778693711452, 1970.292146622796
361.84039998054504, 1809.7126344339852, 1969.5299348413107
362.2991704940796, 1810.5540854755136, 1970.4214318515058
362.5614686012268, 1810.5540854755136, 1970.4214318515058
363.29051661491394, 1808.776654749914, 1970.716579358178
363.559796333313, 1808.776654749914, 1970.716579358178
364.280864238739, 1871.1416353674283, 1938.1919390588214
364.81543374061584, 1941.3510668010615, 1901.995432896717
365.2891643047333, 2005.444002258784, 1868.414402617267
365.5744013786316, 2005.444002258784, 1868.414402617267
366.2854971885681, 2027.8667855216318, 1856.8006948213967
366.5617573261261, 2027.8667855216318, 1856.8006948213967
367.07039523124695, 2027.8667855216318, 1856.8006948213967
367.8114125728607, 1939.9905629250595, 1906.3051654396677
368.0667266845703, 1939.9905629250595, 1906.3051654396677
368.81372690200806, 1889.1566886457938, 1935.0134646033805
369.2834687232971, 1880.0058997390117, 1939.2368671427646
369.5577349662781, 1880.0058997390117, 1939.2368671427646
370.27282071113586, 1816.6208159786393, 1974.2805610461637
370.81736278533936, 1811.522357250992, 1974.6422464535628
371.07168102264404, 1811.522357250992, 1974.6422464535628
371.8067138195038, 1711.639886811004, 2029.4208913761279
372.2585039138794, 1664.614814370612, 2057.352954496907
372.82000064849854, 1614.034402471469, 2082.9375711286666
373.235888004303, 1560.2650470565584, 2111.2031767803905
373.8203217983246, 1506.2172865191615, 2138.192368820738
374.2571530342102, 1432.8970335556144, 2180.458229189195
374.81067061424255, 1415.791793408511, 2190.1963644066586
375.20860385894775, 1395.2893933182845, 2201.916797613392
375.5437071323395, 1395.2893933182845, 2201.916797613392
376.2807340621948, 1395.37041544409, 2202.1049641129653
376.8741445541382, 1408.88034222727, 2195.509149491147
377.7876982688904, 1407.8099231071087, 2195.5133025579967
378.0489990711212, 1407.8099231071087, 2195.5133025579967
378.7999885082245, 1407.3101986388717, 2194.660660872393
379.2557668685913, 1411.0483773229737, 2194.25624979585
379.557959318161, 1411.0483773229737, 2194.25624979585
380.064603805542, 1411.0483773229737, 2194.25624979585
380.8445158004761, 1404.6366443978154, 2195.907875695564
381.07589650154114, 1404.6366443978154, 2195.907875695564
381.5695712566376, 1404.6366443978154, 2195.907875695564
382.4192969799042, 1982.1507017135154, 689.6338695289924
383.66396474838257, 2347.148885427332, 390.72892462630847
384.47878241539, 2347.148885427332, 390.72892462630847
385.6137547492981, 2769.839647501037, 360.49999999999113
386.31287240982056, 3749.9222731955592, 373.8427979924704
387.13267612457275, 3490.6995582983354, 821.908330037305
387.96444940567017, 2419.8117662160157, 450.51035511119255
388.8032035827637, 1398.4298297373875, 2197.4919467519103
389.2500059604645, 1397.799721214163, 2199.1054381576246
389.83843064308167, 1394.3485593799107, 2199.5297840400713
390.29421043395996, 1395.7090860148828, 2199.3537484570506
390.80982995033264, 1392.3357589507236, 2200.741038567553
391.2541000843048, 1388.2156067210158, 2202.7203631102298
391.81015276908875, 1358.0225843934668, 2215.9388703301047
392.2798955440521, 1359.6087856795978, 2214.3368666466986
392.8593428134918, 1328.142920568262, 2224.4067080603977
393.31711626052856, 1321.8670832963458, 2225.5339139318517
393.574426651001, 1321.8670832963458, 2225.5339139318517
394.0601267814636, 1321.8670832963458, 2225.5339139318517
394.92680740356445, 3649.8421959022603, 51.000024083287364
395.9001998901367, 3151.5425816806087, 33.21737174628392
396.6501910686493, 3151.5425816806087, 33.21737174628392
397.405170917511, 3534.126326482277, -925.2181397180083
398.36260628700256, 3067.99466626401, 214.80379490412034
399.4257609844208, 3181.145234517733, 859.5000012546625
400.273490190506, 1305.5655819793856, 2241.1870474357715
400.8010787963867, 1321.5777470344838, 2226.403824615428
401.0484173297882, 1321.5777470344838, 2226.403824615428
401.85824751853943, 3510.4228976803292, 47085.192682129906
402.27014350891113, 1353.1207375323959, 2197.464523581044
402.54341435432434, 1353.1207375323959, 2197.464523581044
403.2724597454071, 1347.5491755284845, 2202.6946673428524
403.7491829395294, 1343.7403124894695, 2203.1331353656897
404.2358798980713, 1342.5198223042073, 2204.019803906962
405.0551176071167, 3189.645172133426, 905.3835109169029
405.7432758808136, 3189.645172133426, 905.3835109169029
406.3077640533447, 1346.9818693003785, 2202.604811325681
406.8074264526367, 1347.1530486470324, 2202.211774762291
407.261212348938, 1344.7409207600658, 2202.6699251386035
407.5434546470642, 1344.7409207600658, 2202.6699251386035
408.28247690200806, 1343.0319575518774, 2202.484661321622
408.5617301464081, 1343.0319575518774, 2202.484661321622
409.0364565849304, 1343.0319575518774, 2202.484661321622
409.7864496707916, 1346.288641350112, 2202.3430253034635
410.04974460601807, 1346.288641350112, 2202.3430253034635
410.84162402153015, 1342.9116275705614, 2203.326275764009
411.06303215026855, 1342.9116275705614, 2203.326275764009
411.54274678230286, 1342.9116275705614, 2203.326275764009
412.2348928451538, 1343.1020429752043, 2202.1803224872747
412.5630159378052, 1343.1020429752043, 2202.1803224872747
413.26014733314514, 1357.0327866677658, 2198.2380785365117
413.79970383644104, 1407.784161294153, 2186.753201351886
414.3651885986328, 1343.689690017967, 867.9801854012516
415.1560740470886, 2161.5748766907127, -19673.420409655562
415.82228684425354, 3398.7625615653296, 162.4338991163401
416.2710859775543, 1377.838817572753, 2198.4621581675406
416.7757339477539, 1375.680400960211, 2198.1041072348758
417.2943456172943, 1373.0044673192617, 2198.7741561750813
417.5636239051819, 1373.0044673192617, 2198.7741561750813
418.04234409332275, 1373.0044673192617, 2198.7741561750813
418.53502464294434, 1373.0044673192617, 2198.7741561750813
419.2221829891205, 1377.5697732665633, 2198.5294688411122
419.5463156700134, 1377.5697732665633, 2198.5294688411122
420.0659239292145, 1377.5697732665633, 2198.5294688411122
420.8199050426483, 1376.0369620463393, 2198.249813223703
421.0492923259735, 1376.0369620463393, 2198.249813223703
421.86111783981323, 1376.970732251762, 2197.703546587385
422.0456247329712, 1376.970732251762, 2197.703546587385
422.80858182907104, 1374.0247002130843, 2198.7937480230935
423.0549201965332, 1374.0247002130843, 2198.7937480230935
423.8547782897949, 1376.08937696813, 2197.3185372435887
424.275652885437, 1376.9500537398199, 2198.6931931764275
424.8142113685608, 1379.0180397632182, 2198.0413453216897
425.0276389122009, 1379.0180397632182, 2198.0413453216897
425.8294937610626, 1290.3232008891316, 2243.408381137424
426.04890418052673, 1290.3232008891316, 2243.408381137424
426.8507573604584, 1319.1436677191643, 2230.826211220722
427.0462341308594, 1319.1436677191643, 2230.826211220722
427.7702965736389, 1343.868350502609, 2219.9006708335896
428.056529045105, 1343.868350502609, 2219.9006708335896
428.8135039806366, 1386.758719802884, 2199.9908838673414
429.2483375072479, 1399.7615065386854, 2193.1350689245933
429.8048474788666, 1424.0574814678225, 2183.449502802138
430.2586326599121, 1430.1780430276347, 2180.4563427054827
430.79220390319824, 1424.6023799671627, 2182.0098497201902
431.2679295539856, 1421.4189973666194, 2182.98144273424
431.54020071029663, 1421.4189973666194, 2182.98144273424
432.2502989768982, 1425.3238880533142, 2182.264864478181
432.8137905597687, 1423.0158071910487, 2183.4171768688025
433.29749631881714, 1410.400549978728, 2186.0511779882027
433.7692313194275, 1410.1401469527455, 2185.5419929019286
434.20905447006226, 1411.3187971212392, 2186.209359137335
435.27420115470886, 1466.7487595560287, 269.0139309361775
436.02020478248596, 1466.7487595560287, 269.0139309361775
437.20902252197266, 3073.1835443773707, 76.31264480665992
437.9879376888275, 3073.1835443773707, 76.31264480665992
438.7977674007416, 1405.820033159124, 2188.20868103788
439.0543749332428, 1405.820033159124, 2188.20868103788
439.54306745529175, 1405.820033159124, 2188.20868103788
440.29006600379944, 1407.695493893694, 2187.5274364643287
440.8246343135834, 1408.0985038934828, 2188.4763295267535
441.26844811439514, 1402.4864875568637, 2188.521368014133
441.82096767425537, 1410.0209381433096, 2187.818284304009
442.07628440856934, 1410.0209381433096, 2187.818284304009
442.5629813671112, 1410.0209381433096, 2187.818284304009
443.27108454704285, 1408.858046991131, 2188.3376796151083
443.8146424293518, 1403.391032818136, 2189.924368833907
444.0559823513031, 1403.391032818136, 2189.924368833907
444.56661558151245, 1403.391032818136, 2189.924368833907
445.2627520561218, 1409.0497915511792, 2187.5914738423126
445.80928802490234, 1408.3224544172758, 2188.12989817191
446.04665350914, 1408.3224544172758, 2188.12989817191
446.55728578567505, 1408.3224544172758, 2188.12989817191
447.0639293193817, 1408.3224544172758, 2188.12989817191
447.5875267982483, 1408.3224544172758, 2188.12989817191
448.05527424812317, 1408.3224544172758, 2188.12989817191
448.5409743785858, 1408.3224544172758, 2188.12989817191
449.0336549282074, 1408.3224544172758, 2188.12989817191
449.8065872192383, 1410.3627201980319, 2186.3355229232466
450.25638151168823, 1407.0266041192324, 2187.8638352689804
450.55788826942444, 1407.0266041192324, 2187.8638352689804
451.2639982700348, 1408.1039654580918, 2188.276115333539
451.76864767074585, 1408.3686611278606, 2188.173560599692
452.2234284877777, 1409.977574600938, 2187.465812704799
452.7639811038971, 1410.574036746303, 2186.5955439834697
453.3065297603607, 1406.6666225288313, 2188.4943444717383
453.55187153816223, 1406.6666225288313, 2188.4943444717383
454.2938857078552, 1406.1869028011856, 2187.5349285160582
454.54720664024353, 1406.1869028011856, 2187.5349285160582
455.26628160476685, 1406.1528529844738, 2187.474218217486
455.54852509498596, 1406.1528529844738, 2187.474218217486
456.29253363609314, 1407.2184625363288, 2187.7811780104516
456.56380701065063, 1407.2184625363288, 2187.7811780104516
457.04950618743896, 1407.2184625363288, 2187.7811780104516
457.79850125312805, 1404.9175100793343, 2188.1183625187787
458.2433099746704, 1403.026151315585, 2187.9284994445793
458.79283905029297, 1403.3222269147923, 2187.634102168191
459.2815315723419, 1405.6925852778822, 2187.9897689514664
459.79415822029114, 1412.0696314172737, 2186.6060609013216
460.0375063419342, 1412.0696314172737, 2186.6060609013216
460.7904899120331, 1400.1869119495948, 2189.1490142545017
461.0468032360077, 1400.1869119495948, 2189.1490142545017
461.81075859069824, 1402.7255586778826, 2188.873797178828
462.03316283226013, 1402.7255586778826, 2188.873797178828
462.56473779678345, 1402.7255586778826, 2188.873797178828
463.27184557914734, 1404.7564431322382, 2188.250661736998
463.5640630722046, 1404.7564431322382, 2188.250661736998
464.2631907463074, 1404.0934606176272, 2187.587796521817
464.54244351387024, 1404.0934606176272, 2187.587796521817
465.29143738746643, 1406.616018859501, 2188.0957581244966
465.8282651901245, 1399.5945064147509, 2188.6641900070235
466.26509261131287, 1406.065471246525, 2188.422407430646
466.8275866508484, 1406.807924346215, 2187.823129462531
467.25244784355164, 1406.9721660235627, 2188.014379908956
467.80497789382935, 1410.570846419776, 2187.2470083549147
468.2737226486206, 1400.5221083175854, 2188.840672563597
468.568932056427, 1400.5221083175854, 2188.840672563597
469.27304673194885, 1404.4362795625352, 2188.5356516648126
469.8056206703186, 1405.410931927432, 2187.706070370016
470.05495405197144, 1405.410931927432, 2187.706070370016
470.80394983291626, 1407.7452551747733, 2188.467752086979
471.2657120227814, 1399.7173586389742, 2188.872564710147
471.8032720088959, 1406.4135797321464, 2187.1649809265045
472.25107288360596, 1404.3405147673852, 2187.583821912483
472.5393006801605, 1404.3405147673852, 2187.583821912483
473.2364356517792, 1406.0351913798597, 2187.533145113679
473.8487956523895, 1403.4675145172675, 2187.4177949924688
474.0392847061157, 1403.4675145172675, 2187.4177949924688
474.780300617218, 1406.0324470457283, 2187.685874287794
475.26001596450806, 1397.7740821049729, 2190.073276511026
475.8075499534607, 1401.0231945677933, 2188.4549859325334
476.03294706344604, 1401.0231945677933, 2188.4549859325334
476.55554819107056, 1401.0231945677933, 2188.4549859325334
477.03725719451904, 1401.0231945677933, 2188.4549859325334
477.8171696662903, 1402.9914267762965, 2187.3909532798425
478.31583404541016, 1402.1573445724382, 2187.433152342512
478.841427564621, 1409.0322123653145, 2186.816116750401
479.05385851860046, 1409.0322123653145, 2186.816116750401
479.8188090324402, 1399.9869917144672, 2188.1704461056097
480.05517649650574, 1399.9869917144672, 2188.1704461056097
480.84107208251953, 1404.9376864189662, 2187.8765311304396
481.3159146308899, 1398.3582738307243, 2189.064156835718
481.83951210975647, 1399.3540597253007, 2188.784691993179
482.2833242416382, 1402.2934807749773, 2187.691256572123
482.820885181427, 1404.5355466810172, 2187.6769895495418
483.2886321544647, 1402.8069707111397, 2188.040182123821
483.5539228916168, 1402.8069707111397, 2188.040182123821
484.2719991207123, 1408.0485609377104, 2186.6739572609904
484.81554317474365, 1405.0270688039723, 2188.4337854926225
485.0349566936493, 1405.0270688039723, 2188.4337854926225
485.79292702674866, 1403.08271021016, 2188.005728507925
486.06120800971985, 1403.08271021016, 2188.005728507925
486.55388927459717, 1403.08271021016, 2188.005728507925
487.0395896434784, 1403.08271021016, 2188.005728507925
487.788583278656, 1402.1650907405378, 2187.462127563815
488.24835324287415, 1403.0138865091042, 2187.289945588819
488.5535349845886, 1403.0138865091042, 2187.289945588819
489.24967074394226, 1404.636246456611, 2187.9443299725913
489.77626156806946, 1404.9421085286513, 2188.132052894104
490.0545165538788, 1404.9421085286513, 2188.132052894104
490.53622603416443, 1404.9421085286513, 2188.132052894104
491.2323615550995, 1403.4495292577403, 2188.510179048527
491.7639391422272, 1400.5144753207048, 2189.1722204157586
492.0461838245392, 1400.5144753207048, 2189.1722204157586
492.5408585071564, 1400.5144753207048, 2189.1722204157586
493.29484128952026, 1401.8375350981005, 2188.633241660452
493.8054733276367, 1404.2935890096844, 2188.3959729964804
494.26424407958984, 1396.7446350659302, 2189.079720205452
494.8466839790344, 1405.1313905796105, 2187.8540333330707
495.2934880256653, 1400.4716841515376, 2188.646048667778
495.55977511405945, 1400.4716841515376, 2188.646048667778
496.26488637924194, 1405.30892166923, 2187.170744902583
496.534166097641, 1405.30892166923, 2187.170744902583
497.2562325000763, 1403.9537272937152, 2187.951290766853
497.5524408817291, 1403.9537272937152, 2187.951290766853
498.27151441574097, 1404.865250942584, 2188.7826773447655
498.81705355644226, 1402.20803554248, 2188.291403005697
499.0594058036804, 1402.20803554248, 2188.291403005697
499.78845262527466, 1404.581773949883, 2187.90433468257
500.2731533050537, 1404.474704585581, 2187.892049697569
500.8017387390137, 1403.0780400593885, 2188.0185823491493
501.06204175949097, 1403.0780400593885, 2188.0185823491493
501.79607677459717, 1403.4847488378969, 2186.764421702282
502.2857654094696, 1403.2463327344674, 2187.6199579814456
502.7784469127655, 1406.7058551383511, 2187.5460778108923
503.24918580055237, 1404.5311231020116, 2188.1738785476064
503.7707886695862, 1399.3733579125203, 2188.9134671300667
504.2165949344635, 1402.5937027041946, 2188.6067773700697
504.56067419052124, 1402.5937027041946, 2188.6067773700697
505.35255432128906, 1398.373328669112, 2188.8776075865494
505.56299018859863, 1398.373328669112, 2188.8776075865494
506.3000159263611, 1402.3410281213535, 2188.278488670647
506.84356141090393, 1397.588970405385, 2188.552168786263
507.0470163822174, 1397.588970405385, 2188.552168786263
507.5526626110077, 1397.588970405385, 2188.552168786263
508.3186297416687, 1399.0343305887936, 2188.949391929242
508.5689594745636, 1399.0343305887936, 2188.949391929242
509.06662583351135, 1399.0343305887936, 2188.949391929242
509.5553183555603, 1399.0343305887936, 2188.949391929242
510.2414815425873, 1403.6128060132255, 2187.551697941562
510.550653219223, 1403.6128060132255, 2187.551697941562
511.2946608066559, 1400.4353959891039, 2187.908072589883
511.8136076927185, 1405.738426806635, 2186.442040533406
512.3202512264252, 1406.186116562345, 2187.0045101947617
512.5745701789856, 1406.186116562345, 2187.0045101947617
513.0722370147705, 1406.186116562345, 2187.0045101947617
513.5469677448273, 1406.186116562345, 2187.0045101947617
514.3278758525848, 1404.398117932753, 2187.523573022765
514.570226430893, 1404.398117932753, 2187.523573022765
515.0489444732666, 1404.398117932753, 2187.523573022765
515.5665583610535, 1404.398117932753, 2187.523573022765
516.0442795753479, 1404.398117932753, 2187.523573022765
516.8301758766174, 1402.2186864463565, 2187.261106730833
517.0475931167603, 1402.2186864463565, 2187.261106730833
517.5622148513794, 1402.2186864463565, 2187.261106730833
518.048912525177, 1402.2186864463565, 2187.261106730833
518.806883096695, 1396.385322184858, 2189.865618426756
519.2865979671478, 1395.0502222886953, 2189.251960504974
519.5488965511322, 1395.0502222886953, 2189.251960504974
520.0605256557465, 1395.0502222886953, 2189.251960504974
520.5601885318756, 1395.0502222886953, 2189.251960504974
521.2792632579803, 1397.8422474394313, 2188.9996793414066
521.5345778465271, 1397.8422474394313, 2188.9996793414066
522.2666194438934, 1398.2064673604596, 2189.2807846115907
522.8131556510925, 1396.1280985147696, 2189.750441709258
523.0455338954926, 1396.1280985147696, 2189.750441709258
523.5491855144501, 1396.1280985147696, 2189.750441709258
524.0697906017303, 1396.1280985147696, 2189.750441709258
524.7868704795837, 1401.3155331377382, 2188.247741532994
525.0551517009735, 1401.3155331377382, 2188.247741532994
525.5388562679291, 1401.3155331377382, 2188.247741532994
526.0564723014832, 1401.3155331377382, 2188.247741532994
526.7875139713287, 1404.7794655947337, 2187.7211693600593
527.253265619278, 1406.2821437792418, 2186.8441886907226
527.8367042541504, 1398.4776584786869, 2187.718447732107
528.2635624408722, 1404.62435360863, 2187.222269966237
528.8240594863892, 1399.3720130775623, 2188.7852641120744
529.0644164085388, 1399.3720130775623, 2188.7852641120744
529.5640783309937, 1399.3720130775623, 2188.7852641120744
530.2791645526886, 1398.2384122764636, 2188.4688944125346
530.8286943435669, 1397.1565866335252, 2189.0546386644655
531.0411243438721, 1397.1565866335252, 2189.0546386644655
531.8060748577118, 1397.6854841392396, 2189.078079430874
532.0643835067749, 1397.6854841392396, 2189.078079430874
532.8313300609589, 1402.2218090500428, 2188.4149443807855
533.2821235656738, 1401.6533168735255, 2188.375140299395
533.8466112613678, 1401.9489969049764, 2187.870911492133
534.0400936603546, 1401.9489969049764, 2187.870911492133
534.7691407203674, 1396.2574652005003, 2189.432696344618
535.0384202003479, 1396.2574652005003, 2189.432696344618
535.7864172458649, 1397.3183229215317, 2189.2497766106667
536.2402029037476, 1396.4642515100668, 2189.4408724328
536.80668592453, 1395.5121210944312, 2188.893443717827
537.2594740390778, 1396.6287546315646, 2188.808737198684
537.7830715179443, 1401.6301242732397, 2188.5015259984907
538.2587974071503, 1403.3372606715843, 2188.5778152060734
538.5530087947845, 1403.3372606715843, 2188.5778152060734
539.0596523284912, 1403.3372606715843, 2188.5778152060734
539.542361497879, 1403.3372606715843, 2188.5778152060734
540.2434854507446, 1401.1501517142754, 2188.4326492535347
540.8199391365051, 1399.6981704230163, 2189.1574313117676
541.066281080246, 1399.6981704230163, 2189.1574313117676
541.7943303585052, 1397.7902298688448, 2188.4750437993716
542.2790319919586, 1395.6075103982696, 2189.047997844422
542.544322013855, 1395.6075103982696, 2189.047997844422
543.0479736328125, 1395.6075103982696, 2189.047997844422
543.8039503097534, 1396.9743682335356, 2188.7033199349735
544.0602633953094, 1396.9743682335356, 2188.7033199349735
544.5619215965271, 1396.9743682335356, 2188.7033199349735
545.3019394874573, 1402.54961684741, 2188.382999933471
545.8414933681488, 1399.568471023057, 2188.5107182196457
546.3132314682007, 1398.2791095906257, 2187.9545211280433
546.8039166927338, 1394.7865519868237, 2189.400974143206
547.2716653347015, 1393.9554144571607, 2188.962261864049
547.5608901977539, 1393.9554144571607, 2188.962261864049
548.2819585800171, 1400.763139264963, 2188.1572669454445
548.8115410804749, 1396.904615515668, 2188.466128621888
549.2703120708466, 1395.7425225217246, 2188.970109289969
549.5525574684143, 1395.7425225217246, 2188.970109289969
550.259663105011, 1402.956608744798, 2188.283340390885
550.5558707714081, 1402.956608744798, 2188.283340390885
551.2559959888458, 1393.6993501955917, 2188.1990025969762
551.7865748405457, 1403.2671361701066, 2188.566087307684
552.2593085765839, 1403.098290422056, 2187.8563774970216
552.5605020523071, 1403.098290422056, 2187.8563774970216
553.2516524791718, 1399.997879511814, 2188.4674716586837
553.5438702106476, 1399.997879511814, 2188.4674716586837
554.2270402908325, 1399.0358207168176, 2188.714987411286
554.8314225673676, 1405.3657256521371, 2188.9558863079983
555.3340764045715, 1399.8202401395208, 2188.352921286213
555.8108007907867, 1401.003829861617, 2188.2349088622973
556.2955026626587, 1403.9313497771514, 2188.661755335271
556.8220911026001, 1403.464691544735, 2187.820222157457
557.030535697937, 1403.464691544735, 2187.820222157457
557.7974853515625, 1404.229845425089, 2188.3128689639857
558.0537974834442, 1404.229845425089, 2188.3128689639857
558.5544579029083, 1404.229845425089, 2188.3128689639857
559.3004598617554, 1397.07894329209, 2189.5413184926374
559.549792766571, 1397.07894329209, 2189.5413184926374
560.2479231357574, 1397.7042040924623, 2188.7314743654583
560.8014419078827, 1393.3368116227177, 2189.158646444929
561.2642018795013, 1396.007822685086, 2188.509051151261
561.5574169158936, 1396.007822685086, 2188.509051151261
562.2715046405792, 1395.0093554967484, 2188.8697433543575
562.8000888824463, 1393.845779151209, 2188.5515579873604
563.2708292007446, 1395.5276932915472, 2188.774240804517
563.7774729728699, 1395.1600243132875, 2189.2665415151646
564.24023270607, 1396.5529016334503, 2188.8078212236633
564.7777945995331, 1398.0492261068293, 2188.9447325943534
565.2096383571625, 1393.6930251210822, 2189.419154129503
565.5736622810364, 1393.6930251210822, 2189.419154129503
566.3356218338013, 1395.1554204659703, 2189.5560912011983
566.8203241825104, 1395.0331089175993, 2189.1899477824736
567.3000402450562, 1400.011407905546, 2188.015973904032
567.5613400936127, 1400.011407905546, 2188.015973904032
568.0600049495697, 1400.011407905546, 2188.015973904032
568.761127948761, 1399.8725495040765, 2188.4576978710757
569.2498185634613, 1397.8501915579566, 2188.5414884410566
569.5400416851044, 1397.8501915579566, 2188.5414884410566
570.2800602912903, 1402.4974412394326, 2187.1425700144587
570.8425533771515, 1401.3012326589574, 2188.0083255102772
571.0410220623016, 1401.3012326589574, 2188.0083255102772
571.8229296207428, 1391.363501918702, 2189.330716869166
572.2787086963654, 1396.3689045522387, 2188.4635323810735
572.8362157344818, 1397.793967575888, 2187.786435598485
573.0277030467987, 1397.793967575888, 2187.786435598485
573.7916569709778, 1392.9948083214667, 2188.821395600605
574.2713735103607, 1398.8358166996973, 2188.352939030334
574.8129231929779, 1399.7897797404719, 2188.6609926852584
575.0592637062073, 1399.7897797404719, 2188.6609926852584
575.5469574928284, 1399.7897797404719, 2188.6609926852584
576.2770030498505, 1397.1971908199048, 2188.3306931256557
576.8135678768158, 1394.3561673251645, 2189.375252048629
577.0349726676941, 1394.3561673251645, 2189.375252048629
577.7899525165558, 1394.3040888215542, 2188.429778098048
578.0751872062683, 1394.3040888215542, 2188.429778098048
578.5658736228943, 1394.3040888215542, 2188.429778098048
579.0545654296875, 1394.3040888215542, 2188.429778098048
579.830488204956, 1391.9905526742682, 2189.4160740614802
580.0708439350128, 1391.9905526742682, 2189.4160740614802
580.8477647304535, 1393.4232994599938, 2189.675686958752
581.3005509376526, 1393.882183531066, 2189.4738819615654
581.8221566677094, 1393.8323719964092, 2190.381586064313
582.3198218345642, 1391.4608457541124, 2189.6236339818906
582.8444182872772, 1391.3119549060611, 2189.4309483094594
583.2513282299042, 1390.86204616105, 2189.408637464149
583.8068399429321, 1386.0145861936849, 2190.276472990255
584.0691392421722, 1386.0145861936849, 2190.276472990255
584.7862179279327, 1391.4457666343994, 2189.0901277006014
585.0415344238281, 1391.4457666343994, 2189.0901277006014
585.7975106239319, 1396.4559641697394, 2188.27268351907
586.2403237819672, 1396.9457003757557, 2187.4924113453026
586.8217678070068, 1395.5526186268366, 2188.403805156483
587.2785444259644, 1391.1633164815055, 2188.4950822032606
587.7841918468475, 1396.1898710817454, 2187.770500958133
588.2534484863281, 1395.8561887891794, 2188.4901861479275
588.7690672874451, 1390.9383192988255, 2189.0713865814255
589.2378115653992, 1391.907363645691, 2188.795333047547
589.5340180397034, 1391.907363645691, 2188.795333047547
590.301962852478, 1398.645635491514, 2188.0647069961337
590.5502979755402, 1398.645635491514, 2188.0647069961337
591.0489635467529, 1398.645635491514, 2188.0647069961337
591.7730238437653, 1395.4135675279733, 2188.9193009736273
592.2976200580597, 1401.1016518850943, 2187.879124582407
592.794290304184, 1400.3595263632626, 2188.267376852663
593.2680206298828, 1397.8099531740227, 2188.7596417557575
593.827526807785, 1393.322680166911, 2188.567772003615
594.0399537086487, 1393.322680166911, 2188.567772003615
594.7879509925842, 1390.5577088864081, 2189.015001963381
595.2646749019623, 1396.1488557822715, 2187.6962921389995
595.8042328357697, 1397.0758759178793, 2186.8089192546695
596.2959139347076, 1397.3266849827914, 2187.7615681605316
596.8384602069855, 1397.7959070778174, 2189.0716440568663
597.2892537117004, 1397.8378912021833, 2187.903523841223
597.811854839325, 1396.719097012695, 2188.3417122540745
598.0402421951294, 1396.719097012695, 2188.3417122540745
598.534919500351, 1396.719097012695, 2188.3417122540745
599.2859072685242, 1399.173018866567, 2188.5110701233566
599.7965404987335, 1398.5191371358549, 2188.3035022315858
600.2493281364441, 1396.8506398799643, 2188.014343365438
600.808830499649, 1397.3458497021957, 2188.1525818266473
601.2636127471924, 1398.5914255247071, 2187.6924705596584
601.5508439540863, 1398.5914255247071, 2187.6924705596584
602.0475118160248, 1398.5914255247071, 2187.6924705596584
602.7795526981354, 1394.0660653233376, 2187.9995041056645
603.2881903648376, 1393.4048231223044, 2188.9108518115413
603.5554754734039, 1393.4048231223044, 2188.9108518115413
604.0591263771057, 1393.4048231223044, 2188.9108518115413
604.7662346363068, 1392.0823508876258, 2188.683415326666
605.2698838710785, 1393.7118531819772, 2189.3080693638058
605.5511312484741, 1393.7118531819772, 2189.3080693638058
606.0298495292664, 1393.7118531819772, 2189.3080693638058
606.7838311195374, 1399.3266919892499, 2187.878698702988
607.281468629837, 1393.5947892336799, 2189.230531517933
607.8230187892914, 1394.729851406538, 2188.120779409283
608.2638375759125, 1396.6853148315918, 2188.0205492770665
608.8333132266998, 1398.404996416122, 2188.432588117631
609.2771248817444, 1397.8940986716232, 2187.4163675153272
609.7917470932007, 1398.5651604944396, 2187.483092433323
610.283430814743, 1400.156027941588, 2186.929325587959
610.8000478744507, 1399.6454670649532, 2188.067535784398
611.0423982143402, 1399.6454670649532, 2188.067535784398
611.7893989086151, 1399.2143505196154, 2188.1946334819395
612.2691130638123, 1400.3217205252422, 2188.671357673726
612.8036818504333, 1397.104088834236, 2188.4615708848187
613.0440375804901, 1397.104088834236, 2188.4615708848187
613.7671022415161, 1396.5744585309153, 2188.2952880420603
614.2567920684814, 1395.229650688623, 2188.2886893898335
614.7614407539368, 1394.8576868954806, 2188.2986636744536
615.23317694664, 1391.2762408635092, 2188.6554618359974
615.8305773735046, 1390.632661037694, 2189.528502940942
616.3362243175507, 1397.5585356961933, 2189.148568643392
616.7700610160828, 1396.6774439030075, 2188.26475728433
617.2687258720398, 1390.6923516307027, 2189.146810358582
617.7913265228271, 1391.9284622149696, 2188.350068362307
618.0406594276428, 1391.9284622149696, 2188.350068362307
618.5453088283539, 1391.9284622149696, 2188.350068362307
619.2903127670288, 1394.4788418239102, 2188.9798142379714
619.8627812862396, 1396.051868531367, 2189.708230111962
620.8012685775757, 1399.0089105049635, 2188.417358700261
621.2779912948608, 1398.4925287067147, 2188.144483291073
621.574197769165, 1398.4925287067147, 2188.144483291073
622.0429427623749, 1398.4925287067147, 2188.144483291073
622.8088932037354, 1400.5952027624326, 2187.3032325288946
623.0462553501129, 1400.5952027624326, 2187.3032325288946
623.546915769577, 1400.5952027624326, 2187.3032325288946
624.2789554595947, 1401.2381688227354, 2188.5431329593716
624.8304789066315, 1404.4259505052714, 2186.1596115959974
625.2872567176819, 1397.451641579999, 2187.846518168141
625.8238203525543, 1397.4955969728096, 2189.1434597857906
626.2925636768341, 1401.2161692450054, 2188.1942236244504
626.8271327018738, 1404.747797392422, 2186.780753935332
627.2460131645203, 1400.0369097859889, 2188.0605283087057
627.8214695453644, 1395.6473084017168, 2188.736819928058
628.2533133029938, 1402.1914545222273, 2187.6742536403535
628.798853635788, 1403.2438739058657, 2187.283415403722
629.0511770248413, 1403.2438739058657, 2187.283415403722
629.5508387088776, 1403.2438739058657, 2187.283415403722
630.2619364261627, 1400.9050818268404, 2187.7736011745715
630.5531556606293, 1400.9050818268404, 2187.7736011745715
631.0268864631653, 1400.9050818268404, 2187.7736011745715
631.537520647049, 1400.9050818268404, 2187.7736011745715
632.2456240653992, 1399.916909527023, 2187.6962320180205
632.7961497306824, 1403.536207785207, 2187.1452729706643
633.0315194129944, 1403.536207785207, 2187.1452729706643
633.7476027011871, 1394.8771062468388, 2188.484110308439
634.2542455196381, 1396.3983191090738, 2188.752815385206
634.8735861778259, 1400.3299157527244, 2188.399312242359
635.7671937942505, 1405.03296952078, 2188.475726856524
636.2708451747894, 1399.536936610978, 2188.2032282370037
636.820374250412, 1399.9428277995164, 2187.738469484296
637.0617277622223, 1399.9428277995164, 2187.738469484296
637.7847917079926, 1400.0820474896589, 2187.643319028029
638.2804656028748, 1400.2715494709782, 2187.476984107236
638.832985162735, 1400.4336242673558, 2187.924279899158
639.2668263912201, 1397.6993652691724, 2189.4237061217286
639.5550520420074, 1397.6993652691724, 2189.4237061217286
640.2671444416046, 1400.9332212909417, 2189.233075447958
640.8256487846375, 1400.085705864281, 2189.60873182823
641.2525057792664, 1394.880904637307, 2190.1161514535324
641.79505443573, 1398.3401326951646, 2189.2413327767113
642.2727751731873, 1404.070196535405, 2187.9615094863548
642.7973699569702, 1400.2882786683012, 2189.528879982375
643.0407183170319, 1400.2882786683012, 2189.528879982375
643.8136484622955, 1400.003556555831, 2189.766956870969
644.0470254421234, 1400.003556555831, 2189.766956870969
644.7910315990448, 1396.735520662381, 2188.6276333684486
645.0413603782654, 1396.735520662381, 2188.6276333684486
645.8372302055359, 1395.5015168455102, 2189.284823683721
646.3837668895721, 1390.5826054793038, 2190.6880292023748
647.3043019771576, 1397.1599763002844, 2188.5803015378824
647.5596189498901, 1397.1599763002844, 2188.5803015378824
648.2657294273376, 1402.6043496041332, 2188.7584596291804
648.8342061042786, 1395.5501665284967, 2188.9185836407373
649.3248920440674, 1398.5655131729154, 2188.355128238913
649.8056044578552, 1396.3561316720268, 2189.956217450384
650.0389788150787, 1396.3561316720268, 2189.956217450384
650.7969508171082, 1397.5005501993926, 2188.694099441496
651.291624546051, 1397.1466447889354, 2188.991476733191
651.8311808109283, 1399.3245434710523, 2188.764360695551
652.2729969024658, 1400.7895985498446, 2188.833411094586
652.5711991786957, 1400.7895985498446, 2188.833411094586
653.2892775535583, 1399.9785241881284, 2188.783918065029
653.7929275035858, 1400.8723784303565, 2189.3272189656163
654.2666597366333, 1407.5449771821798, 2187.360111883481
654.8241662979126, 1401.7708156711078, 2188.4953497816164
655.2829384803772, 1404.5807297574509, 2188.6030125766097
655.5462331771851, 1404.5807297574509, 2188.6030125766097
656.2782728672028, 1398.7690451804574, 2189.685005342132
656.8078546524048, 1396.0741593129649, 2190.037495497545
657.2686221599579, 1398.529493546816, 2188.531767532296
657.5528604984283, 1398.529493546816, 2188.531767532296
658.0465393066406, 1398.529493546816, 2188.531767532296
658.5621612071991, 1398.529493546816, 2188.531767532296
659.0418734550476, 1398.529493546816, 2188.531767532296
659.7729160785675, 1397.3742979785059, 2188.7185873589015
660.2426569461823, 1399.7596663832596, 2188.3396624761804
660.8071458339691, 1402.7582836906695, 2187.8948586714373
661.2978336811066, 1398.5021854523995, 2188.688348094135
661.7865242958069, 1398.521460068989, 2188.615736117094
662.0518138408661, 1398.521460068989, 2188.615736117094
662.7509412765503, 1393.0948609560346, 2189.9177368341293
663.2436232566833, 1399.7342156569443, 2189.5062723432734
663.8440141677856, 1397.5145711498737, 2189.930788330969
664.0674161911011, 1397.5145711498737, 2189.930788330969
664.7525813579559, 1392.775829265406, 2190.093952741998
665.2422709465027, 1397.624015454717, 2189.5355839557287
665.7888076305389, 1398.8736649508826, 2189.030793028515
666.0560932159424, 1398.8736649508826, 2189.030793028515
666.8030915260315, 1403.4249996591836, 2187.495223670496
667.293778181076, 1401.7350555606945, 2188.2619951469933
667.8283462524414, 1398.3735017411345, 2189.2699615954484
668.2891118526459, 1398.6708911591793, 2187.8963892300594
668.8226842880249, 1393.721900074606, 2190.116253758426
669.2814555168152, 1404.4000341709823, 2187.7463021342573
669.8190169334412, 1401.3265297661799, 2188.111378016627
670.240886926651, 1398.9614576278661, 2188.7330938376763
670.792409658432, 1397.0131740676923, 2189.28592236782
671.2990536689758, 1398.934158504847, 2188.325427046269
671.8156700134277, 1402.3659607578784, 2188.2958338399076
672.0650022029877, 1402.3659607578784, 2188.2958338399076
672.8419237136841, 1392.3961957515253, 2190.3275041636575
673.3156530857086, 1404.6215932983307, 2188.2361201122144
673.8522183895111, 1399.9199299212896, 2189.0111030543712
674.0935714244843, 1399.9199299212896, 2189.0111030543712
674.5433659553528, 1399.9199299212896, 2189.0111030543712
675.2474801540375, 1397.552060655964, 2189.1500923930666
675.8309192657471, 1395.3513591024002, 2188.5779547185584
676.3206074237823, 1403.01316796824, 2188.107966141066
676.5659511089325, 1403.01316796824, 2188.107966141066
677.3189351558685, 1398.901213641469, 2188.744520797705
677.8574924468994, 1401.2712098607608, 2189.2376673169188
678.0599505901337, 1401.2712098607608, 2189.2376673169188
678.7590773105621, 1396.89150421586, 2189.4436728171854
679.0512955188751, 1396.89150421586, 2189.4436728171854
679.3774223327637, 1396.89150421586, 2189.4436728171854
679.8222303390503, 1400.3849559958317, 2188.9552884668597
680.2820007801056, 1398.5060830840239, 2189.0932567395516
680.7826595306396, 1398.698636137038, 2188.3701210120653
681.1815931797028, 1401.0854860249594, 2189.1126707990297
681.6413607597351, 1397.3583332486244, 2189.7523729007107
682.052259683609, 1396.4513268923342, 2189.2673907075105
682.4910848140717, 1398.2411271278086, 2189.71233201837
682.9648189544678, 1398.0501118440825, 2189.3542999549672
683.8075602054596, 1397.0166430721683, 2189.214013137422
684.2962510585785, 1397.6789619295425, 2188.2925738132644
684.7261016368866, 1395.3803554078254, 2188.9504657474204
685.1419856548309, 1396.5760681864388, 2189.802569588184
685.8141868114471, 1393.1615303943306, 2190.2233980639917
686.2839286327362, 1397.8019564207118, 2188.9137917923326
686.8155052661896, 1404.424209915358, 2188.397054165614
687.2573227882385, 1394.7663160108682, 2190.068997697556
687.548543214798, 1394.7663160108682, 2190.068997697556
688.282577753067, 1397.4428332947284, 2189.402604476343
688.5488648414612, 1397.4428332947284, 2189.402604476343
689.0395512580872, 1397.4428332947284, 2189.402604476343
689.5551710128784, 1397.4428332947284, 2189.402604476343
690.0468542575836, 1397.4428332947284, 2189.402604476343
690.553496837616, 1397.4428332947284, 2189.402604476343
691.2875318527222, 1403.5228585699622, 2187.9944460446263
691.8310761451721, 1403.3927335613641, 2187.131625216253
692.0494906902313, 1403.3927335613641, 2187.131625216253
692.5551362037659, 1403.3927335613641, 2187.131625216253
693.0318605899811, 1403.3927335613641, 2187.131625216253
693.7668917179108, 1406.1102128820946, 2187.7094229288405
694.0331797599792, 1406.1102128820946, 2187.7094229288405
694.8240625858307, 1397.6069560502, 2189.5676094463274
695.333696603775, 1397.130521292955, 2188.6058526805627
695.8014440536499, 1402.483239401047, 2188.023494920892
696.2681951522827, 1402.7994467058595, 2187.8213732959784
696.8037600517273, 1408.9439123065238, 2185.9084354987626
697.2605369091034, 1397.2829528754035, 2188.4967644180497
697.7931113243103, 1394.17757345245, 2189.6049078656124
698.0334675312042, 1394.17757345245, 2189.6049078656124
698.8323295116425, 1407.1881337581915, 2188.058336878461
699.3469529151917, 1404.7648705529782, 2188.245468798585
699.5553920269012, 1404.7648705529782, 2188.245468798585
700.25053191185, 1404.2310723495837, 2187.9897310865636
700.8050467967987, 1404.6761415104736, 2187.6554764608463
701.0434081554413, 1404.6761415104736, 2187.6554764608463
701.825315952301, 1402.9408119659377, 2188.2950471038384
702.28009724617, 1409.8522560766792, 2186.5929297042935
702.5573544502258, 1409.8522560766792, 2186.5929297042935
703.2764294147491, 1400.298480379851, 2189.0736409194074
703.8100016117096, 1399.2308596454852, 2189.193048663751
704.2917101383209, 1400.653724014054, 2189.2625990562074
704.8312664031982, 1400.518611630926, 2189.0672045390706
705.0436964035034, 1400.518611630926, 2189.0672045390706
705.7677581310272, 1399.8272510915483, 2189.4141297249394
706.0430219173431, 1399.8272510915483, 2189.4141297249394
706.7660851478577, 1399.7599778063768, 2189.3187412447896
707.263754606247, 1392.3739317215195, 2189.7894296102995
707.8082942962646, 1393.907123933348, 2190.8742032426653
708.3104634284973, 1399.0136775186877, 2189.221052487407
708.801150560379, 1400.588499983121, 2189.390419293615
709.2938301563263, 1399.3524017522664, 2189.291286135115
709.8812580108643, 1396.1226626140033, 2189.227059012329
710.5634307861328, 1396.1226626140033, 2189.227059012329
711.071070432663, 1396.1226626140033, 2189.227059012329
711.5787115097046, 1396.1226626140033, 2189.227059012329
712.293797492981, 1397.2461170553029, 2186.771202306151
712.5800302028656, 1397.2461170553029, 2186.771202306151
713.356950044632, 1402.639159906292, 2186.7657042123765
713.8695785999298, 1400.0411591078596, 2186.832016409642
714.5417785644531, 1400.0411591078596, 2186.832016409642
715.2508795261383, 1392.8184039509242, 2187.158727573043
715.8233456611633, 1392.5862966880884, 2187.425401200427
716.2900958061218, 1392.0890781681192, 2187.889158991952
716.8595714569092, 1396.2868049811009, 2188.549557473235
717.0430810451508, 1396.2868049811009, 2188.549557473235
717.7741227149963, 1408.4565815721407, 2188.1256003978256
718.2418701648712, 1405.0897922475158, 2189.2126264027447
718.5510423183441, 1405.0897922475158, 2189.2126264027447
719.230224609375, 1402.986430165912, 2190.2145395144157
719.8136615753174, 1404.8596196558447, 2191.662674463339
720.0560119152069, 1404.8596196558447, 2191.662674463339
720.7790763378143, 1414.2825935511905, 2190.7403281658794
721.2707602977753, 1414.525873090686, 2191.7838065200663
721.8312592506409, 1414.4400048534133, 2193.2513617102
722.3379023075104, 1415.6484056458637, 2192.886969965401
722.8026578426361, 1413.293374318221, 2194.0533984008625
723.2963364124298, 1419.267998277911, 2193.464871599976
723.5715985298157, 1419.267998277911, 2193.464871599976
724.2737190723419, 1421.2320842198142, 2192.5267734164577
724.7803630828857, 1423.3806653030044, 2192.8351226141526
725.0376751422882, 1423.3806653030044, 2192.8351226141526
