time, x0, y0, x1, y1...
2.9610748291015625, 20.0, 20.0
3.438796281814575, 20.0, 20.0
3.930480718612671, 20.0, 20.0
4.440114498138428, 20.0, 20.0
5.2150397300720215, 1114.032953591601, 2342.268242652198
5.715701341629028, 1115.864704029851, 2343.469092222633
7.814083099365234, 1117.1321007254073, 2340.25150509964
8.381564140319824, 1115.0949999123302, 2341.1246552436482
8.596987247467041, 1115.0949999123302, 2341.1246552436482
9.080693483352661, 1115.0949999123302, 2341.1246552436482
9.589333057403564, 1115.0949999123302, 2341.1246552436482
10.07004451751709, 1115.0949999123302, 2341.1246552436482
10.863918781280518, 1117.296873064227, 2345.412119286759
11.093304872512817, 1117.296873064227, 2345.412119286759
11.586984157562256, 1117.296873064227, 2345.412119286759
11.926076412200928, 1117.296873064227, 2345.412119286759
12.084651470184326, 1117.296873064227, 2345.412119286759
12.573343515396118, 1117.296873064227, 2345.412119286759
13.087966442108154, 1117.296873064227, 2345.412119286759
13.851920366287231, 1113.842066623801, 2344.364156397396
14.348591089248657, 1116.3912335857829, 2342.6367970301776
14.46129035949707, 1116.3912335857829, 2342.6367970301776
14.588947772979736, 1116.3912335857829, 2342.6367970301776
15.064674139022827, 1116.3912335857829, 2342.6367970301776
15.584282875061035, 1116.3912335857829, 2342.6367970301776
16.334275484085083, 1117.810359327587, 2343.8283822649632
16.592583894729614, 1117.810359327587, 2343.8283822649632
17.343574047088623, 1113.3009608150842, 2343.6273112762674
17.580939054489136, 1113.3009608150842, 2343.6273112762674
18.101545572280884, 1113.3009608150842, 2343.6273112762674
18.578270435333252, 1113.3009608150842, 2343.6273112762674
19.36017632484436, 1119.5785087922782, 2346.552907118508
19.589563369750977, 1119.5785087922782, 2346.552907118508
20.08324146270752, 1119.5785087922782, 2346.552907118508
20.585895776748657, 1119.5785087922782, 2346.552907118508
21.365806579589844, 1119.6615574898397, 2344.2886791596093
21.58920907974243, 1119.6615574898397, 2344.2886791596093
22.06493616104126, 1119.6615574898397, 2344.2886791596093
22.612470865249634, 1119.6615574898397, 2344.2886791596093
23.076229572296143, 1119.6615574898397, 2344.2886791596093
23.840184926986694, 1123.6103926853432, 2345.5395093930747
24.083532333374023, 1123.6103926853432, 2345.5395093930747
24.868431568145752, 1123.2529137939616, 2346.339517642411
25.088842630386353, 1123.2529137939616, 2346.339517642411
25.859777212142944, 1121.695412410762, 2343.703919393533
26.09315323829651, 1121.695412410762, 2343.703919393533
26.592816591262817, 1121.695412410762, 2343.703919393533
27.087491273880005, 1121.695412410762, 2343.703919393533
27.604109525680542, 1121.695412410762, 2343.703919393533
28.35809063911438, 1100.6438631243811, 2335.501522373945
28.616400003433228, 1100.6438631243811, 2335.501522373945
29.10908031463623, 1100.6438631243811, 2335.501522373945
29.589794397354126, 1100.6438631243811, 2335.501522373945
30.097434043884277, 1100.6438631243811, 2335.501522373945
30.57615375518799, 1100.6438631243811, 2335.501522373945
31.102744340896606, 1100.6438631243811, 2335.501522373945
31.596421718597412, 1100.6438631243811, 2335.501522373945
32.10904908180237, 1100.6438631243811, 2335.501522373945
32.59275555610657, 1100.6438631243811, 2335.501522373945
33.09241700172424, 1100.6438631243811, 2335.501522373945
33.60205364227295, 1100.6438631243811, 2335.501522373945
34.34506440162659, 736.4467903858871, 2307.7749792698974
34.59639120101929, 736.4467903858871, 2307.7749792698974
35.36134433746338, 735.4520931471467, 2307.259525951624
35.58873534202576, 735.4520931471467, 2307.259525951624
36.35967230796814, 734.4432425297446, 2307.776666676429
36.60002899169922, 734.4432425297446, 2307.776666676429
37.35201454162598, 734.9562883551545, 2307.1927609263744
37.58938002586365, 734.9562883551545, 2307.1927609263744
38.39322781562805, 737.0310901980574, 2307.3090961825537
38.508918046951294, 737.0310901980574, 2307.3090961825537
38.64854454994202, 737.0310901980574, 2307.3090961825537
39.09734320640564, 737.0310901980574, 2307.3090961825537
39.597007751464844, 737.0310901980574, 2307.3090961825537
40.37492299079895, 737.8263663775176, 2308.229728831108
40.58236885070801, 737.8263663775176, 2308.229728831108
41.0690655708313, 737.8263663775176, 2308.229728831108
41.5896737575531, 737.8263663775176, 2308.229728831108
42.08235430717468, 737.8263663775176, 2308.229728831108
42.837331771850586, 735.72221283628, 2307.81584453402
43.084670066833496, 735.72221283628, 2307.81584453402
43.61624622344971, 735.72221283628, 2307.81584453402
44.092971324920654, 735.72221283628, 2307.81584453402
44.86590218544006, 735.2231349286903, 2304.5064850774843
45.09329390525818, 735.2231349286903, 2304.5064850774843
45.8841769695282, 736.404936831081, 2307.2819281153866
46.082645893096924, 736.404936831081, 2307.2819281153866
46.58928894996643, 736.404936831081, 2307.2819281153866
47.0949342250824, 736.404936831081, 2307.2819281153866
47.57465147972107, 736.404936831081, 2307.2819281153866
48.09525799751282, 736.404936831081, 2307.2819281153866
48.58295178413391, 736.404936831081, 2307.2819281153866
49.07762861251831, 736.404936831081, 2307.2819281153866
49.828617811203, 734.4258197725127, 2306.1010545063477
50.101886510849, 734.4258197725127, 2306.1010545063477
50.783064126968384, 735.7410535367153, 2305.970935223839
51.09622502326965, 735.7410535367153, 2305.970935223839
51.845219135284424, 736.5700889190392, 2305.6512598628274
52.073609352111816, 736.5700889190392, 2305.6512598628274
52.58523893356323, 736.5700889190392, 2305.6512598628274
53.07393193244934, 736.5700889190392, 2305.6512598628274
53.85384511947632, 737.2980906827956, 2308.3065913989108
54.0672721862793, 737.2980906827956, 2308.3065913989108
54.58289122581482, 737.2980906827956, 2308.3065913989108
55.30695390701294, 739.5077971558675, 2308.742219803655
55.59119272232056, 739.5077971558675, 2308.742219803655
56.36212944984436, 738.6180426740119, 2307.235088198396
56.59251284599304, 738.6180426740119, 2307.235088198396
57.329538345336914, 739.3673807493358, 2307.84058797792
57.440242528915405, 739.3673807493358, 2307.84058797792
57.870091915130615, 740.212734183571, 2308.1893761074275
58.09648633003235, 740.212734183571, 2308.1893761074275
58.581188440322876, 740.212734183571, 2308.1893761074275
59.07985329627991, 740.212734183571, 2308.1893761074275
59.856773853302, 738.0874251959397, 2308.543067711583
60.09114623069763, 738.0874251959397, 2308.543067711583
60.590808629989624, 738.0874251959397, 2308.543067711583
61.096455574035645, 738.0874251959397, 2308.543067711583
61.78660845756531, 738.1613899133732, 2306.765837977599
62.300232887268066, 739.7153217085607, 2307.2748945434055
62.56851387023926, 739.7153217085607, 2307.2748945434055
63.08213996887207, 739.7153217085607, 2307.2748945434055
63.596763372421265, 739.7153217085607, 2307.2748945434055
64.09542727470398, 739.7153217085607, 2307.2748945434055
64.59309601783752, 739.7153217085607, 2307.2748945434055
65.07779836654663, 739.7153217085607, 2307.2748945434055
65.5894284248352, 739.7153217085607, 2307.2748945434055
66.35737228393555, 739.6914801860488, 2307.2187917453607
66.586758852005, 739.6914801860488, 2307.2187917453607
67.3626811504364, 743.3278532140298, 2309.259879718738
67.59007549285889, 743.3278532140298, 2309.259879718738
68.3510365486145, 742.612716887881, 2305.9112993285344
68.59338736534119, 742.612716887881, 2305.9112993285344
69.38327264785767, 741.2675205475668, 2306.938249603863
69.59171485900879, 741.2675205475668, 2306.938249603863
70.35766506195068, 741.517596625062, 2306.640248696968
70.58704996109009, 741.517596625062, 2306.640248696968
71.36496829986572, 743.3159758289024, 2307.0540086126884
71.59734606742859, 743.3159758289024, 2307.0540086126884
72.30345559120178, 737.703961666801, 2306.0755189461956
72.58570075035095, 737.703961666801, 2306.0755189461956
73.06442070007324, 737.703961666801, 2306.0755189461956
73.59998559951782, 737.703961666801, 2306.0755189461956
74.2981173992157, 738.448813607326, 2305.626827266963
74.59133338928223, 738.448813607326, 2305.626827266963
75.0690529346466, 738.448813607326, 2305.626827266963
75.83999180793762, 736.0091170402104, 2309.5697746191436
76.09630370140076, 736.0091170402104, 2309.5697746191436
76.85926055908203, 738.4749763749095, 2307.0424910018814
77.08266305923462, 738.4749763749095, 2307.0424910018814
77.86058044433594, 738.4953369646774, 2308.2782391808078
78.09395551681519, 738.4953369646774, 2308.2782391808078
78.584641456604, 738.4953369646774, 2308.2782391808078
79.09028816223145, 738.4953369646774, 2308.2782391808078
79.56900835037231, 738.4953369646774, 2308.2782391808078
80.07764673233032, 738.4953369646774, 2308.2782391808078
80.85955286026001, 740.6370919133776, 2308.010498650331
81.09193134307861, 740.6370919133776, 2308.010498650331
81.82696318626404, 734.6081929202027, 2309.876545581325
82.10023069381714, 734.6081929202027, 2309.876545581325
82.77642059326172, 736.2079119493903, 2308.6615960670847
83.72986936569214, 738.7948316491503, 2306.0371068706586
84.1118471622467, 738.7948316491503, 2306.0371068706586
84.8119728565216, 737.4322421597074, 2306.9626825435043
85.34953355789185, 739.673612643494, 2306.0956559041756
85.60285544395447, 739.673612643494, 2306.0956559041756
86.3239254951477, 738.7370354647032, 2307.6585881463025
86.81361484527588, 738.5860977937717, 2307.3622469659967
87.35915493965149, 737.4537315978775, 2307.0885162085606
87.5985152721405, 737.4537315978775, 2307.0885162085606
88.11014485359192, 737.4537315978775, 2307.0885162085606
88.59185576438904, 737.4537315978775, 2307.0885162085606
89.10847330093384, 737.4537315978775, 2307.0885162085606
89.59317588806152, 737.4537315978775, 2307.0885162085606
90.08685278892517, 737.4537315978775, 2307.0885162085606
90.60546565055847, 737.4537315978775, 2307.0885162085606
91.36144089698792, 298.84041955914364, 2314.1605680176967
91.60977792739868, 298.84041955914364, 2314.1605680176967
92.36874508857727, 220.70272159408623, 2309.845084275427
92.60810422897339, 220.70272159408623, 2309.845084275427
93.38801598548889, 371.30764771650087, 2317.467457249086
93.60942363739014, 371.30764771650087, 2317.467457249086
94.08714413642883, 371.30764771650087, 2317.467457249086
94.60775113105774, 371.30764771650087, 2317.467457249086
95.12137651443481, 371.30764771650087, 2317.467457249086
95.60607933998108, 371.30764771650087, 2317.467457249086
96.39098024368286, 396.5330542907132, 2316.915338608263
96.87468338012695, 480.08156307183845, 2313.677523400255
97.38032984733582, 479.47821846537704, 2313.963578641135
97.88298463821411, 477.8722574877517, 2313.3329617327086
98.08943128585815, 477.8722574877517, 2313.3329617327086
98.88430333137512, 484.4535105140305, 2313.3849978216253
99.08576560020447, 484.4535105140305, 2313.3849978216253
99.85370826721191, 482.71083929680447, 2312.2460414785405
100.09506392478943, 482.71083929680447, 2312.2460414785405
100.87896394729614, 482.9706989147288, 2310.1876934766324
101.0993754863739, 482.9706989147288, 2310.1876934766324
101.8762936592102, 479.37435918642325, 2311.56215552615
102.09770321846008, 479.37435918642325, 2311.56215552615
102.58839058876038, 479.37435918642325, 2311.56215552615
103.09303736686707, 479.37435918642325, 2311.56215552615
103.81011891365051, 484.13650767669685, 2314.7372697404176
104.09934401512146, 484.13650767669685, 2314.7372697404176
104.56609416007996, 484.13650767669685, 2314.7372697404176
105.35099291801453, 483.63868117575464, 2312.679932393305
105.83569693565369, 486.5573632732083, 2313.0502468440127
106.09101295471191, 486.5573632732083, 2313.0502468440127
106.58967733383179, 486.5573632732083, 2313.0502468440127
107.36958956718445, 487.22638164307364, 2315.0042228641155
107.85030269622803, 487.9464021309987, 2315.443897879187
108.11160326004028, 487.9464021309987, 2315.443897879187
108.59830117225647, 487.9464021309987, 2315.443897879187
109.09796404838562, 487.9464021309987, 2315.443897879187
109.6006178855896, 487.9464021309987, 2315.443897879187
110.076345205307, 487.9464021309987, 2315.443897879187
110.6049292087555, 487.9464021309987, 2315.443897879187
111.34794020652771, 482.5417244508144, 2312.359585741926
111.60924172401428, 482.5417244508144, 2312.359585741926
112.08995532989502, 482.5417244508144, 2312.359585741926
113.78541684150696, 26.010815913016437, 871.9872592225262
114.99617505073547, 26.010815913016437, 871.9872592225262
115.83692455291748, 485.1707785870833, 2315.8589751700147
116.0982255935669, 485.1707785870833, 2315.8589751700147
116.60786175727844, 485.1707785870833, 2315.8589751700147
117.10153913497925, 485.1707785870833, 2315.8589751700147
117.59621524810791, 485.1707785870833, 2315.8589751700147
118.08690404891968, 485.1707785870833, 2315.8589751700147
118.87279725074768, 484.3812563884485, 2326.1081754011257
119.12113332748413, 484.3812563884485, 2326.1081754011257
119.60284447669983, 484.3812563884485, 2326.1081754011257
120.09353065490723, 484.3812563884485, 2326.1081754011257
120.87942695617676, 480.88461327122735, 2321.565387617574
121.09884142875671, 480.88461327122735, 2321.565387617574
121.86479210853577, 485.18773444820306, 2325.074012148241
122.11212682723999, 485.18773444820306, 2325.074012148241
122.894033908844, 482.8224404469608, 2322.778583662089
123.11344599723816, 482.8224404469608, 2322.778583662089
123.87042093276978, 483.1514961557539, 2322.93574919678
124.3810555934906, 481.8095947128407, 2322.452816345267
124.6054527759552, 481.8095947128407, 2322.452816345267
125.10711026191711, 481.8095947128407, 2322.452816345267
125.60278248786926, 481.8095947128407, 2322.452816345267
126.37371873855591, 1594.8860737444782, 2319.361204352449
126.61008715629578, 1594.8860737444782, 2319.361204352449
127.11274194717407, 1594.8860737444782, 2319.361204352449
127.60442447662354, 1594.8860737444782, 2319.361204352449
128.10907578468323, 1594.8860737444782, 2319.361204352449
128.61671447753906, 1594.8860737444782, 2319.361204352449
129.0924425125122, 1594.8860737444782, 2319.361204352449
129.88531947135925, 731.6141134523499, 2287.6773756375665
130.38498091697693, 732.2282675835462, 2287.61844080149
130.5974133014679, 732.2282675835462, 2287.61844080149
131.11203622817993, 732.2282675835462, 2287.61844080149
131.62067484855652, 732.2282675835462, 2287.61844080149
132.09839725494385, 732.2282675835462, 2287.61844080149
132.61600947380066, 732.2282675835462, 2287.61844080149
133.0927345752716, 732.2282675835462, 2287.61844080149
133.62331414222717, 732.2282675835462, 2287.61844080149
134.11799144744873, 732.2282675835462, 2287.61844080149
134.60668230056763, 732.2282675835462, 2287.61844080149
135.0993628501892, 732.2282675835462, 2287.61844080149
135.9111888408661, 847.217693285365, 2272.470909079921
136.111652135849, 847.217693285365, 2272.470909079921
136.61729979515076, 847.217693285365, 2272.470909079921
137.13192105293274, 847.217693285365, 2272.470909079921
137.61363196372986, 847.217693285365, 2272.470909079921
138.10431814193726, 847.217693285365, 2272.470909079921
138.61096262931824, 847.217693285365, 2272.470909079921
139.10264682769775, 847.217693285365, 2272.470909079921
139.59831857681274, 847.217693285365, 2272.470909079921
140.3702528476715, 774.8294844156932, 2274.8276368276174
140.6086139678955, 774.8294844156932, 2274.8276368276174
141.36459159851074, 774.1453369603166, 2272.688134086731
141.6019561290741, 774.1453369603166, 2272.688134086731
142.10261607170105, 774.1453369603166, 2272.688134086731
142.84762120246887, 767.890260355082, 2274.8651826857795
143.09495878219604, 767.890260355082, 2274.8651826857795
143.8270001411438, 771.2739024383637, 2271.9803866369034
144.11024236679077, 771.2739024383637, 2271.9803866369034
144.62685894966125, 771.2739024383637, 2271.9803866369034
145.11954045295715, 771.2739024383637, 2271.9803866369034
145.8535749912262, 771.4496844333389, 2270.5565869403977
146.1098895072937, 771.4496844333389, 2270.5565869403977
146.88780570030212, 771.0643530331918, 2271.8789408468892
147.1062228679657, 771.0643530331918, 2271.8789408468892
147.87516331672668, 772.7738786348701, 2273.015033676993
148.1015589237213, 772.7738786348701, 2273.015033676993
148.91637682914734, 772.883783730778, 2271.753042319985
149.11285138130188, 772.883783730778, 2271.753042319985
149.6075267791748, 772.883783730778, 2271.753042319985
150.1101815700531, 772.883783730778, 2271.753042319985
150.5928919315338, 772.883783730778, 2271.753042319985
151.11449265480042, 772.883783730778, 2271.753042319985
151.60418176651, 772.883783730778, 2271.753042319985
152.35417366027832, 770.1567156647603, 2275.1630812460426
152.60749650001526, 770.1567156647603, 2275.1630812460426
153.1011745929718, 770.1567156647603, 2275.1630812460426
153.59884214401245, 770.1567156647603, 2275.1630812460426
154.3448464870453, 768.8975389492401, 2270.5379254192985
154.61212992668152, 768.8975389492401, 2270.5379254192985
155.3461651802063, 770.725464522681, 2272.3653757026186
155.6274118423462, 770.725464522681, 2272.3653757026186
156.10613083839417, 770.725464522681, 2272.3653757026186
156.6067910194397, 770.725464522681, 2272.3653757026186
157.37972497940063, 769.9324072774984, 2272.270394691331
157.59913420677185, 769.9324072774984, 2272.270394691331
158.09081840515137, 769.9324072774984, 2272.270394691331
158.60444283485413, 769.9324072774984, 2272.270394691331
159.100115776062, 769.9324072774984, 2272.270394691331
159.6167335510254, 769.9324072774984, 2272.270394691331
160.10941624641418, 769.9324072774984, 2272.270394691331
160.61306810379028, 769.9324072774984, 2272.270394691331
161.1127290725708, 769.9324072774984, 2272.270394691331
161.62136673927307, 769.9324072774984, 2272.270394691331
162.1050729751587, 769.9324072774984, 2272.270394691331
163.08943724632263, 2084.3441548303995, 1727.1331466591716
163.81349921226501, 2084.3441548303995, 1727.1331466591716
164.27027583122253, 2084.3441548303995, 1727.1331466591716
164.77093720436096, 2084.3441548303995, 1727.1331466591716
165.26262021064758, 2084.3441548303995, 1727.1331466591716
165.77524876594543, 2084.3441548303995, 1727.1331466591716
166.30183839797974, 2084.3441548303995, 1727.1331466591716
166.86433339118958, 820.8003939780089, 2340.4391070387564
167.1036925315857, 820.8003939780089, 2340.4391070387564
167.59238409996033, 820.8003939780089, 2340.4391070387564
168.3573362827301, 819.7619771914727, 2340.766532432839
168.62561869621277, 819.7619771914727, 2340.766532432839
169.10433769226074, 819.7619771914727, 2340.766532432839
169.61596655845642, 819.7619771914727, 2340.766532432839
170.10166764259338, 819.7619771914727, 2340.766532432839
170.60332417488098, 819.7619771914727, 2340.766532432839
171.10298681259155, 819.7619771914727, 2340.766532432839
171.61062836647034, 819.7619771914727, 2340.766532432839
172.5720546245575, -191438.74355274244, 1123.7179229213082
173.26619744300842, -191438.74355274244, 1123.7179229213082
173.79877066612244, -191438.74355274244, 1123.7179229213082
174.29444360733032, -191438.74355274244, 1123.7179229213082
174.79610085487366, -191438.74355274244, 1123.7179229213082
175.2837953567505, -191438.74355274244, 1123.7179229213082
175.7615168094635, -191438.74355274244, 1123.7179229213082
176.29010224342346, -191438.74355274244, 1123.7179229213082
176.75485801696777, -191438.74355274244, 1123.7179229213082
177.27845740318298, -191438.74355274244, 1123.7179229213082
177.83995294570923, 806.5231443249922, 2320.8468268028873
178.09028267860413, 806.5231443249922, 2320.8468268028873
178.84027791023254, 804.958311190682, 2313.1400547721423
179.1115481853485, 804.958311190682, 2313.1400547721423
179.6152012348175, 804.958311190682, 2313.1400547721423
180.10987782478333, 804.958311190682, 2313.1400547721423
180.83892488479614, 806.1563063341193, 2312.9522860340044
181.1191759109497, 806.1563063341193, 2312.9522860340044
181.89310598373413, 804.2173831047919, 2311.4365168672784
182.12847328186035, 804.2173831047919, 2311.4365168672784
182.60320234298706, 804.2173831047919, 2311.4365168672784
183.09189438819885, 804.2173831047919, 2311.4365168672784
183.60452151298523, 804.2173831047919, 2311.4365168672784
184.3764569759369, 803.70013289239, 2311.963588974753
184.611825466156, 803.70013289239, 2311.963588974753
185.09353733062744, 803.70013289239, 2311.963588974753
185.83156037330627, 804.2226671183104, 2312.45640321142
186.09385895729065, 804.2226671183104, 2312.45640321142
186.62244319915771, 804.2226671183104, 2312.45640321142
187.3185806274414, 813.7856869539996, 2319.678634629979
187.6078052520752, 813.7856869539996, 2319.678634629979
188.37176203727722, 811.9011679526534, 2320.705542707177
188.605135679245, 811.9011679526534, 2320.705542707177
189.08584928512573, 811.9011679526534, 2320.705542707177
189.61243987083435, 811.9011679526534, 2320.705542707177
190.0871696472168, 811.9011679526534, 2320.705542707177
190.883038520813, 811.6287368986758, 2319.6720568679693
191.10843634605408, 811.6287368986758, 2319.6720568679693
191.8973228931427, 809.3578865298488, 2315.807248611771
192.11474227905273, 809.3578865298488, 2315.807248611771
192.88867044448853, 814.072864826857, 2320.999249638751
193.11606073379517, 814.072864826857, 2320.999249638751
193.6237030029297, 814.072864826857, 2320.999249638751
194.11040139198303, 814.072864826857, 2320.999249638751
194.60108733177185, 814.072864826857, 2320.999249638751
195.10772967338562, 814.072864826857, 2320.999249638751
195.89562058448792, 815.284591539552, 2324.2325944017985
196.11104559898376, 815.284591539552, 2324.2325944017985
196.5957477092743, 815.284591539552, 2324.2325944017985
197.10538291931152, 815.284591539552, 2324.2325944017985
197.60105633735657, 815.284591539552, 2324.2325944017985
198.10071873664856, 815.284591539552, 2324.2325944017985
198.60636472702026, 815.284591539552, 2324.2325944017985
199.32942914962769, 811.4599157207593, 2325.7212931287618
200.1053512096405, 811.4599157207593, 2325.7212931287618
200.61000227928162, 811.4599157207593, 2325.7212931287618
201.09968996047974, 811.4599157207593, 2325.7212931287618
201.61032366752625, 811.4599157207593, 2325.7212931287618
202.09801864624023, 811.4599157207593, 2325.7212931287618
202.61264038085938, 811.4599157207593, 2325.7212931287618
203.3716094493866, 807.7581935703108, 2320.8667280352024
203.60698008537292, 807.7581935703108, 2320.8667280352024
204.10364961624146, 807.7581935703108, 2320.8667280352024
204.61129117012024, 807.7581935703108, 2320.8667280352024
205.0930004119873, 807.7581935703108, 2320.8667280352024
205.6026360988617, 807.7581935703108, 2320.8667280352024
206.34165978431702, 810.8058472233386, 2327.9621186734407
206.6179187297821, 810.8058472233386, 2327.9621186734407
207.09364819526672, 810.8058472233386, 2327.9621186734407
207.61126041412354, 810.8058472233386, 2327.9621186734407
208.10394096374512, 810.8058472233386, 2327.9621186734407
208.8988139629364, 808.9227163845285, 2323.714376616091
209.108252286911, 808.9227163845285, 2323.714376616091
209.60891246795654, 808.9227163845285, 2323.714376616091
210.09560918807983, 808.9227163845285, 2323.714376616091
210.59427499771118, 808.9227163845285, 2323.714376616091
211.0859613418579, 808.9227163845285, 2323.714376616091
211.59858584403992, 808.9227163845285, 2323.714376616091
212.11420702934265, 808.9227163845285, 2323.714376616091
212.60289764404297, 808.9227163845285, 2323.714376616091
213.3409242630005, 803.9261216709255, 2317.3039196246286
213.5992305278778, 803.9261216709255, 2317.3039196246286
214.1118607521057, 803.9261216709255, 2317.3039196246286
214.8159749507904, 808.264496978084, 2324.7104534658924
215.1141755580902, 808.264496978084, 2324.7104534658924
215.59987664222717, 808.264496978084, 2324.7104534658924
216.11150646209717, 808.264496978084, 2324.7104534658924
216.59221959114075, 808.264496978084, 2324.7104534658924
217.12279891967773, 808.264496978084, 2324.7104534658924
217.6134865283966, 808.264496978084, 2324.7104534658924
218.09818959236145, 808.264496978084, 2324.7104534658924
218.61081767082214, 808.264496978084, 2324.7104534658924
219.3608100414276, 810.4294161361686, 2320.7661835668823
219.61014223098755, 810.4294161361686, 2320.7661835668823
220.3721022605896, 812.8835309697537, 2320.9694734996237
220.61046409606934, 812.8835309697537, 2320.9694734996237
221.08818578720093, 812.8835309697537, 2320.9694734996237
221.61477494239807, 812.8835309697537, 2320.9694734996237
222.31190872192383, 810.0553314484799, 2311.0024174725995
222.59814286231995, 810.0553314484799, 2311.0024174725995
223.33018374443054, 810.2777991699281, 2313.266896774808
223.6174144744873, 810.2777991699281, 2313.266896774808
224.09812760353088, 810.2777991699281, 2313.266896774808
224.6087610721588, 810.2777991699281, 2313.266896774808
225.11540412902832, 810.2777991699281, 2313.266896774808
225.6100800037384, 810.2777991699281, 2313.266896774808
226.12171339988708, 810.2777991699281, 2313.266896774808
226.6253638267517, 810.2777991699281, 2313.266896774808
227.1030833721161, 810.2777991699281, 2313.266896774808
227.61072540283203, 810.2777991699281, 2313.266896774808
228.11337876319885, 810.2777991699281, 2313.266896774808
228.6250102519989, 810.2777991699281, 2313.266896774808
229.10173392295837, 810.2777991699281, 2313.266896774808
229.60139679908752, 810.2777991699281, 2313.266896774808
230.1100354194641, 810.2777991699281, 2313.266896774808
230.6146833896637, 810.2777991699281, 2313.266896774808
231.11534452438354, 810.2777991699281, 2313.266896774808
231.60303807258606, 810.2777991699281, 2313.266896774808
232.08973503112793, 810.2777991699281, 2313.266896774808
232.61034178733826, 810.2777991699281, 2313.266896774808
233.11399483680725, 810.2777991699281, 2313.266896774808
233.60966730117798, 810.2777991699281, 2313.266896774808
234.41251850128174, 802.5183905370153, 2311.2885940176056
234.61098623275757, 802.5183905370153, 2311.2885940176056
235.10267329216003, 802.5183905370153, 2311.2885940176056
235.61529803276062, 802.5183905370153, 2311.2885940176056
236.10099864006042, 802.5183905370153, 2311.2885940176056
236.6016595363617, 802.5183905370153, 2311.2885940176056
237.10231757164001, 802.5183905370153, 2311.2885940176056
237.59799146652222, 802.5183905370153, 2311.2885940176056
238.11361026763916, 802.5183905370153, 2311.2885940176056
238.61825942993164, 802.5183905370153, 2311.2885940176056
239.10395884513855, 802.5183905370153, 2311.2885940176056
239.59464645385742, 802.5183905370153, 2311.2885940176056
240.12123703956604, 802.5183905370153, 2311.2885940176056
240.8702313899994, 806.2910824458264, 2321.3100012633504
241.12754201889038, 806.2910824458264, 2321.3100012633504
241.8486144542694, 805.8908971785771, 2322.7333077019125
242.12188076972961, 805.8908971785771, 2322.7333077019125
242.59960222244263, 805.8908971785771, 2322.7333077019125
243.10524797439575, 805.8908971785771, 2322.7333077019125
243.60989713668823, 805.8908971785771, 2322.7333077019125
244.10856342315674, 805.8908971785771, 2322.7333077019125
244.6181995868683, 805.8908971785771, 2322.7333077019125
245.3961157798767, 800.7840232542991, 2316.950607043891
245.63248419761658, 800.7840232542991, 2316.950607043891
246.10422110557556, 800.7840232542991, 2316.950607043891
246.60887050628662, 800.7840232542991, 2316.950607043891
247.34888887405396, 802.3732787995261, 2315.591334708464
247.61118626594543, 802.3732787995261, 2315.591334708464
248.37314748764038, 870.8069257432339, 2379.0220763093953
248.60353064537048, 870.8069257432339, 2379.0220763093953
249.10518789291382, 870.8069257432339, 2379.0220763093953
249.83124446868896, 800.2578844570172, 2309.357114015131
250.10850262641907, 800.2578844570172, 2309.357114015131
250.8654761314392, 803.8989934555677, 2314.5711117671344
251.10383796691895, 803.8989934555677, 2314.5711117671344
251.6204550266266, 803.8989934555677, 2314.5711117671344
252.0812211036682, 803.8989934555677, 2314.5711117671344
252.58985900878906, 803.8989934555677, 2314.5711117671344
253.104483127594, 803.8989934555677, 2314.5711117671344
253.62209677696228, 803.8989934555677, 2314.5711117671344
254.1117856502533, 803.8989934555677, 2314.5711117671344
254.60945415496826, 803.8989934555677, 2314.5711117671344
255.11210942268372, 803.8989934555677, 2314.5711117671344
255.92194080352783, 809.0424620798732, 2304.9969603147074
256.12340116500854, 809.0424620798732, 2304.9969603147074
256.6001253128052, 809.0424620798732, 2304.9969603147074
257.0957989692688, 809.0424620798732, 2304.9969603147074
257.5745179653168, 809.0424620798732, 2304.9969603147074
258.1100833415985, 809.0424620798732, 2304.9969603147074
258.61872243881226, 809.0424620798732, 2304.9969603147074
259.3527567386627, 812.5462752877361, 2331.3390529390977
259.5990979671478, 812.5462752877361, 2331.3390529390977
260.1127233505249, 812.5462752877361, 2331.3390529390977
260.5904438495636, 812.5462752877361, 2331.3390529390977
261.1000792980194, 812.5462752877361, 2331.3390529390977
261.5987448692322, 812.5462752877361, 2331.3390529390977
262.08045530319214, 812.5462752877361, 2331.3390529390977
262.584107875824, 812.5462752877361, 2331.3390529390977
263.073796749115, 812.5462752877361, 2331.3390529390977
263.56548404693604, 812.5462752877361, 2331.3390529390977
264.2715904712677, 798.2162084924975, 2324.504364916397
264.5677981376648, 798.2162084924975, 2324.504364916397
265.07145071029663, 798.2162084924975, 2324.504364916397
265.58706879615784, 798.2162084924975, 2324.504364916397
266.06578636169434, 798.2162084924975, 2324.504364916397
266.5584683418274, 798.2162084924975, 2324.504364916397
267.0750858783722, 798.2162084924975, 2324.504364916397
267.5747482776642, 798.2162084924975, 2324.504364916397
268.24894309043884, 799.5398030518098, 2313.0159807855853
268.79647874832153, 800.3419113301668, 2315.4851880088463
269.10465383529663, 800.3419113301668, 2315.4851880088463
269.623263835907, 800.3419113301668, 2315.4851880088463
270.0969965457916, 800.3419113301668, 2315.4851880088463
270.62757635116577, 800.3419113301668, 2315.4851880088463
271.0983188152313, 800.3419113301668, 2315.4851880088463
271.62091755867004, 800.3419113301668, 2315.4851880088463
272.1066162586212, 800.3419113301668, 2315.4851880088463
272.8446412086487, 759.0672243961259, 2309.6102806519384
273.35427737236023, 762.242654077465, 2310.275328244161
273.61358284950256, 762.242654077465, 2310.275328244161
274.08631658554077, 762.242654077465, 2310.275328244161
274.8861765861511, 770.1495883884564, 2308.2428728113828
275.1015999317169, 770.1495883884564, 2308.2428728113828
275.6012632846832, 770.1495883884564, 2308.2428728113828
276.0969355106354, 770.1495883884564, 2308.2428728113828
279.3113327026367, 794.9523866815626, 2311.0425915835303
279.9177100658417, 797.6659622555944, 2314.3577278694925
280.1221604347229, 797.6659622555944, 2314.3577278694925
280.846223115921, 793.7784842352361, 2308.8911939192462
281.1055281162262, 793.7784842352361, 2308.8911939192462
281.87846064567566, 794.0047245226215, 2309.280241737272
282.11382937431335, 794.0047245226215, 2309.280241737272
282.5945439338684, 794.0047245226215, 2309.280241737272
283.10617327690125, 794.0047245226215, 2309.280241737272
283.6048378944397, 794.0047245226215, 2309.280241737272
284.1134777069092, 794.0047245226215, 2309.280241737272
284.601172208786, 794.0047245226215, 2309.280241737272
285.38008642196655, 793.9025110380798, 2307.917874098271
285.5985014438629, 793.9025110380798, 2307.917874098271
286.3494915962219, 789.2847317658025, 2304.530637392972
286.6097960472107, 789.2847317658025, 2304.530637392972
287.39269948005676, 706.2303027583871, 2307.1787608955397
287.6131081581116, 706.2303027583871, 2307.1787608955397
288.1077847480774, 706.2303027583871, 2307.1787608955397
288.8527901172638, 188.26857308617585, 2308.1967435820957
289.0801820755005, 188.26857308617585, 2308.1967435820957
289.60477805137634, 188.26857308617585, 2308.1967435820957
290.09546422958374, 188.26857308617585, 2308.1967435820957
290.615074634552, 188.26857308617585, 2308.1967435820957
291.11473774909973, 188.26857308617585, 2308.1967435820957
291.60841393470764, 188.26857308617585, 2308.1967435820957
292.10408782958984, 188.26857308617585, 2308.1967435820957
292.5997612476349, 188.26857308617585, 2308.1967435820957
293.1113910675049, 188.26857308617585, 2308.1967435820957
293.62202548980713, 188.26857308617585, 2308.1967435820957
294.1206886768341, 188.26857308617585, 2308.1967435820957
294.5964159965515, 188.26857308617585, 2308.1967435820957
295.12001395225525, 188.26857308617585, 2308.1967435820957
295.6017253398895, 188.26857308617585, 2308.1967435820957
296.3567044734955, 1532.1197341417687, 2314.6881966943292
296.90224289894104, 1518.4283343295424, 2312.9252973454527
297.1356189250946, 1518.4283343295424, 2312.9252973454527
297.6143364906311, 1518.4283343295424, 2312.9252973454527
298.1010363101959, 1518.4283343295424, 2312.9252973454527
298.60867834091187, 1518.4283343295424, 2312.9252973454527
299.39556884765625, 1558.1116085857316, 2309.843143057284
299.618971824646, 1558.1116085857316, 2309.843143057284
300.40686202049255, 1541.6671342441643, 2314.415957342104
300.61929273605347, 1541.6671342441643, 2314.415957342104
301.10399532318115, 1541.6671342441643, 2314.415957342104
301.84900188446045, 1509.433722523344, 2311.803094675886
302.09833431243896, 1509.433722523344, 2311.803094675886
302.60697174072266, 1509.433722523344, 2311.803094675886
303.31707096099854, 1686.6922027323133, 2313.797837780148
303.5933313369751, 1686.6922027323133, 2313.797837780148
304.1049609184265, 1686.6922027323133, 2313.797837780148
304.5926561355591, 1686.6922027323133, 2313.797837780148
305.1062819957733, 1686.6922027323133, 2313.797837780148
305.60195446014404, 1686.6922027323133, 2313.797837780148
306.1036105155945, 1686.6922027323133, 2313.797837780148
306.6102545261383, 1686.6922027323133, 2313.797837780148
307.10792303085327, 1686.6922027323133, 2313.797837780148
307.61057686805725, 1686.6922027323133, 2313.797837780148
308.1271941661835, 1686.6922027323133, 2313.797837780148
308.6079068183899, 1686.6922027323133, 2313.797837780148
309.399786233902, 1689.1983782192608, 2310.988697812124
309.60922598838806, 1689.1983782192608, 2310.988697812124
310.38813948631287, 1686.0554484976356, 2307.0584747922903
310.6185231208801, 1686.0554484976356, 2307.0584747922903
311.3715081214905, 1685.4391423158572, 2307.3860794462084
311.6128616333008, 1685.4391423158572, 2307.3860794462084
312.3728280067444, 1687.8865794784092, 2310.6550186860654
312.61916756629944, 1687.8865794784092, 2310.6550186860654
313.0899088382721, 1687.8865794784092, 2310.6550186860654
313.6025354862213, 1687.8865794784092, 2310.6550186860654
314.31064009666443, 1690.770986119586, 2313.3169346486684
314.61382842063904, 1690.770986119586, 2313.3169346486684
315.08955430984497, 1690.770986119586, 2313.3169346486684
315.8874206542969, 1691.2669856141754, 2312.156525128372
316.10982298851013, 1691.2669856141754, 2312.156525128372
316.29732060432434, 1691.2669856141754, 2312.156525128372
316.89970803260803, 1691.3607620432556, 2312.3279022762886
317.11612939834595, 1691.3607620432556, 2312.3279022762886
317.84617495536804, 1689.1697880529453, 2311.517510237129
317.95388627052307, 1689.1697880529453, 2311.517510237129
318.10847306251526, 1689.1697880529453, 2311.517510237129
318.90533924102783, 1690.4816358641226, 2311.7586795616994
319.1107885837555, 1690.4816358641226, 2311.7586795616994
319.6124472618103, 1690.4816358641226, 2311.7586795616994
320.1290626525879, 1690.4816358641226, 2311.7586795616994
320.6007995605469, 1690.4816358641226, 2311.7586795616994
321.11342763900757, 1690.4816358641226, 2311.7586795616994
321.895334482193, 1692.3896188395174, 2314.5120513151987
322.1037766933441, 1692.3896188395174, 2314.5120513151987
322.60842728614807, 1692.3896188395174, 2314.5120513151987
323.1200566291809, 1692.3896188395174, 2314.5120513151987
323.61373353004456, 1692.3896188395174, 2314.5120513151987
324.1173858642578, 1692.3896188395174, 2314.5120513151987
324.6220347881317, 1692.3896188395174, 2314.5120513151987
325.4218945503235, 1692.385988243315, 2312.6443116975925
326.11703276634216, 1692.385988243315, 2312.6443116975925
326.64462089538574, 1692.385988243315, 2312.6443116975925
327.168217420578, 1692.385988243315, 2312.6443116975925
327.62799096107483, 1692.385988243315, 2312.6443116975925
328.1246576309204, 1692.385988243315, 2312.6443116975925
328.63130140304565, 1692.385988243315, 2312.6443116975925
329.12398171424866, 1692.385988243315, 2312.6443116975925
329.6405999660492, 1692.385988243315, 2312.6443116975925
330.11632537841797, 1692.385988243315, 2312.6443116975925
330.6100044250488, 1692.385988243315, 2312.6443116975925
331.123628616333, 1692.385988243315, 2312.6443116975925
331.6232924461365, 1692.385988243315, 2312.6443116975925
332.1399075984955, 1692.385988243315, 2312.6443116975925
332.6116466522217, 1692.385988243315, 2312.6443116975925
333.12327551841736, 1692.385988243315, 2312.6443116975925
333.61196732521057, 1692.385988243315, 2312.6443116975925
334.4038472175598, 1691.4595038743503, 2309.3179941391045
334.6342308521271, 1691.4595038743503, 2309.3179941391045
335.12890696525574, 1691.4595038743503, 2309.3179941391045
335.6175982952118, 1691.4595038743503, 2309.3179941391045
336.1072874069214, 1691.4595038743503, 2309.3179941391045
336.6229064464569, 1691.4595038743503, 2309.3179941391045
337.1235661506653, 1691.4595038743503, 2309.3179941391045
337.63519644737244, 1691.4595038743503, 2309.3179941391045
338.1338608264923, 1691.4595038743503, 2309.3179941391045
338.6165702342987, 1691.4595038743503, 2309.3179941391045
339.11623215675354, 1691.4595038743503, 2309.3179941391045
339.62985730171204, 1691.4595038743503, 2309.3179941391045
340.36089992523193, 1692.8581196657458, 2307.686887461996
340.6301791667938, 1692.8581196657458, 2307.686887461996
341.1078989505768, 1692.8581196657458, 2307.686887461996
341.8987822532654, 1693.828688284048, 2308.932834133584
342.10722398757935, 1693.828688284048, 2308.932834133584
342.8801553249359, 1695.5847906230674, 2311.1702316356063
343.10954093933105, 1695.5847906230674, 2311.1702316356063
343.9173774719238, 1697.6892377210195, 2310.3254684960925
344.1417772769928, 1697.6892377210195, 2310.3254684960925
344.6015462875366, 1697.6892377210195, 2310.3254684960925
345.11517214775085, 1697.6892377210195, 2310.3254684960925
345.6078522205353, 1697.6892377210195, 2310.3254684960925
346.12147855758667, 1697.6892377210195, 2310.3254684960925
346.86947536468506, 1696.6992197798754, 2313.423053078976
347.1427445411682, 1696.6992197798754, 2313.423053078976
347.61149311065674, 1696.6992197798754, 2313.423053078976
348.38840889930725, 1695.8796653200059, 2313.2562925730413
348.6128077507019, 1695.8796653200059, 2313.2562925730413
349.39771008491516, 1697.654008214059, 2309.2017160363157
349.607146024704, 1697.654008214059, 2309.2017160363157
350.3651165962219, 1697.8989708745755, 2308.4093338529874
350.60248136520386, 1697.8989708745755, 2308.4093338529874
351.1011462211609, 1697.8989708745755, 2308.4093338529874
351.6147720813751, 1697.8989708745755, 2308.4093338529874
352.42260932922363, 1695.3325894983932, 2309.881642203879
352.6390299797058, 1695.3325894983932, 2309.881642203879
353.1107671260834, 1695.3325894983932, 2309.881642203879
353.6134202480316, 1695.3325894983932, 2309.881642203879
354.38734889030457, 1695.2719154333026, 2308.709969051604
354.6077597141266, 1695.2719154333026, 2308.709969051604
355.1183924674988, 1695.2719154333026, 2308.709969051604
355.6170566082001, 1695.2719154333026, 2308.709969051604
356.11472749710083, 1695.2719154333026, 2308.709969051604
356.6443064212799, 1695.2719154333026, 2308.709969051604
357.12003445625305, 1695.2719154333026, 2308.709969051604
357.61770391464233, 1695.2719154333026, 2308.709969051604
358.1253445148468, 1695.2719154333026, 2308.709969051604
358.61602783203125, 1695.2719154333026, 2308.709969051604
359.12865567207336, 1695.2719154333026, 2308.709969051604
359.62832045555115, 1695.2719154333026, 2308.709969051604
360.1329674720764, 1695.2719154333026, 2308.709969051604
360.635623216629, 1695.2719154333026, 2308.709969051604
361.1492462158203, 1695.2719154333026, 2308.709969051604
361.6110098361969, 1695.2719154333026, 2308.709969051604
362.4168527126312, 1691.1310751751878, 2314.3040370918307
362.6332731246948, 1691.1310751751878, 2314.3040370918307
363.1309406757355, 1691.1310751751878, 2314.3040370918307
363.6176393032074, 1691.1310751751878, 2314.3040370918307
364.1222884654999, 1691.1310751751878, 2314.3040370918307
364.6209523677826, 1691.1310751751878, 2314.3040370918307
365.4248003959656, 1693.521763621795, 2307.3559367972957
365.6511936187744, 1693.521763621795, 2307.3559367972957
366.1209375858307, 1693.521763621795, 2307.3559367972957
366.63156962394714, 1693.521763621795, 2307.3559367972957
367.1053020954132, 1693.521763621795, 2307.3559367972957
367.63687777519226, 1693.521763621795, 2307.3559367972957
368.1375377178192, 1693.521763621795, 2307.3559367972957
368.6102731227875, 1693.521763621795, 2307.3559367972957
369.1119291782379, 1693.521763621795, 2307.3559367972957
369.61358618736267, 1693.521763621795, 2307.3559367972957
370.1142454147339, 1693.521763621795, 2307.3559367972957
370.61590242385864, 1693.521763621795, 2307.3559367972957
371.10858392715454, 1693.521763621795, 2307.3559367972957
371.60226225852966, 1693.521763621795, 2307.3559367972957
372.1188793182373, 1693.521763621795, 2307.3559367972957
372.6295144557953, 1693.521763621795, 2307.3559367972957
373.366539478302, 1692.6889534474462, 2309.9819307036732
373.6218559741974, 1692.6889534474462, 2309.9819307036732
374.123512506485, 1692.6889534474462, 2309.9819307036732
374.6082158088684, 1692.6889534474462, 2309.9819307036732
375.11884808540344, 1692.6889534474462, 2309.9819307036732
375.8778164386749, 1691.4065472138698, 2309.7277237249427
376.15607213974, 1691.4065472138698, 2309.7277237249427
376.61484384536743, 1691.4065472138698, 2309.7277237249427
377.49748063087463, 1694.550854359718, 2310.4907664399307
378.40704441070557, 1691.871353436675, 2313.3036703159855
379.39839029312134, 1689.240014597784, 2309.9961623505897
379.6247854232788, 1689.240014597784, 2309.9961623505897
380.3468520641327, 1690.347955383491, 2312.528468995957
380.6340825557709, 1690.347955383491, 2312.528468995957
381.38706731796265, 1690.5263677002042, 2312.541441399241
381.88872480392456, 1690.0472911812294, 2312.19851222
382.1161162853241, 1690.0472911812294, 2312.19851222
382.6297399997711, 1690.0472911812294, 2312.19851222
383.11544013023376, 1690.0472911812294, 2312.19851222
383.9113116264343, 1690.0014764900732, 2310.055692847944
384.1396985054016, 1690.0014764900732, 2310.055692847944
384.62440037727356, 1690.0014764900732, 2310.055692847944
385.1160843372345, 1690.0014764900732, 2310.055692847944
385.6117568016052, 1690.0014764900732, 2310.055692847944
386.3886773586273, 1688.0158776338853, 2315.9839555426065
386.6130769252777, 1688.0158776338853, 2315.9839555426065
387.1047616004944, 1688.0158776338853, 2315.9839555426065
387.61439538002014, 1688.0158776338853, 2315.9839555426065
388.0990970134735, 1688.0158776338853, 2315.9839555426065
388.6226963996887, 1688.0158776338853, 2315.9839555426065
389.10540437698364, 1688.0158776338853, 2315.9839555426065
389.9282019138336, 1689.6318219841207, 2307.965531541353
390.61436438560486, 1689.6318219841207, 2307.965531541353
391.1220054626465, 1689.6318219841207, 2307.965531541353
391.89992475509644, 1691.018814117435, 2306.891918252182
392.1173412799835, 1691.018814117435, 2306.891918252182
392.62498211860657, 1691.018814117435, 2306.891918252182
393.10868740081787, 1691.018814117435, 2306.891918252182
393.60136818885803, 1691.018814117435, 2306.891918252182
394.10302472114563, 1691.018814117435, 2306.891918252182
394.61964297294617, 1691.018814117435, 2306.891918252182
395.4035439491272, 1685.8758359781868, 2310.2605704776347
395.628942489624, 1685.8758359781868, 2310.2605704776347
396.09170055389404, 1685.8758359781868, 2310.2605704776347
396.6242747306824, 1685.8758359781868, 2310.2605704776347
397.09302163124084, 1685.8758359781868, 2310.2605704776347
397.6275897026062, 1685.8758359781868, 2310.2605704776347
398.09434032440186, 1685.8758359781868, 2310.2605704776347
398.63289737701416, 1685.8758359781868, 2310.2605704776347
399.12158966064453, 1685.8758359781868, 2310.2605704776347
399.60828709602356, 1685.8758359781868, 2310.2605704776347
400.0979754924774, 1685.8758359781868, 2310.2605704776347
400.6235685348511, 1685.8758359781868, 2310.2605704776347
401.09331154823303, 1685.8758359781868, 2310.2605704776347
401.6109254360199, 1685.8758359781868, 2310.2605704776347
402.0976233482361, 1685.8758359781868, 2310.2605704776347
402.614239692688, 1685.8758359781868, 2310.2605704776347
403.35924553871155, 1685.9355546651564, 2310.6967922095
403.6045877933502, 1685.9355546651564, 2310.6967922095
404.07233595848083, 1685.9355546651564, 2310.6967922095
404.89313769340515, 1687.3528688649412, 2311.2494063259455
405.1025779247284, 1687.3528688649412, 2311.2494063259455
405.58727979660034, 1687.3528688649412, 2311.2494063259455
406.1118769645691, 1687.3528688649412, 2311.2494063259455
406.80202770233154, 1687.284070717662, 2314.1093219189947
407.1221709251404, 1687.284070717662, 2314.1093219189947
407.6078701019287, 1687.284070717662, 2314.1093219189947
408.11451482772827, 1687.284070717662, 2314.1093219189947
408.58824634552, 1687.284070717662, 2314.1093219189947
409.3591821193695, 1688.5137192403495, 2314.49608744476
409.81995010375977, 1688.501643015669, 2313.3858504657733
410.12114238739014, 1688.501643015669, 2313.3858504657733
410.8102984428406, 1685.148417241493, 2311.4651298134177
411.1134853363037, 1685.148417241493, 2311.4651298134177
411.61813402175903, 1685.148417241493, 2311.4651298134177
412.1058292388916, 1685.148417241493, 2311.4651298134177
412.5825529098511, 1685.148417241493, 2311.4651298134177
413.40036845207214, 1686.1566974929174, 2312.290576355358
413.604816198349, 1686.1566974929174, 2312.290576355358
414.09450507164, 1686.1566974929174, 2312.290576355358
414.5941672325134, 1686.1566974929174, 2312.290576355358
415.3820583820343, 1689.2153765647795, 2308.9904377777416
415.6014721393585, 1689.2153765647795, 2308.9904377777416
416.0831813812256, 1689.2153765647795, 2308.9904377777416
416.59879994392395, 1689.2153765647795, 2308.9904377777416
417.37771582603455, 1685.6532738274984, 2308.44748538886
417.6110911369324, 1685.6532738274984, 2308.44748538886
418.3720541000366, 1685.84683362856, 2308.728949588256
418.63235664367676, 1685.84683362856, 2308.728949588256
419.3733742237091, 1687.0898954116424, 2312.6100385132704
419.60275888442993, 1687.0898954116424, 2312.6100385132704
420.11139726638794, 1687.0898954116424, 2312.6100385132704
420.88532423973083, 1685.9213347997238, 2309.9226171712944
421.09975147247314, 1685.9213347997238, 2309.9226171712944
421.6143732070923, 1685.9213347997238, 2309.9226171712944
422.10605692863464, 1685.9213347997238, 2309.9226171712944
422.6236720085144, 1685.9213347997238, 2309.9226171712944
423.1203422546387, 1685.9213347997238, 2309.9226171712944
423.8852937221527, 1686.1542095899067, 2310.8319818831205
424.11168789863586, 1686.1542095899067, 2310.8319818831205
424.94545674324036, 1685.296029116291, 2312.2666610402493
425.6216502189636, 1685.296029116291, 2312.2666610402493
426.1362671852112, 1685.296029116291, 2312.2666610402493
426.6109981536865, 1685.296029116291, 2312.2666610402493
427.39988589286804, 1689.1493328041945, 2312.8892916764958
427.60832691192627, 1689.1493328041945, 2312.8892916764958
428.3952217102051, 1688.1776540774897, 2312.5670473261985
428.62460589408875, 1688.1776540774897, 2312.5670473261985
429.4154884815216, 1689.5759076963636, 2311.8629938925783
430.0946714878082, 1689.5759076963636, 2311.8629938925783
430.6202630996704, 1689.5759076963636, 2311.8629938925783
431.09997963905334, 1689.5759076963636, 2311.8629938925783
431.6155984401703, 1689.5759076963636, 2311.8629938925783
432.0933201313019, 1689.5759076963636, 2311.8629938925783
432.66179847717285, 1689.5759076963636, 2311.8629938925783
433.4227614402771, 1689.2017156965364, 2313.8373132018555
434.1089243888855, 1689.2017156965364, 2313.8373132018555
434.6345167160034, 1689.2017156965364, 2313.8373132018555
435.1162283420563, 1689.2017156965364, 2313.8373132018555
435.64381527900696, 1689.2017156965364, 2313.8373132018555
436.11555194854736, 1689.2017156965364, 2313.8373132018555
436.6122224330902, 1689.2017156965364, 2313.8373132018555
437.12883973121643, 1689.2017156965364, 2313.8373132018555
437.6085560321808, 1689.2017156965364, 2313.8373132018555
438.102233171463, 1689.2017156965364, 2313.8373132018555
438.82928705215454, 1685.8631225287093, 2305.0823545950516
439.1145238876343, 1685.8631225287093, 2305.0823545950516
439.6181755065918, 1685.8631225287093, 2305.0823545950516
440.1038749217987, 1685.8631225287093, 2305.0823545950516
440.60054540634155, 1685.8631225287093, 2305.0823545950516
441.3984098434448, 1685.8673621935552, 2309.536457597142
441.6098427772522, 1685.8673621935552, 2309.536457597142
442.1035225391388, 1685.8673621935552, 2309.536457597142
442.61016511917114, 1685.8673621935552, 2309.536457597142
443.0898816585541, 1685.8673621935552, 2309.536457597142
443.60849237442017, 1685.8673621935552, 2309.536457597142
444.09120059013367, 1685.8673621935552, 2309.536457597142
444.6217796802521, 1685.8673621935552, 2309.536457597142
445.32789039611816, 1690.7913192807382, 2311.6239323452915
445.62010765075684, 1690.7913192807382, 2311.6239323452915
446.09383845329285, 1690.7913192807382, 2311.6239323452915
446.85779333114624, 1694.6989790668338, 2314.6429088888312
447.33850598335266, 1694.1473237032976, 2313.5470006025753
447.90000438690186, 1695.6722114968898, 2314.7558211897012
448.1204137802124, 1695.6722114968898, 2314.7558211897012
448.8733971118927, 1692.0188943628807, 2310.732760177737
449.11874175071716, 1692.0188943628807, 2310.732760177737
449.60743379592896, 1692.0188943628807, 2310.732760177737
450.09512734413147, 1692.0188943628807, 2310.732760177737
450.60177063941956, 1692.0188943628807, 2310.732760177737
451.11938428878784, 1692.0188943628807, 2310.732760177737
451.9571409225464, 1687.8586604904199, 2304.9774243623965
452.60141706466675, 1687.8586604904199, 2304.9774243623965
453.41124987602234, 1690.7678841761401, 2308.8646734291556
453.6256742477417, 1690.7678841761401, 2308.8646734291556
454.39162492752075, 1687.703425784754, 2306.5466103419662
454.6120352745056, 1687.703425784754, 2306.5466103419662
455.3560428619385, 1689.7727352109255, 2308.5242092961744
455.6023840904236, 1689.7727352109255, 2308.5242092961744
456.13196563720703, 1689.7727352109255, 2308.5242092961744
456.87497758865356, 1689.5729944188133, 2308.117509176432
457.1671941280365, 1689.5729944188133, 2308.117509176432
457.8922526836395, 1692.5768775304518, 2310.273724433976
458.453750371933, 1693.489539870739, 2310.2016796031717
459.39622735977173, 1692.9668634023471, 2308.182366284498
459.61165022850037, 1692.9668634023471, 2308.182366284498
460.4454188346863, 1697.3435517554706, 2312.52711188075
461.1006648540497, 1697.3435517554706, 2312.52711188075
461.61329221725464, 1697.3435517554706, 2312.52711188075
462.1059730052948, 1697.3435517554706, 2312.52711188075
462.6195983886719, 1697.3435517554706, 2312.52711188075
463.121253490448, 1697.3435517554706, 2312.52711188075
463.8951828479767, 1696.315689216531, 2310.9165639585945
464.0976400375366, 1696.315689216531, 2310.9165639585945
464.93838906288147, 1696.6325956800663, 2310.8987445391726
465.9317297935486, 1697.3291078690966, 2311.877311652208
466.61390471458435, 1697.3291078690966, 2311.877311652208
467.114563703537, 1697.3291078690966, 2311.877311652208
467.9164171218872, 1693.1289133426876, 2309.9260723578186
468.145804643631, 1693.1289133426876, 2309.9260723578186
468.61754059791565, 1693.1289133426876, 2309.9260723578186
469.1251800060272, 1693.1289133426876, 2309.9260723578186
469.611878156662, 1693.1289133426876, 2309.9260723578186
470.1125383377075, 1693.1289133426876, 2309.9260723578186
470.6141948699951, 1693.1289133426876, 2309.9260723578186
471.11485528945923, 1693.1289133426876, 2309.9260723578186
471.61850595474243, 1693.1289133426876, 2309.9260723578186
472.118168592453, 1693.1289133426876, 2309.9260723578186
472.61683320999146, 1693.1289133426876, 2309.9260723578186
473.4236731529236, 1693.7627055797445, 2307.545311680453
474.40305185317993, 1695.1432888242778, 2308.27526984329
474.61847472190857, 1695.1432888242778, 2308.27526984329
475.1051707267761, 1695.1432888242778, 2308.27526984329
475.6078259944916, 1695.1432888242778, 2308.27526984329
476.10350036621094, 1695.1432888242778, 2308.27526984329
476.8844096660614, 1696.5035281168848, 2309.5581527192885
477.10781049728394, 1696.5035281168848, 2309.5581527192885
477.92063450813293, 1693.6347743983558, 2309.2239091667248
478.1200997829437, 1693.6347743983558, 2309.2239091667248
478.61876487731934, 1693.6347743983558, 2309.2239091667248
479.10845494270325, 1693.6347743983558, 2309.2239091667248
479.9063184261322, 1696.0955701718096, 2309.079900683804
480.12373638153076, 1696.0955701718096, 2309.079900683804
480.6034560203552, 1696.0955701718096, 2309.079900683804
481.1170771121979, 1696.0955701718096, 2309.079900683804
481.6057677268982, 1696.0955701718096, 2309.079900683804
482.12338280677795, 1696.0955701718096, 2309.079900683804
482.59412384033203, 1696.0955701718096, 2309.079900683804
483.1087455749512, 1696.0955701718096, 2309.079900683804
483.8557450771332, 1697.790340735827, 2308.6345121738
484.1190400123596, 1697.790340735827, 2308.6345121738
484.6226921081543, 1697.790340735827, 2308.6345121738
485.4036033153534, 1697.2829564523247, 2308.223950606598
485.6419632434845, 1697.2829564523247, 2308.223950606598
486.0997371673584, 1697.2829564523247, 2308.223950606598
486.61635518074036, 1697.2829564523247, 2308.223950606598
487.1249933242798, 1697.2829564523247, 2308.223950606598
487.6356256008148, 1697.2829564523247, 2308.223950606598
488.4424669742584, 1692.3459031822135, 2308.4423444938843
489.11766171455383, 1692.3459031822135, 2308.4423444938843
489.6372673511505, 1692.3459031822135, 2308.4423444938843
490.10900616645813, 1692.3459031822135, 2308.4423444938843
490.6166458129883, 1692.3459031822135, 2308.4423444938843
491.1183023452759, 1692.3459031822135, 2308.4423444938843
491.62095832824707, 1692.3459031822135, 2308.4423444938843
492.14455556869507, 1692.3459031822135, 2308.4423444938843
492.61728954315186, 1692.3459031822135, 2308.4423444938843
493.1199436187744, 1692.3459031822135, 2308.4423444938843
493.62858271598816, 1692.3459031822135, 2308.4423444938843
494.12026715278625, 1692.3459031822135, 2308.4423444938843
494.62890458106995, 1692.3459031822135, 2308.4423444938843
495.12457728385925, 1692.3459031822135, 2308.4423444938843
495.62124824523926, 1692.3459031822135, 2308.4423444938843
496.16279792785645, 1692.3459031822135, 2308.4423444938843
496.615585565567, 1692.3459031822135, 2308.4423444938843
497.1162450313568, 1692.3459031822135, 2308.4423444938843
497.6298704147339, 1692.3459031822135, 2308.4423444938843
498.1006119251251, 1692.3459031822135, 2308.4423444938843
498.60326385498047, 1692.3459031822135, 2308.4423444938843
499.09893774986267, 1692.3459031822135, 2308.4423444938843
499.60059428215027, 1692.3459031822135, 2308.4423444938843
500.11222434043884, 1692.3459031822135, 2308.4423444938843
500.6148781776428, 1692.3459031822135, 2308.4423444938843
501.11354517936707, 1692.3459031822135, 2308.4423444938843
501.6082191467285, 1692.3459031822135, 2308.4423444938843
502.10289478302, 1692.3459031822135, 2308.4423444938843
502.6284885406494, 1692.3459031822135, 2308.4423444938843
503.12416100502014, 1692.3459031822135, 2308.4423444938843
503.62581729888916, 1692.3459031822135, 2308.4423444938843
504.1204934120178, 1692.3459031822135, 2308.4423444938843
504.8724808692932, 1696.9185284474213, 2311.524242645733
505.1148314476013, 1696.9185284474213, 2311.524242645733
505.6464087963104, 1696.9185284474213, 2311.524242645733
506.1181468963623, 1696.9185284474213, 2311.524242645733
506.63376545906067, 1696.9185284474213, 2311.524242645733
507.11647367477417, 1696.9185284474213, 2311.524242645733
507.62212014198303, 1696.9185284474213, 2311.524242645733
508.1078190803528, 1696.9185284474213, 2311.524242645733
508.59052896499634, 1696.9185284474213, 2311.524242645733
509.0941791534424, 1696.9185284474213, 2311.524242645733
509.5988292694092, 1696.9185284474213, 2311.524242645733
510.11045813560486, 1696.9185284474213, 2311.524242645733
510.6220886707306, 1696.9185284474213, 2311.524242645733
511.1207535266876, 1696.9185284474213, 2311.524242645733
511.6034607887268, 1696.9185284474213, 2311.524242645733
512.0961427688599, 1696.9185284474213, 2311.524242645733
512.6087698936462, 1696.9185284474213, 2311.524242645733
513.432564496994, 1693.6386007779292, 2306.666922962923
514.474775314331, 1693.7875381027072, 2307.6208829285647
515.1250336170197, 1693.7875381027072, 2307.6208829285647
515.5997626781464, 1693.7875381027072, 2307.6208829285647
516.1084022521973, 1693.7875381027072, 2307.6208829285647
516.6210281848907, 1693.7875381027072, 2307.6208829285647
517.0957577228546, 1693.7875381027072, 2307.6208829285647
517.6243422031403, 1693.7875381027072, 2307.6208829285647
518.1170239448547, 1693.7875381027072, 2307.6208829285647
518.8899540901184, 1693.1057060047287, 2310.8781063026436
519.1153502464294, 1693.1057060047287, 2310.8781063026436
519.907231092453, 1690.7347860280527, 2312.4810831937757
520.1156725883484, 1690.7347860280527, 2312.4810831937757
520.6213185787201, 1690.7347860280527, 2312.4810831937757
521.1159949302673, 1690.7347860280527, 2312.4810831937757
521.6246347427368, 1690.7347860280527, 2312.4810831937757
522.1153194904327, 1690.7347860280527, 2312.4810831937757
522.6169764995575, 1690.7347860280527, 2312.4810831937757
523.1156415939331, 1690.7347860280527, 2312.4810831937757
523.6192936897278, 1690.7347860280527, 2312.4810831937757
524.3593125343323, 1696.7124360227097, 2309.672066945537
524.6355724334717, 1696.7124360227097, 2309.672066945537
525.1142909526825, 1696.7124360227097, 2309.672066945537
525.6209354400635, 1696.7124360227097, 2309.672066945537
526.1315681934357, 1696.7124360227097, 2309.672066945537
526.6132791042328, 1696.7124360227097, 2309.672066945537
527.1308920383453, 1696.7124360227097, 2309.672066945537
527.6215786933899, 1696.7124360227097, 2309.672066945537
528.130215883255, 1696.7124360227097, 2309.672066945537
528.6348671913147, 1696.7124360227097, 2309.672066945537
529.1405115127563, 1696.7124360227097, 2309.672066945537
529.6152410507202, 1696.7124360227097, 2309.672066945537
530.3941566944122, 1690.0232573133965, 2309.2217062286695
530.9167568683624, 1689.3419624370508, 2309.008302274509
531.1521263122559, 1689.3419624370508, 2309.008302274509
531.6218688488007, 1689.3419624370508, 2309.008302274509
532.1195363998413, 1689.3419624370508, 2309.008302274509
532.6191990375519, 1689.3419624370508, 2309.008302274509
533.1058964729309, 1689.3419624370508, 2309.008302274509
533.6115429401398, 1689.3419624370508, 2309.008302274509
534.1141982078552, 1689.3419624370508, 2309.008302274509
534.6188476085663, 1689.3419624370508, 2309.008302274509
535.1105308532715, 1689.3419624370508, 2309.008302274509
535.6101930141449, 1689.3419624370508, 2309.008302274509
536.1088576316833, 1689.3419624370508, 2309.008302274509
536.6204872131348, 1689.3419624370508, 2309.008302274509
537.1061854362488, 1689.3419624370508, 2309.008302274509
537.8511927127838, 1624.6510289657892, 2308.3813385414405
538.1095027923584, 1624.6510289657892, 2308.3813385414405
538.6301066875458, 1624.6510289657892, 2308.3813385414405
539.1078283786774, 1624.6510289657892, 2308.3813385414405
539.6214549541473, 1624.6510289657892, 2308.3813385414405
540.1071531772614, 1624.6510289657892, 2308.3813385414405
540.607812166214, 1624.6510289657892, 2308.3813385414405
541.1094694137573, 1624.6510289657892, 2308.3813385414405
541.9193019866943, 1623.3830299784663, 2304.428693531857
542.1267461776733, 1623.3830299784663, 2304.428693531857
542.6094546318054, 1623.3830299784663, 2304.428693531857
543.1131069660187, 1623.3830299784663, 2304.428693531857
543.9109694957733, 1623.9643031504622, 2311.9572637174588
544.1243991851807, 1623.9643031504622, 2311.9572637174588
544.5941410064697, 1623.9643031504622, 2311.9572637174588
545.1007854938507, 1623.9643031504622, 2311.9572637174588
545.6174035072327, 1623.9643031504622, 2311.9572637174588
546.1160664558411, 1623.9643031504622, 2311.9572637174588
546.632684469223, 1623.9643031504622, 2311.9572637174588
547.3996295928955, 1650.8546996316568, 2314.8799958305863
548.4029438495636, 1757.281851202393, 2316.169955746421
548.6353223323822, 1757.281851202393, 2316.169955746421
549.1110479831696, 1757.281851202393, 2316.169955746421
549.6087160110474, 1757.281851202393, 2316.169955746421
550.1053862571716, 1757.281851202393, 2316.169955746421
550.6269898414612, 1757.281851202393, 2316.169955746421
551.0917465686798, 1757.281851202393, 2316.169955746421
551.6163423061371, 1757.281851202393, 2316.169955746421
552.1189956665039, 1757.281851202393, 2316.169955746421
552.6236455440521, 1757.281851202393, 2316.169955746421
553.1103417873383, 1757.281851202393, 2316.169955746421
553.6329426765442, 1757.281851202393, 2316.169955746421
554.1236288547516, 1757.281851202393, 2316.169955746421
554.651216506958, 1757.281851202393, 2316.169955746421
555.1269423961639, 1757.281851202393, 2316.169955746421
555.635582447052, 1757.281851202393, 2316.169955746421
556.1083154678345, 1757.281851202393, 2316.169955746421
556.6159603595734, 1757.281851202393, 2316.169955746421
557.1076402664185, 1757.281851202393, 2316.169955746421
557.61727643013, 1757.281851202393, 2316.169955746421
558.1039729118347, 1757.281851202393, 2316.169955746421
558.6056294441223, 1757.281851202393, 2316.169955746421
559.1032996177673, 1757.281851202393, 2316.169955746421
559.5979740619659, 1757.281851202393, 2316.169955746421
560.1225697994232, 1757.281851202393, 2316.169955746421
560.4576711654663, 1757.281851202393, 2316.169955746421
560.6491603851318, 1757.281851202393, 2316.169955746421
561.1189012527466, 1757.281851202393, 2316.169955746421
561.2405757904053, 1757.281851202393, 2316.169955746421
561.604602098465, 1757.281851202393, 2316.169955746421
562.1252074241638, 1757.281851202393, 2316.169955746421
562.6139023303986, 1757.281851202393, 2316.169955746421
563.3978011608124, 1768.4426754263782, 2307.3343946700898
563.5982642173767, 1768.4426754263782, 2307.3343946700898
564.112886428833, 1768.4426754263782, 2307.3343946700898
564.3692014217377, 1768.4426754263782, 2307.3343946700898
564.6135456562042, 1768.4426754263782, 2307.3343946700898
564.9117484092712, 1768.4426754263782, 2307.3343946700898
565.1102159023285, 1768.4426754263782, 2307.3343946700898
565.6308236122131, 1768.4426754263782, 2307.3343946700898
566.0955786705017, 1768.4426754263782, 2307.3343946700898
566.8814759254456, 1766.5500675295955, 2306.851637955626
566.988189458847, 1766.5500675295955, 2306.851637955626
567.12681889534, 1766.5500675295955, 2306.851637955626
567.6105225086212, 1766.5500675295955, 2306.851637955626
568.1181654930115, 1766.5500675295955, 2306.851637955626
568.6068551540375, 1766.5500675295955, 2306.851637955626
569.1015310287476, 1766.5500675295955, 2306.851637955626
569.8694753646851, 1770.1277992338908, 2308.50386053325
570.1098322868347, 1770.1277992338908, 2308.50386053325
570.902708530426, 1766.5096865997612, 2306.283155747892
571.114143371582, 1766.5096865997612, 2306.283155747892
571.6108140945435, 1766.5096865997612, 2306.283155747892
