time, x0, y0, x1, y1...
3.524561643600464, 1387.0213143669464, 20.0
4.477011680603027, 2470.0190987052033, 20.0
5.194092273712158, 2470.0190987052033, 20.0
5.913167238235474, 20.0, 1236.4999999897902
6.440753221511841, 516.9831197472192, 20.0
7.189747333526611, 516.9831197472192, 20.0
7.6634790897369385, 516.9831197472192, 20.0
8.391529083251953, 20.0, 1528.0052822545838
8.640861511230469, 20.0, 1528.0052822545838
9.153489589691162, 20.0, 1528.0052822545838
9.632208585739136, 20.0, 1528.0052822545838
10.437052249908447, 1325.9915288045377, 20.0
10.687382221221924, 1325.9915288045377, 20.0
11.145158052444458, 1325.9915288045377, 20.0
11.654792308807373, 1325.9915288045377, 20.0
12.520473957061768, 20.0, 2782.0121007806483
13.271463394165039, 20.0, 2782.0121007806483
16.409062385559082, 585.9848639538459, 1334.997397367268
16.89974856376648, 20.0, 1892.0194528806471
17.42135214805603, 20.0, 20.0
18.012768268585205, 622.0001632238345, 2069.019357037105
18.948264122009277, 20.0, 311.9999478073005
20.019394397735596, 3060.0148346159385, 1812.0192261523657
21.02470302581787, 373.9734486808394, 119.99744147874975
21.889387369155884, 20.0, 20.0
22.406005382537842, 20.0, 2421.015295243443
22.685256958007812, 20.0, 2421.015295243443
23.405328273773193, 2794.9992882075894, 774.9780090536514
23.705524444580078, 2794.9992882075894, 774.9780090536514
24.42260479927063, 2970.0125510642033, 20.0
24.66495633125305, 2970.0125510642033, 20.0
25.922588348388672, 3555.0096506399727, 1439.9739328407575
26.420255422592163, 20.0, 20.0
26.67058539390564, 20.0, 20.0
27.593114852905273, 733.9972594311201, 696.9823808490668
28.346099615097046, 20.0, 942.9843336346925
28.8557345867157, 526.0001679259855, 693.9793703478709
29.407257556915283, 2011.9915953513805, 2047.0232970384338
29.683517932891846, 2011.9915953513805, 2047.0232970384338
30.158246994018555, 2011.9915953513805, 2047.0232970384338
30.953118324279785, 2993.005578405958, 20.0
31.744000673294067, 2993.005578405958, 20.0
32.41420531272888, 3429.012197769502, 1417.0297046002063
32.89990544319153, 3049.012185648522, 1739.005113459046
33.57609558105469, 2792.999850889397, 177.00430836989645
34.339051961898804, 2792.999850889397, 177.00430836989645
34.95440435409546, 2831.0116212646767, 475.9888513375914
35.693424701690674, 2831.0116212646767, 475.9888513375914
36.20805025100708, 2831.0116212646767, 475.9888513375914
37.43077325820923, 3455.010516388182, 2779.0141272096407
37.88455891609192, 1883.0154604773688, 20.0
38.38023018836975, 455.0079577379049, 20.0
38.92975974082947, 1888.0009035407745, 512.9803847962081
39.490259408950806, 3661.010923051417, 3001.0159826594245
40.273162841796875, 3661.010923051417, 3001.0159826594245
40.85759735107422, 599.9883420321904, 20.0
41.50985074043274, 3168.012008518407, 491.0097757212276
42.20997595787048, 3168.012008518407, 491.0097757212276
42.86123180389404, 20.0, 20.0
43.34992527961731, 808.9767495907593, 634.98176226414
43.65809869766235, 808.9767495907593, 634.98176226414
44.99950814247131, 3780.0096624502385, 20.0
45.97440958023071, 2669.0184202002206, 199.98956008133487
46.87799024581909, 20.0, 2780.013061736462
47.369675397872925, 20.0, 20.0
47.96060347557068, 1336.0286854381916, 386.99258824489084
48.882137298583984, 3048.0128818428925, 546.9853481984853
49.15839648246765, 3048.0128818428925, 546.9853481984853
49.86550450325012, 3468.009363220922, 20.0
50.63843369483948, 117.00850577554749, 20.0
51.391417026519775, 117.00850577554749, 20.0
51.880109786987305, 925.9913124537791, 20.0
52.41168546676636, 469.9806049064644, 20.0
52.69791889190674, 469.9806049064644, 20.0
53.6693172454834, 2679.991448916, 20.0
54.43028020858765, 2679.991448916, 20.0
54.919968605041504, 632.9830104899312, 1116.0285846760107
55.211188554763794, 632.9830104899312, 1116.0285846760107
55.6739501953125, 632.9830104899312, 1116.0285846760107
56.364102602005005, 3692.0093951185163, 1230.9999999979466
56.66130757331848, 3692.0093951185163, 1230.9999999979466
57.643675565719604, 2652.00532133508, 1309.9743472789835
58.415607929229736, 2652.00532133508, 1309.9743472789835
58.89233160018921, 2652.00532133508, 1309.9743472789835
59.395984172821045, 20.0, 498.9984583268394
60.27762413024902, 3288.0138284719997, 1083.0123538114055
60.88898682594299, 2847.014965538303, 631.9985768300687
61.41956543922424, 1836.0196704004798, 1680.0119871563645
61.680866718292236, 1836.0196704004798, 1680.0119871563645
62.188506841659546, 1836.0196704004798, 1680.0119871563645
62.673208236694336, 1836.0196704004798, 1680.0119871563645
63.212764501571655, 1836.0196704004798, 1680.0119871563645
63.686495304107666, 1836.0196704004798, 1680.0119871563645
64.43349623680115, 1390.5000000061698, 1824.0214444685616
64.68382477760315, 1390.5000000061698, 1824.0214444685616
65.446781873703, 20.0, 20.0
65.67915940284729, 20.0, 20.0
66.14690685272217, 20.0, 20.0
66.98566174507141, 2187.965498195162, 2431.997950501499
67.881263256073, 3147.013457181158, 20.0
68.4547290802002, 20.0, 919.9748276474745
69.39720416069031, 1333.9933943480244, 20.0
69.97066926956177, 242.99542718771767, 20.0
70.87225413322449, 20.0, 1358.9974228686688
71.53847074508667, 2807.0155306861466, 402.00239206932497
72.28746676445007, 2807.0155306861466, 402.00239206932497
73.37555193901062, 257.01347528285766, 20.0
73.65580153465271, 257.01347528285766, 20.0
74.40978217124939, 2932.016112242642, 20.0
75.05206418037415, 20.0, 170.00002179868278
76.13217163085938, 965.9998683975266, 2991.0020252055515
76.82232284545898, 965.9998683975266, 2991.0020252055515
77.36486983299255, 965.9998683975266, 2991.0020252055515
77.89544820785522, 1699.0333131888635, 1002.9756914934827
78.54271578788757, 3451.9769681868283, 20.0
79.52009963989258, 3932.995461836654, 20.0
80.43265581130981, 1508.0318202987628, 20.0
80.67201495170593, 1508.0318202987628, 20.0
81.20957541465759, 1508.0318202987628, 20.0
81.90670847892761, 20.0, 1500.0047747250958
82.6412570476532, 903.9969642611366, 89.01327212728083
83.42515778541565, 903.9969642611366, 89.01327212728083
83.92382311820984, 3534.011823389693, 20.0
84.4733510017395, 842.0088716851131, 20.0
85.48264837265015, 690.9847714455359, 20.0
86.37825226783752, 1044.0034442723208, 1085.9880481638302
86.66747760772705, 1044.0034442723208, 1085.9880481638302
87.48129653930664, 3144.01361490769, 1738.019301552434
88.41080856323242, 1512.9933093746815, 1212.9794711300326
89.12090682983398, 1894.9997799296173, 1002.414598014715
89.85294842720032, 1894.9997799296173, 1002.414598014715
90.37554883956909, 20.0, 20.0
90.8772041797638, 20.0, 671.9919962654712
91.43870186805725, 3539.0100208777903, 20.0
92.06103515625, 20.0, 2335.98602275146
92.89181065559387, 873.0042392019901, 1526.013672153891
93.42737627029419, 1568.9935303735192, 646.9856301053005
93.6846866607666, 1568.9935303735192, 646.9856301053005
94.49152755737305, 1401.0263245498197, 2189.019272571058
95.41405630111694, 3421.0107927469603, 786.9804144256921
95.66438698768616, 3421.0107927469603, 786.9804144256921
96.44629287719727, 836.9980440940061, 2340.0180201570265
97.43265151977539, 1416.01906318942, 20.0
97.66602683067322, 1416.01906318942, 20.0
98.42299962043762, 788.9920656207742, 20.0
98.94659733772278, 2782.0001572945944, 20.0
99.466717004776, 1918.99036154706, 948.0297245599728
100.39922022819519, 3578.0098781639413, 958.9986954760697
100.6455602645874, 3578.0098781639413, 958.9986954760697
101.43345069885254, 3434.0130976437244, 1054.9756582915832
101.83736896514893, 20.0, 20.0
102.40085983276367, 3339.012014392278, 20.0
102.84267926216125, 20.0, 911.975550609064
103.14386916160583, 20.0, 911.975550609064
103.89585518836975, 3505.0101004333023, 20.0
104.47031784057617, 20.0, 2848.0141893844384
105.17642736434937, 20.0, 2848.0141893844384
105.85261702537537, 1754.4694411910198, 1526.3880766309862
106.1548080444336, 1754.4694411910198, 1526.3880766309862
106.89482617378235, 1750.9684363152403, 1534.5593656040255
107.14715075492859, 1750.9684363152403, 1534.5593656040255
107.65080142021179, 1750.9684363152403, 1534.5593656040255
108.15146327018738, 1750.9684363152403, 1534.5593656040255
108.63416981697083, 1750.9684363152403, 1534.5593656040255
109.40011930465698, 1754.0686010642721, 1199.0413646529794
109.90077805519104, 1754.9077957079842, 1267.3216521281518
110.17703819274902, 1754.9077957079842, 1267.3216521281518
110.8821496963501, 1752.9024266078304, 1512.9328592987024
111.36385917663574, 1755.9124233324496, 1525.991884840376
111.67004179954529, 1755.9124233324496, 1525.991884840376
112.41105556488037, 1756.943109027042, 1202.564734770889
112.91171646118164, 1756.967456317579, 1180.2801024265743
113.42035269737244, 1755.2666774013671, 1113.8332810865602
113.91802072525024, 1757.9999021592341, 1511.1951947255468
114.15837669372559, 1757.9999021592341, 1511.1951947255468
114.99015021324158, 1755.5761627241252, 1190.8537592978041
115.93063163757324, 2895.8673056293933, 1174.802371137071
116.3844165802002, 1755.5416166489072, 1512.2875461932997
116.65569162368774, 1755.5416166489072, 1512.2875461932997
117.139395236969, 1755.5416166489072, 1512.2875461932997
117.6570086479187, 1755.5416166489072, 1512.2875461932997
118.41996741294861, 1753.8028087444472, 1126.227824825438
118.9276065826416, 1757.5262455365832, 1174.131601426597
119.36443734169006, 1754.8974396806545, 1522.2437933186245
119.84016418457031, 1755.445736181947, 1511.5469449662194
120.15133094787598, 1755.445736181947, 1511.5469449662194
120.92127013206482, 1757.3096519964263, 1226.5203048300202
121.15863251686096, 1757.3096519964263, 1226.5203048300202
121.71115374565125, 1757.3096519964263, 1226.5203048300202
122.34944534301758, 1762.307684314343, 959.5296063936246
122.86406803131104, 1763.241687276593, 942.7450168213753
123.3936493396759, 1763.9678422040504, 948.5058761535979
123.65096020698547, 1763.9678422040504, 948.5058761535979
124.40593814849854, 1762.182267433841, 1459.3035234657416
124.88764834403992, 1762.046076972847, 873.0795658670263
125.15293741226196, 1762.046076972847, 873.0795658670263
125.8879702091217, 1762.8416400242343, 989.971190598136
126.14627933502197, 1762.8416400242343, 989.971190598136
126.85139060020447, 1762.4948763331333, 991.0589501408439
127.34307384490967, 1762.676764320765, 803.5014145886579
127.64227652549744, 1762.676764320765, 803.5014145886579
128.43210172653198, 1763.624477833286, 928.9726382040402
129.39452481269836, 1763.0998815106059, 860.7158113711148
129.89917397499084, 1762.8001757729446, 814.3243592105116
130.3659245967865, 1763.0786648463202, 836.1049718980992
130.65016293525696, 1763.0786648463202, 836.1049718980992
131.37222909927368, 1762.2326862711493, 840.0013673701027
131.87189102172852, 1761.7122927366497, 1206.2159729157322
132.36457180976868, 1763.1021644933019, 920.3613827105381
132.637841463089, 1763.1021644933019, 920.3613827105381
133.3299880027771, 1762.497414532419, 1457.5273279993664
133.87452912330627, 1762.926740081097, 932.2718248436471
134.1448051929474, 1762.926740081097, 932.2718248436471
134.88083505630493, 1763.1968711279064, 1460.2267617516216
135.39645385742188, 1763.0828266486108, 876.1786461697933
135.8731770515442, 1763.1681592524733, 861.9772423846307
136.1494381427765, 1763.1681592524733, 861.9772423846307
136.87050914764404, 1763.3140291205286, 811.3972071041181
137.15673971176147, 1763.3140291205286, 811.3972071041181
137.62847709655762, 1763.3140291205286, 811.3972071041181
138.39243340492249, 1763.4003531083188, 878.7354393903631
138.9309892654419, 1763.018780048894, 318659.5318246717
139.19528198242188, 1763.018780048894, 318659.5318246717
139.85327768325806, 1762.8902750179093, 1457.1491578367452
140.15347599983215, 1762.8902750179093, 1457.1491578367452
140.9174289703369, 1763.1045479334748, 1453.707528416836
141.39814114570618, 1763.4045526236948, 854.4078662802881
141.6584451198578, 1763.4045526236948, 854.4078662802881
142.3595678806305, 1763.1373140917742, 1457.5301064900468
142.63084268569946, 1763.1373140917742, 1457.5301064900468
143.1454644203186, 1763.1373140917742, 1457.5301064900468
143.87650609016418, 1763.5867947316312, 280618.595683005
144.18069124221802, 1763.5867947316312, 280618.595683005
144.81000566482544, 1763.5266293737202, 1449.5701695210537
145.32762050628662, 1762.2783174850308, 873.5916712507247
145.66172671318054, 1762.2783174850308, 873.5916712507247
146.1564016342163, 1762.2783174850308, 873.5916712507247
146.8984134197235, 1763.11005645139, 1243.023353875042
147.19362354278564, 1763.11005645139, 1243.023353875042
147.8967409133911, 1763.1865894907007, 1451.6392134128414
148.4053795337677, 1763.0214248715458, 1459.1763547880928
148.67266464233398, 1763.0214248715458, 1459.1763547880928
149.3797698020935, 1605.8241227605129, 1089.7990273964795
149.63608312606812, 1605.8241227605129, 1089.7990273964795
150.15070629119873, 1605.8241227605129, 1089.7990273964795
150.65436053276062, 1605.8241227605129, 1089.7990273964795
151.38041305541992, 2637.521270981344, 2239.0768022892607
151.61279034614563, 2637.521270981344, 2239.0768022892607
152.3907082080841, 2210.254762818392, 2245.4609179275562
152.6230869293213, 2210.254762818392, 2245.4609179275562
153.35512590408325, 1932.1533895366772, 2256.9008030932323
153.6413595676422, 1932.1533895366772, 2256.9008030932323
154.39035487174988, 2172.405289801967, 2247.320882564939
154.84314274787903, 2337.780049507447, 2243.8468028626676
155.38070106506348, 2247.463368048665, 2239.822674320697
155.63402366638184, 2247.463368048665, 2239.822674320697
156.12670373916626, 2247.463368048665, 2239.822674320697
156.63434720039368, 2247.463368048665, 2239.822674320697
157.39331245422363, 1398.2188160677188, 2226.584683774874
157.62668871879578, 1398.2188160677188, 2226.584683774874
158.33778548240662, 286.46237741197245, 2234.81061241756
158.8524100780487, 261.2342886800207, 2237.16222271363
159.32214832305908, 203.52960470745535, 2238.9962927788506
159.84574508666992, 219.15733201443368, 2244.7127762335826
160.12898755073547, 219.15733201443368, 2244.7127762335826
160.80824542045593, 669.8373282778688, 2242.571346719108
161.37971544265747, 749.0957045954807, 2243.749279704178
161.63802361488342, 749.0957045954807, 2243.749279704178
162.35610151290894, 1052.691576472816, 2237.1377536619043
162.83880949020386, 1096.4443117609048, 2243.230383513854
163.1230480670929, 1096.4443117609048, 2243.230383513854
163.84511351585388, 1417.3224395356217, 2247.017298626841
164.36671710014343, 1455.4253997140838, 2247.035651398572
164.63200688362122, 1455.4253997140838, 2247.035651398572
165.33013772964478, 1474.6951246245603, 2250.990742837796
165.60240840911865, 1474.6951246245603, 2250.990742837796
166.1309928894043, 1474.6951246245603, 2250.990742837796
166.86502742767334, 1651.4579720521842, 2252.1112329325647
167.13630151748657, 1651.4579720521842, 2252.1112329325647
167.85637426376343, 1675.047938610069, 2249.338188897894
168.35703253746033, 1678.2605215317433, 2251.2863569681244
168.6312975883484, 1678.2605215317433, 2251.2863569681244
169.13295483589172, 1678.2605215317433, 2251.2863569681244
169.8490378856659, 1670.325332396494, 2247.6656444973187
170.38360714912415, 1682.7329294026126, 2253.758379707827
170.85933232307434, 1715.529818394243, 2262.376307348115
171.36398196220398, 1713.204894632067, 2262.8578953067386
171.87561130523682, 1707.6821153647643, 2260.5510364337565
172.35831880569458, 1713.3893960156931, 2264.202959647327
172.85399103164673, 1714.4023822195581, 2263.4024882487483
173.11928153038025, 1714.4023822195581, 2263.4024882487483
173.6249279975891, 1714.4023822195581, 2263.4024882487483
174.34400343894958, 1679.1908914668118, 2257.1642486819806
174.80377197265625, 1680.4560657748605, 2256.6312451387776
175.1388726234436, 1680.4560657748605, 2256.6312451387776
175.6116065979004, 1680.4560657748605, 2256.6312451387776
176.34065508842468, 1614.2753780720288, 2265.0036489474774
176.86325645446777, 1634.0071292872026, 2260.860145259096
177.1295428276062, 1634.0071292872026, 2260.860145259096
177.82867050170898, 1573.8906061958728, 2266.8794535247534
178.32035660743713, 1497.6119249974338, 2272.4455454965687
178.7940866947174, 570.2633043704957, 2296.919886894921
179.3286542892456, 5.500367508213081, 134.42688994082795
180.47857522964478, 2464.866154523248, 440.56529414016677
181.43800592422485, 2933.0554024957937, 350.64663329334354
181.9486403465271, 1944.3335505362813, 54.891902461798175
182.4941794872284, 2017.9002312581067, 362.41766517296884
183.20327973365784, 2017.9002312581067, 362.41766517296884
183.98219442367554, 3904.485326695991, 94.49998361651159
184.96057438850403, 2401.934008051739, 366.62286377441677
185.71156311035156, 2401.934008051739, 366.62286377441677
186.4446017742157, 2586.093969042529, 23.747731195270426
187.49478936195374, 2536.0958173881772, 369.2288679752565
188.4282886981964, 3368.8310988787016, 306.4096559429403
188.68859314918518, 3368.8310988787016, 306.4096559429403
189.45653653144836, 5046.553817338178, 369.5147813438323
190.48976945877075, 3595.4968264682884, 432.94836101247745
191.26569080352783, 3595.4968264682884, 432.94836101247745
191.73842692375183, 3595.4968264682884, 432.94836101247745
192.23808765411377, 3595.4968264682884, 432.94836101247745
192.89034223556519, 3859.587045316549, 173.5323118143437
193.40995001792908, 3418.0491188941824, 370.2520101609286
193.93654084205627, 3847.4000779810117, 320.76533457580155
194.22177648544312, 3847.4000779810117, 320.76533457580155
194.7104685306549, 3847.4000779810117, 320.76533457580155
195.45447516441345, 2902.5889869674947, 529.7697187486015
196.48471760749817, 2603.8649105689037, 300.7792464718325
197.54188561439514, 1702.7531530518527, 139.6413001034775
198.45743417739868, 3492.011540740261, 301.7492736314805
199.2293679714203, 3492.011540740261, 301.7492736314805
199.9683907032013, 770.3658295240083, 370.1597971839644
200.96073198318481, 3623.090369010919, 195.20943843520354
201.8254165649414, 773.9623250595216, 2230.161550427544
202.32807087898254, 922.9284892264709, 2228.357596600025
202.62527561187744, 922.9284892264709, 2228.357596600025
203.12892603874207, 922.9284892264709, 2228.357596600025
203.62759065628052, 922.9284892264709, 2228.357596600025
204.3526508808136, 1176.0521250490492, 2221.295187775769
204.85330891609192, 1245.729112605057, 2221.1421268889785
205.38688135147095, 1440.5011916531762, 2218.968951763975
205.84964108467102, 1472.3678317023764, 2218.059871176493
206.36625814437866, 1639.8660659120217, 2215.345392889387
206.63254499435425, 1639.8660659120217, 2215.345392889387
207.11724758148193, 1639.8660659120217, 2215.345392889387
207.84928917884827, 1310.2005388382486, 2208.9992386719923
208.1205611228943, 1310.2005388382486, 2208.9992386719923
208.64515590667725, 1310.2005388382486, 2208.9992386719923
209.37719750404358, 901.8867107232907, 2193.192427659185
209.8828420639038, 887.0060830266061, 2189.778410005688
210.4084348678589, 864.1298070109754, 2180.2505549406537
210.86920189857483, 846.9273391739187, 2171.2451904192585
211.33994030952454, 919.0055023226388, 2169.3201448432906
211.87450861930847, 989.0212551638778, 2166.452780256567
212.4090781211853, 1010.9094799599835, 2165.770504028806
212.67436695098877, 1010.9094799599835, 2165.770504028806
213.42036986351013, 1091.1696924299722, 2168.1660157821566
213.6587312221527, 1091.1696924299722, 2168.1660157821566
214.14343333244324, 1091.1696924299722, 2168.1660157821566
214.62913274765015, 1091.1696924299722, 2168.1660157821566
215.43996214866638, 1114.6569235761112, 2169.8738947769702
215.66037154197693, 1114.6569235761112, 2169.8738947769702
216.39141607284546, 1368.0751553125028, 2174.749991165552
216.87013292312622, 1417.5108439786018, 2176.4309973306886
217.37278628349304, 1421.1488765704853, 2176.3926455806895
217.67098927497864, 1421.1488765704853, 2176.3926455806895
218.33421349525452, 1427.808875036278, 2176.908738821455
218.62842464447021, 1427.808875036278, 2176.908738821455
219.3295476436615, 1442.0859335140665, 2177.6209730454593
219.8441698551178, 1444.6144741155763, 2178.4288051371386
220.38173079490662, 1438.1818601340199, 2179.15263298098
220.80359983444214, 1442.0229486513604, 2178.88651533678
221.3262004852295, 1437.3779927400453, 2178.802762334804
221.88969159126282, 1437.902673863678, 2178.8200443389965
222.42525815963745, 1443.1311577518056, 2179.524262990206
222.90796732902527, 1444.7009135821927, 2180.637469526157
223.38169693946838, 1445.3170494701149, 2180.543369293138
223.84246253967285, 1443.5729329328935, 2180.55482066691
224.38102221488953, 1432.7301412320287, 2181.401443172059
224.8956425189972, 1446.6401116455959, 2181.380283459369
225.0901222229004, 1446.6401116455959, 2181.380283459369
225.5778169631958, 1432.4943373762592, 2181.394753271695
225.97974061965942, 1438.0116258339588, 2181.0273713417337
226.12335634231567, 1438.0116258339588, 2181.0273713417337
226.62999939918518, 1438.0116258339588, 2181.0273713417337
227.34508562088013, 1438.4321841604287, 2181.007119311449
227.81582403182983, 1437.691907312738, 2181.1959472867998
228.20877194404602, 1436.446434074776, 2181.2186295064153
228.41921043395996, 1436.446434074776, 2181.2186295064153
228.61967134475708, 1436.446434074776, 2181.2186295064153
229.04553198814392, 1436.135013748609, 2181.3112482483702
229.85636019706726, 1437.3288877404432, 2181.225846220298
230.13461542129517, 1437.3288877404432, 2181.225846220298
230.85169529914856, 1439.511475825971, 2181.0997581433435
231.3233675956726, 1437.9936600201386, 2181.0727573397735
231.53679585456848, 1437.9936600201386, 2181.0727573397735
232.37954020500183, 1438.2569969528518, 2181.178284551019
232.87321829795837, 1441.6166064005806, 2180.9984544838876
233.12255120277405, 1441.6166064005806, 2180.9984544838876
233.82766246795654, 1439.0429420446287, 2181.1864130758636
234.38417148590088, 1439.2800049832788, 2181.147104553151
234.89679884910583, 1438.3880539258407, 2181.1807940498193
235.33761858940125, 1439.280047923738, 2181.1180040661734
235.5340931415558, 1439.280047923738, 2181.1180040661734
236.33993458747864, 1437.797633580746, 2181.117995507935
236.85156631469727, 1437.5362691229416, 2181.089160321913
237.28939294815063, 1438.7116085990567, 2180.9528960641783
237.76711702346802, 1438.0997749142264, 2181.0753469625515
238.36451363563538, 1438.6781493694543, 2181.01093061103
238.83525395393372, 1436.8528242968046, 2181.2297090382535
239.1593849658966, 1436.8528242968046, 2181.2297090382535
239.55931520462036, 1436.8528242968046, 2181.2297090382535
239.9961440563202, 1442.7301214938775, 2180.8888400210585
240.2155578136444, 1442.7301214938775, 2180.8888400210585
240.6384243965149, 1442.7301214938775, 2180.8888400210585
241.37345790863037, 1439.0948907593947, 2181.160394964995
241.8491861820221, 1440.5229530608083, 2180.946200717346
242.1114809513092, 1440.5229530608083, 2180.946200717346
242.71685886383057, 1441.9831960218403, 2180.958192580568
242.9262990951538, 1441.9831960218403, 2180.958192580568
243.35914015769958, 1441.8077103434093, 2180.9226894794465
243.82788515090942, 1440.3752571657383, 2180.9440933885994
244.4043412208557, 1437.5244446202016, 2181.0339816328787
244.8471555709839, 1438.6847448628712, 2181.188074893504
245.33784294128418, 1438.3658560006243, 2181.0323392148757
245.6190881729126, 1438.3658560006243, 2181.0323392148757
246.3351719379425, 1438.3050829415338, 2181.1793656442005
246.62838578224182, 1438.3050829415338, 2181.1793656442005
247.14699792861938, 1438.3050829415338, 2181.1793656442005
247.638680934906, 1438.3050829415338, 2181.1793656442005
248.37371253967285, 1438.423163251466, 2181.1728228102725
248.6360101699829, 1438.423163251466, 2181.1728228102725
249.20947527885437, 1438.3021079284456, 2181.1298588351797
249.71013522148132, 1444.9059105294034, 2180.6122003521577
250.011328458786, 1444.9059105294034, 2180.6122003521577
250.19782876968384, 1444.9059105294034, 2180.6122003521577
250.86005544662476, 1439.747556273552, 2181.1339660566027
251.13731384277344, 1439.747556273552, 2181.1339660566027
251.63298654556274, 1439.747556273552, 2181.1339660566027
252.3690152168274, 1437.5964368541217, 2181.263105794644
252.4976704120636, 1437.5964368541217, 2181.263105794644
252.641286611557, 1437.5964368541217, 2181.263105794644
253.3832986354828, 1442.4617545574736, 2180.868341965539
253.84605932235718, 1443.428810289521, 2180.780803270293
254.35070753097534, 1440.5165748733532, 2181.1526125334844
254.8304250240326, 1446.9379112105091, 2180.5080174535574
255.35202813148499, 1440.0055851132506, 2181.0119304918194
255.8157856464386, 1439.4236375152248, 2181.1274173781308
256.324423789978, 1438.8153008695697, 2181.1623681991923
256.81211853027344, 1440.318297574307, 2180.7327792021615
257.3875765800476, 1442.375345669197, 2180.881406772949
257.6508731842041, 1442.375345669197, 2180.881406772949
258.44075751304626, 1443.010797909702, 2180.6945054159637
259.32937812805176, 1439.3896370658815, 2181.0015043762933
259.84798884391785, 1441.331367055884, 2180.930578872501
260.39751720428467, 1439.3237317142302, 2181.0154119787317
260.9101445674896, 1438.422106899255, 2181.0783673164287
261.3739035129547, 1438.6169052734756, 2181.107011397177
261.88353872299194, 1438.2253357700442, 2181.1103206629177
262.36724281311035, 1435.5620061062314, 2181.4956163634247
262.64051127433777, 1435.5620061062314, 2181.4956163634247
263.3835217952728, 1441.1977732173598, 2181.0368344092494
263.6428282260895, 1441.1977732173598, 2181.0368344092494
264.29707527160645, 1440.713001854963, 2180.8294898052195
264.80770897865295, 1431.7891538202302, 2180.3982337799894
265.42904472351074, 1441.0565366626997, 2180.986754947005
265.56867241859436, 1441.0565366626997, 2180.986754947005
266.15709590911865, 1441.0565366626997, 2180.986754947005
266.8801589012146, 1444.7966320490132, 2180.62791187939
267.1494381427765, 1444.7966320490132, 2180.62791187939
267.920373916626, 1443.012403061094, 2180.833070016336
268.38512992858887, 1437.7583705139903, 2181.2171858559254
268.6374545097351, 1437.7583705139903, 2181.2171858559254
269.3764753341675, 1437.653388188493, 2181.1218141304494
269.84222769737244, 1444.335515480373, 2180.6938020808316
270.3339123725891, 1441.4065367583626, 2181.2152527470107
270.87945103645325, 1443.798278153086, 2180.759238288977
271.3452043533325, 1442.8218022113235, 2180.795291889232
271.87877440452576, 1440.016350726617, 2181.021393445987
272.3634777069092, 1441.720051507788, 2180.9832766014656
272.88508224487305, 1438.4844145217746, 2181.0514450299875
273.1214473247528, 1438.4844145217746, 2181.0514450299875
273.8574767112732, 1445.4265309340683, 2180.545948759035
274.39703249931335, 1440.875213438069, 2180.917093366114
274.8986883163452, 1445.3198465366527, 2180.6042159720864
275.3454923629761, 1442.4537816931468, 2180.900609305234
275.8581202030182, 1442.4685220238769, 2180.8533293023083
276.35678482055664, 1441.7373926698097, 2180.8073592120613
276.6320469379425, 1441.7373926698097, 2180.8073592120613
277.33243799209595, 1440.4659348422585, 2180.831437075746
277.8939344882965, 1445.4065677041792, 2180.6509518191924
278.17318773269653, 1445.4065677041792, 2180.6509518191924
278.90722250938416, 1441.8563962486562, 2180.839610089252
279.1585512161255, 1441.8563962486562, 2180.839610089252
279.6631979942322, 1441.8563962486562, 2180.839610089252
280.3264217376709, 1444.2809101807452, 2181.589011437467
280.4720313549042, 1444.2809101807452, 2181.589011437467
280.8671290874481, 1442.9759331137504, 2181.5102458293577
281.4206476211548, 1441.3573500821444, 2181.7614256347883
281.8943877220154, 1439.4859485492818, 2181.8528662201006
282.38705945014954, 1427.9077939701383, 2181.4122885189286
282.89769220352173, 1436.4194107854105, 2181.095125006382
283.1191008090973, 1436.4194107854105, 2181.095125006382
283.85014247894287, 1436.380579841634, 2181.1414841237556
284.38869976997375, 1444.848667292082, 2181.452317037839
284.6300530433655, 1444.848667292082, 2181.452317037839
285.36209321022034, 1443.9448145483755, 2181.5835495337365
285.8467962741852, 1442.8699762202161, 2181.494068453114
286.3484537601471, 1441.873983041682, 2181.663924115296
286.634685754776, 1441.873983041682, 2181.663924115296
287.3786940574646, 1431.5616390288676, 2181.263770718223
287.6230399608612, 1431.5616390288676, 2181.263770718223
288.13067960739136, 1431.5616390288676, 2181.263770718223
288.8791949748993, 1435.7052250681736, 2181.460761465084
289.14149475097656, 1435.7052250681736, 2181.460761465084
289.8805139064789, 1449.0481968150864, 2182.801752543511
290.3971309661865, 1443.5997787715662, 2183.351579491815
290.92072916030884, 1445.0595652161965, 2183.413625684998
291.3944606781006, 1443.5592749948626, 2183.1765046977375
291.8492434024811, 1439.079296417809, 2183.011772205925
292.4071569442749, 1433.4664904734952, 2182.496493899715
292.9058210849762, 1430.6103485954307, 2179.3791108370847
293.1302206516266, 1430.6103485954307, 2179.3791108370847
293.6318783760071, 1430.6103485954307, 2179.3791108370847
294.13652515411377, 1430.6103485954307, 2179.3791108370847
294.8635802268982, 1423.263252478682, 2176.343528059724
295.4031341075897, 1411.6522186023053, 2178.0715951769357
295.64648175239563, 1411.6522186023053, 2178.0715951769357
296.15312790870667, 1411.6522186023053, 2178.0715951769357
296.8741948604584, 1417.4556931596242, 2180.087358935695
297.40676951408386, 1428.6959954839474, 2182.6642735920223
297.63715291023254, 1428.6959954839474, 2182.6642735920223
298.380163192749, 1429.3495890134336, 2180.956756448176
298.6155343055725, 1429.3495890134336, 2180.956756448176
299.3505644798279, 1436.0190071134011, 2180.9383753979287
299.64876651763916, 1436.0190071134011, 2180.9383753979287
300.13446617126465, 1436.0190071134011, 2180.9383753979287
300.81963181495667, 1430.1494900802006, 2180.0371768434948
301.3631753921509, 1425.3412625321062, 2180.0290865981974
301.8259358406067, 1423.3124945130703, 2180.143259028148
302.35551834106445, 1423.011116957899, 2180.021167506527
302.82725620269775, 1421.5675668044205, 2180.217193998822
303.3807725906372, 1433.9313767687372, 2180.3650083759985
303.49746084213257, 1433.9313767687372, 2180.3650083759985
303.6699995994568, 1433.9313767687372, 2180.3650083759985
304.3810942173004, 1426.082986387649, 2180.069994368997
304.85582280158997, 1426.5361645188268, 2180.1056442560557
305.14105916023254, 1426.5361645188268, 2180.1056442560557
305.6277561187744, 1426.5361645188268, 2180.1056442560557
306.36378502845764, 1430.0504894112191, 2179.3815868294087
306.8235557079315, 1434.4791273713304, 2179.360946181691
306.9761459827423, 1434.4791273713304, 2179.360946181691
307.3451578617096, 1427.9403708292696, 2179.769002520508
307.87374329566956, 1426.1461279095624, 2180.065137665209
308.384375333786, 1428.2647729992905, 2179.9707253177367
308.6745984554291, 1428.2647729992905, 2179.9707253177367
309.38669657707214, 1427.1888444397384, 2179.788384518552
309.63603019714355, 1427.1888444397384, 2179.788384518552
310.3590934276581, 1425.7339336018856, 2180.0626575262604
310.6233856678009, 1425.7339336018856, 2180.0626575262604
311.3653995990753, 1429.9563531591482, 2179.7747246702843
311.6426558494568, 1429.9563531591482, 2179.7747246702843
312.4046154022217, 1428.1333912163636, 2179.974636348069
312.6369936466217, 1428.1333912163636, 2179.974636348069
312.86039447784424, 1428.1333912163636, 2179.974636348069
313.3261489868164, 1424.82076787218, 2180.217414046309
313.8327922821045, 1426.019190535648, 2180.091811329179
314.37434101104736, 1438.7727077843333, 2180.2041439676996
314.88397669792175, 1435.0632198257586, 2180.424012099267
315.34972977638245, 1437.9057774427285, 2180.332640720745
315.8823037147522, 1422.2586859647665, 2180.2313565063664
316.14859223365784, 1422.2586859647665, 2180.2313565063664
316.6382782459259, 1422.2586859647665, 2180.2313565063664
317.35236835479736, 1424.7755801875783, 2180.108242418016
317.871976852417, 1429.93706717986, 2179.7961008380016
318.14525270462036, 1429.93706717986, 2179.7961008380016
318.85035610198975, 1426.3408389576339, 2180.0617526488663
319.41085481643677, 1426.6170585099205, 2180.135795366976
319.64323258399963, 1426.6170585099205, 2180.135795366976
320.3513379096985, 1424.8824655097492, 2179.9786425722905
320.6605100631714, 1424.8824655097492, 2179.9786425722905
321.1571800708771, 1424.8824655097492, 2179.9786425722905
321.8573043346405, 1429.2183909465823, 2179.8161220540724
322.1395483016968, 1429.2183909465823, 2179.8161220540724
322.8606176376343, 1425.188234165006, 2180.092465515328
323.3672604560852, 1427.5533504811558, 2180.055065254853
323.9088122844696, 1430.186198209552, 2179.743879375111
324.36459159851074, 1426.053671876757, 2180.0894046771127
324.8542809486389, 1425.1653081024622, 2179.954458138191
325.35992550849915, 1425.8501897003864, 2179.9143017676283
325.8825261592865, 1425.0268119233815, 2179.904806762978
326.16875982284546, 1425.0268119233815, 2179.904806762978
326.88883233070374, 1426.5324717654978, 2179.929242682969
327.13916206359863, 1426.5324717654978, 2179.929242682969
327.8692076206207, 1436.7304575971177, 2180.2743010741488
328.36137318611145, 1438.099082200355, 2180.2792853722303
328.85006380081177, 1426.2064742310376, 2179.959983218326
329.1622281074524, 1426.2064742310376, 2179.959983218326
329.87432050704956, 1428.3555558220294, 2179.9147085603513
330.36799931526184, 1426.1121061510794, 2180.1880929047156
330.8776342868805, 1426.9359295084394, 2179.887215804899
331.1319537162781, 1426.9359295084394, 2179.887215804899
331.88493752479553, 1425.9353366934004, 2180.110054611917
332.14823269844055, 1425.9353366934004, 2180.110054611917
332.88426065444946, 1429.5153030250654, 2179.668173775596
333.37095856666565, 1428.0747188109374, 2179.8768378462214
333.8736126422882, 1431.9337603770769, 2179.6482554664053
334.37128019332886, 1431.203857934511, 2179.6806916956734
334.87991857528687, 1423.332261310133, 2179.245414472054
335.4364278316498, 1432.5688881413998, 2179.477573577932
336.37619137763977, 1432.9150791126094, 2179.6882766890817
336.87884497642517, 1431.4154000625279, 2179.775022836373
337.37052845954895, 1429.8668355781438, 2179.901975524167
337.8662021160126, 1428.8059114732634, 2180.1313553454715
338.1424615383148, 1428.8059114732634, 2180.1313553454715
338.85654878616333, 1437.5723412101456, 2179.6144822293577
339.146772146225, 1437.5723412101456, 2179.6144822293577
339.6264867782593, 1437.5723412101456, 2179.6144822293577
340.31763768196106, 1437.698177954042, 2179.59718906361
340.86816239356995, 1432.7387003354331, 2179.6659622466054
341.43265080451965, 1431.513339092618, 2179.7166724705726
341.6610405445099, 1431.513339092618, 2179.7166724705726
342.38809299468994, 1430.671813102433, 2179.6950144424673
342.63642859458923, 1430.671813102433, 2179.6950144424673
343.36348152160645, 1428.064174457765, 2179.904072149196
343.89956068992615, 1426.004013446029, 2179.2162414891945
344.4121870994568, 1427.494911101555, 2179.2963634081902
344.9706907272339, 1426.7477855047412, 2179.096185597274
345.6219472885132, 1426.7477855047412, 2179.096185597274
346.38291025161743, 1428.7312947048408, 2179.2553969714013
346.9124927520752, 1427.7626021787294, 2179.13767186682
347.17578625679016, 1427.7626021787294, 2179.13767186682
347.64154171943665, 1427.7626021787294, 2179.13767186682
348.42045426368713, 1428.5530505051256, 2179.107816249262
348.6288950443268, 1428.5530505051256, 2179.107816249262
349.3968415260315, 1435.8179698775293, 2179.75104479819
349.80873703956604, 1429.1213756839586, 2179.188130745759
350.1707684993744, 1429.1213756839586, 2179.188130745759
350.8439655303955, 1425.170528056917, 2179.0761958212856
351.1371786594391, 1425.170528056917, 2179.0761958212856
351.6208846569061, 1425.170528056917, 2179.0761958212856
352.32599544525146, 1432.3442704242648, 2179.9537319427527
352.8097002506256, 1431.476994151191, 2179.6217004143277
353.1757206916809, 1431.476994151191, 2179.6217004143277
353.9406728744507, 1438.0894435782961, 2179.29158773389
354.6388030052185, 1438.0894435782961, 2179.29158773389
355.1614046096802, 1438.0894435782961, 2179.29158773389
355.8455719947815, 1430.5628026144132, 2179.8167740109616
356.3881194591522, 1430.3603790822904, 2179.7166300533368
356.64144229888916, 1430.3603790822904, 2179.7166300533368
357.3974173069, 1429.1054876353614, 2179.803697905589
357.62879705429077, 1429.1054876353614, 2179.803697905589
358.3468744754791, 1432.1031038005588, 2179.785517370813
358.8535189628601, 1432.0317656219324, 2179.6419318405087
359.35716938972473, 1427.639410686959, 2179.98993598779
359.88076734542847, 1425.0905310893559, 2179.9343886490974
360.38541555404663, 1430.071530948313, 2179.702416744849
360.8751049041748, 1427.032880913208, 2179.9374777233356
361.3997001647949, 1429.705381059508, 2179.839145232038
361.66000509262085, 1429.705381059508, 2179.839145232038
362.4030134677887, 1429.2225374410325, 2179.7641721770433
362.879736661911, 1427.327183680906, 2179.9372316887957
363.3724184036255, 1425.7666520987066, 2180.0707302943706
363.88604283332825, 1426.4849109922955, 2180.1242003187217
364.365758895874, 1426.0944217954807, 2180.0738450961444
364.63902735710144, 1426.0944217954807, 2180.0738450961444
365.38502955436707, 1427.5328968218776, 2179.85422710039
365.63735365867615, 1427.5328968218776, 2179.85422710039
366.12205600738525, 1427.5328968218776, 2179.85422710039
366.88102674484253, 1427.8821932745668, 2179.7558656667493
367.3577470779419, 1423.7580124120877, 2180.0715916975537
367.9152545928955, 1426.7765967140565, 2179.995732939669
368.4049434661865, 1426.3947029706824, 2180.01920638267
368.8826632499695, 1423.90412792368, 2180.1011025211737
369.3863151073456, 1425.06243708447, 2180.0477648472875
369.8480792045593, 1427.9492876587794, 2179.7952410482003
370.12832856178284, 1427.9492876587794, 2179.7952410482003
370.83044719696045, 1423.7981741094886, 2180.0603815578893
371.3490595817566, 1425.9775971884994, 2179.9127638172804
371.86767077445984, 1422.5444367710686, 2180.0884809343042
372.4062304496765, 1428.4327035206845, 2179.8984432059897
372.62763595581055, 1428.4327035206845, 2179.8984432059897
373.3516972064972, 1424.6684354950862, 2180.0829842392495
373.87130665779114, 1430.5252659299958, 2179.945028065452
374.40786957740784, 1424.1770499874315, 2180.117696781147
374.6382520198822, 1424.1770499874315, 2180.117696781147
375.3064639568329, 1427.723185270884, 2179.854777305261
375.6126432418823, 1427.723185270884, 2179.854777305261
376.34568214416504, 1427.4664038807987, 2179.9190763189
376.91814732551575, 1421.0784936391688, 2180.1283825438177
377.372930765152, 1422.6618086164722, 2180.1940734376853
377.6442041397095, 1422.6618086164722, 2180.1940734376853
378.1189317703247, 1422.6618086164722, 2180.1940734376853
378.6265723705292, 1422.6618086164722, 2180.1940734376853
379.3725769519806, 1423.8776265927781, 2179.9149982357503
379.8632616996765, 1423.7340814564902, 2179.882883155978
380.3320064544678, 1424.935098281199, 2179.92753557578
380.66511392593384, 1424.935098281199, 2179.92753557578
381.173752784729, 1424.935098281199, 2179.92753557578
381.6215534210205, 1424.935098281199, 2179.92753557578
382.35758352279663, 1438.3730395429798, 2180.1889703214597
382.636834859848, 1438.3730395429798, 2180.1889703214597
383.3569085597992, 1424.9743950783186, 2180.0111318316526
383.6461329460144, 1424.9743950783186, 2180.0111318316526
384.4170687198639, 1422.8319946906695, 2180.0761864333126
384.88681077957153, 1422.2677897167464, 2180.119342260741
385.4074161052704, 1435.9159370041275, 2180.311895031327
385.64478278160095, 1435.9159370041275, 2180.311895031327
386.1534192562103, 1435.9159370041275, 2180.311895031327
386.6281487941742, 1435.9159370041275, 2180.311895031327
387.369163274765, 1438.2115438283222, 2180.37861037962
387.8448896408081, 1438.8266007124355, 2180.298120740313
388.1530649662018, 1438.8266007124355, 2180.298120740313
388.65571999549866, 1438.8266007124355, 2180.298120740313
389.3967354297638, 1434.5220980697354, 2180.468204125563
389.8704664707184, 1434.0806920218542, 2180.702374739903
390.3511791229248, 1436.2116430676626, 2180.281023741655
390.89173102378845, 1424.9509023955513, 2180.0372054680106
391.37144684791565, 1422.6116662805275, 2180.1658553432817
391.8631308078766, 1435.082751248803, 2180.355343202214
392.11744952201843, 1435.082751248803, 2180.355343202214
392.88339853286743, 1423.8189276830956, 2180.122211592698
393.14569664001465, 1423.8189276830956, 2180.122211592698
393.85978388786316, 1437.846643887856, 2180.138745635825
394.1410319805145, 1437.846643887856, 2180.138745635825
394.86808466911316, 1422.9692172255548, 2180.047989072787
395.37372946739197, 1420.2401509616434, 2180.1956650779734
395.64999127388, 1420.2401509616434, 2180.1956650779734
396.33016872406006, 1433.9417300689047, 2180.3291116267665
396.8836874961853, 1423.7424251741518, 2180.1554720188856
397.35542488098145, 1423.8230310959477, 2180.028454519671
397.6416575908661, 1423.8230310959477, 2180.028454519671
398.1433141231537, 1423.8230310959477, 2180.028454519671
398.90826630592346, 1433.6725609583114, 2180.3555195400177
399.13232350349426, 1433.6725609583114, 2180.3555195400177
399.8833122253418, 1432.8744147747368, 2180.3082029125467
400.14560985565186, 1432.8744147747368, 2180.3082029125467
400.859699010849, 1419.619195336157, 2180.1890646691145
401.36434721946716, 1432.5422509763537, 2180.2886286465446
401.85602951049805, 1437.09918700781, 2180.217939660953
402.38760709762573, 1422.5330022758533, 2179.9819433096905
402.64292311668396, 1422.5330022758533, 2179.9819433096905
403.0348732471466, 1422.5330022758533, 2179.9819433096905
403.4776875972748, 1435.4687551977672, 2180.2605927118357
404.1478934288025, 1435.4687551977672, 2180.2605927118357
404.82607769966125, 1426.0162944962024, 2180.0643361184566
405.3327205181122, 1424.276933472092, 2180.0952588379837
405.6199526786804, 1424.276933472092, 2180.0952588379837
406.31907892227173, 1436.1170865909926, 2180.24081476865
406.79879570007324, 1437.0899534253708, 2180.166893962091
407.26055908203125, 1431.449905705439, 2180.540117470344
407.8370158672333, 1423.0718242548055, 2180.128158945374
408.15616106987, 1423.0718242548055, 2180.128158945374
408.6189229488373, 1423.0718242548055, 2180.128158945374
409.34098720550537, 1421.1468082648569, 2180.216052498918
409.64517402648926, 1421.1468082648569, 2180.216052498918
410.1707661151886, 1421.1468082648569, 2180.216052498918
410.89083766937256, 1424.8745115307302, 2180.0242348676597
411.4014708995819, 1420.7694872126528, 2180.216868008307
411.957980632782, 1420.2626093690399, 2180.2234825941064
412.9052345752716, 1422.6898277120358, 2180.1179285473713
413.1665349006653, 1422.6898277120358, 2180.1179285473713
413.6492416858673, 1422.6898277120358, 2180.1179285473713
414.1548902988434, 1422.6898277120358, 2180.1179285473713
414.632609128952, 1422.6898277120358, 2180.1179285473713
415.32375955581665, 1422.6898277120358, 2180.1179285473713
415.6179714202881, 1422.6898277120358, 2180.1179285473713
416.2133767604828, 1422.6898277120358, 2180.1179285473713
416.6123104095459, 1422.6898277120358, 2180.1179285473713
417.4001986980438, 1437.6725453105612, 2180.2146080736334
418.0075726509094, 1437.350209140023, 2180.2121332783818
418.8373508453369, 1438.1968362825944, 2180.29343523263
419.1385440826416, 1438.1968362825944, 2180.29343523263
419.6222491264343, 1438.1968362825944, 2180.29343523263
420.3682658672333, 1437.3496325571994, 2180.4105437612434
420.86693000793457, 1435.9078084006155, 2180.3183562138065
421.38554334640503, 1436.3044855249545, 2180.220726969434
421.8802156448364, 1423.0021036765086, 2180.1568030833246
422.3898546695709, 1434.5786448198646, 2180.2548676906854
422.8845314979553, 1423.0506211630275, 2180.1667636901866
423.1488196849823, 1423.0506211630275, 2180.1667636901866
423.87188363075256, 1423.7937223440333, 2180.1746373669976
424.1311893463135, 1423.7937223440333, 2180.1746373669976
424.8961408138275, 1435.301917548161, 2180.2714459580297
425.1384930610657, 1435.301917548161, 2180.2714459580297
425.85258054733276, 1424.298069038005, 2180.0187411413335
426.3662049770355, 1432.6159714950154, 2180.419521140731
426.84292912483215, 1424.8384686615134, 2180.1317561038895
427.40641951560974, 1438.3402514881107, 2180.326150720303
427.6497685909271, 1438.3402514881107, 2180.326150720303
428.3658504486084, 1423.8338587816174, 2180.128111885854
428.6241590976715, 1423.8338587816174, 2180.128111885854
429.35919165611267, 1422.0512227770014, 2180.0798173038233
429.8189597129822, 1420.7106464933406, 2180.133222289722
430.34953784942627, 1423.3017953905842, 2180.006681142646
430.6228075027466, 1423.3017953905842, 2180.006681142646
431.1364314556122, 1423.3017953905842, 2180.006681142646
431.62213110923767, 1423.3017953905842, 2180.006681142646
432.36913084983826, 1436.7084336925195, 2180.25813076481
432.8279049396515, 1426.8194047419904, 2180.06759432667
433.3624725341797, 1425.138240989359, 2180.0204592358214
433.62975549697876, 1425.138240989359, 2180.0204592358214
434.1473686695099, 1425.138240989359, 2180.0204592358214
434.8016185760498, 1425.9488478328626, 2179.834693184304
435.41407918930054, 1430.6778066955956, 2179.581308140486
435.6534390449524, 1430.6778066955956, 2179.581308140486
436.14512157440186, 1430.6778066955956, 2179.581308140486
436.8582127094269, 1429.829946465998, 2179.9688158018143
437.4217035770416, 1439.223549937127, 2180.19589813294
437.6610629558563, 1439.223549937127, 2180.19589813294
438.38811564445496, 1428.013617873596, 2179.903172481165
438.85386872291565, 1427.147396513731, 2180.1068700845417
439.36749267578125, 1426.267288539588, 2179.990548826398
439.87214255332947, 1428.7066526593132, 2179.98184233796
440.35385298728943, 1428.3695385266674, 2180.0867144728613
440.87645387649536, 1428.787846801407, 2179.864612629366
441.13775300979614, 1428.787846801407, 2179.864612629366
441.8388764858246, 1427.2912714632262, 2179.846178876287
442.3764364719391, 1429.4976681357296, 2179.883660607575
442.6277632713318, 1429.4976681357296, 2179.883660607575
443.3378782272339, 1425.5922023935555, 2180.086841808274
443.64006900787354, 1425.5922023935555, 2180.086841808274
444.31725454330444, 1426.9084296597641, 2180.0799615930687
444.6224377155304, 1426.9084296597641, 2180.0799615930687
445.33852100372314, 1426.8906485362827, 2180.0413619005258
445.6437041759491, 1426.8906485362827, 2180.0413619005258
446.38272523880005, 1426.898862937718, 2180.0620969908964
446.64103293418884, 1426.898862937718, 2180.0620969908964
447.38005471229553, 1439.8367025206694, 2180.121854816071
447.63537096977234, 1439.8367025206694, 2180.121854816071
448.37239718437195, 1439.4846856620998, 2180.2331213416974
448.90397357940674, 1439.3126699130903, 2180.164247461094
449.369726896286, 1426.2622960683775, 2180.025547334872
449.65795516967773, 1426.2622960683775, 2180.025547334872
450.3580825328827, 1425.1741804787332, 2180.095967505831
450.63334369659424, 1425.1741804787332, 2180.095967505831
451.37735080718994, 1429.7340590389772, 2179.9628654361745
451.890976190567, 1441.9414212379525, 2180.1811307293847
452.126345872879, 1441.9414212379525, 2180.1811307293847
452.6339864730835, 1441.9414212379525, 2180.1811307293847
453.1535949707031, 1441.9414212379525, 2180.1811307293847
453.8467392921448, 1439.7791426382432, 2180.363875398102
454.3633563518524, 1427.273227885403, 2180.015472328206
454.63462948799133, 1427.273227885403, 2180.015472328206
455.36467480659485, 1437.7511448648233, 2180.4139077786986
455.89226174354553, 1426.147385150231, 2180.046532221903
456.3859438896179, 1440.4197213091113, 2180.0783450214076
456.6462471485138, 1440.4197213091113, 2180.0783450214076
457.3274247646332, 1428.4237604176506, 2180.012593400475
457.8240945339203, 1440.383820944556, 2180.1470694337763
458.130273103714, 1440.383820944556, 2180.1470694337763
458.8433644771576, 1427.4851943864014, 2180.084708279172
459.15054178237915, 1427.4851943864014, 2180.084708279172
459.62826347351074, 1427.4851943864014, 2180.084708279172
460.37227058410645, 1431.7076738835406, 2179.8557473204633
460.6285834312439, 1431.7076738835406, 2179.8557473204633
461.3486568927765, 1439.460089078509, 2180.3561136215485
461.85430240631104, 1430.4182834581, 2179.7934596051573
462.3469817638397, 1430.4983922404174, 2179.911239070876
462.8177216053009, 1433.1825150031368, 2179.8354877957045
463.36026978492737, 1954.7599348124131, -88756.16745739336
463.71432161331177, 1954.7599348124131, -88756.16745739336
464.59596037864685, 20.0, 30.011943635675554
465.3988108634949, 1177.0360031180226, 20.0
465.64415550231934, 1177.0360031180226, 20.0
466.4081087112427, 902.9872696005488, 492.9993344911608
466.92472434043884, 2530.0187675437055, 20.0
467.164085149765, 2530.0187675437055, 20.0
468.1614148616791, 20.0, 26.011869320145955
469.037068605423, 2931.0150662866376, 193.98553891050037
469.78606390953064, 2931.0150662866376, 193.98553891050037
470.3216304779053, 2931.0150662866376, 193.98553891050037
470.88811349868774, 2693.014966176346, 865.9769324723102
471.5254063606262, 1418.9936062402805, 209.9939341705502
472.340224981308, 2025.0189266907873, 1136.99596658247
472.6294503211975, 2025.0189266907873, 1136.99596658247
473.16302132606506, 2025.0189266907873, 1136.99596658247
473.83621859550476, 606.9785186221505, 247.99963127319697
475.0878703594208, 3770.4999999989973, 2832.015854180262
476.1751375198364, 20.0, 59.00722434543986
476.9061813354492, 1444.8682173892983, 2179.072445822907
477.18144273757935, 1444.8682173892983, 2179.072445822907
477.65118432044983, 1444.8682173892983, 2179.072445822907
478.43708062171936, 1429.8488498717888, 2178.9049813984543
478.65948486328125, 1429.8488498717888, 2178.9049813984543
479.14643597602844, 1429.8488498717888, 2178.9049813984543
479.8884506225586, 1443.950458080667, 2179.1687250783943
480.18864703178406, 1443.950458080667, 2179.1687250783943
480.86383843421936, 1440.5597204208286, 2179.340483247077
