time, x0, y0, x1, y1...
7.341620206832886, 20.0, 20.0
7.8596413135528564, 20.0, 20.0
8.477145195007324, 2345.066340557276, 769.2711576337717
8.998743772506714, 2338.375210697043, 759.2833131184246
9.358090877532959, 2338.375210697043, 759.2833131184246
9.853026390075684, 2338.375210697043, 759.2833131184246
10.486323833465576, 2348.7903950291834, 767.2366804409426
10.839375257492065, 2348.4715580878374, 769.4164285936791
11.112642288208008, 2336.4372212738326, 759.7342503668833
11.273208141326904, 2336.4372212738326, 759.7342503668833
11.394910097122192, 2336.4372212738326, 759.7342503668833
11.51456093788147, 2336.4372212738326, 759.7342503668833
11.994272470474243, 2351.2742549117756, 755.4659509667088
12.49193525314331, 2492.3484336664364, 764.7520283792059
12.995708227157593, 2339.7873206810154, 757.9390211197302
13.137327432632446, 2339.7873206810154, 757.9390211197302
13.254013776779175, 2339.7873206810154, 757.9390211197302
13.384662628173828, 2339.7873206810154, 757.9390211197302
13.863969802856445, 2339.7873206810154, 757.9390211197302
14.346673011779785, 2339.7873206810154, 757.9390211197302
15.018865823745728, 2551.1246703451943, 766.138851298561
15.49358868598938, 2345.9551692755294, 769.5703646304277
15.860603332519531, 2345.9551692755294, 769.5703646304277
16.491756916046143, 2676.12175353299, 764.716830930547
16.995402812957764, 2577.925767240827, 766.6426113273604
17.488078832626343, 2344.5481739444103, 756.3989547482445
18.02475666999817, 2347.589354714945, 768.467014418156
18.49549150466919, 2339.2563490732377, 758.6544048032265
19.050000190734863, 2345.2092653492937, 767.2363633852334
19.52871346473694, 2350.883644081643, 767.6132968406416
20.015998125076294, 2350.2694248125085, 754.7282149558969
20.518646955490112, 2337.60952280501, 759.6262645754724
21.046979904174805, 2337.576392608496, 759.3885544842076
21.528687000274658, 2344.1832791527845, 769.4294920949575
22.01437997817993, 2546.131118942339, 766.5347770122197
22.503066539764404, 2548.0297410379944, 766.1025846412523
22.876214265823364, 2548.0297410379944, 766.1025846412523
23.486573696136475, 2344.020462738216, 771.7016770894982
23.997623205184937, 2343.830982717569, 754.8335168051606
24.486396312713623, 2478.1190264293477, 765.1407915434152
25.002171516418457, 2673.776360096138, 763.9300668712228
25.488807439804077, 2343.1887438853746, 755.7545149069138
25.989776611328125, 2342.2372073900788, 767.6278457659794
26.352028369903564, 2342.2372073900788, 767.6278457659794
26.857911109924316, 2342.2372073900788, 767.6278457659794
27.484227657318115, 2352.892851993404, 766.7957405854736
28.00682306289673, 2346.0177536955766, 756.4729054293196
28.50149369239807, 2339.7467079945973, 758.7139228385001
28.86950445175171, 2339.7467079945973, 758.7139228385001
29.49083399772644, 2344.920050325218, 768.0562024123823
29.87380576133728, 2344.920050325218, 768.0562024123823
30.54799461364746, 1822.9719968793436, 1697.6402916212126
32.56551909446716, 1749.6844086664314, 1372.9631761579028
32.95646905899048, 1749.6844086664314, 1372.9631761579028
33.62340307235718, 1735.4629750046856, -231452.05311344672
34.1193745136261, 2719.579392296444, 2367.9278113697355
34.489381313323975, 2719.579392296444, 2367.9278113697355
35.16955232620239, 1669.1398003158267, 3108.281705099289
35.67619061470032, 1657.800858105947, 1486.9219009579551
36.02425503730774, 1657.800858105947, 1486.9219009579551
36.65151286125183, 1739.0910024605682, 2304.6697004241146
37.02363848686218, 1739.0910024605682, 2304.6697004241146
37.53186821937561, 1739.0910024605682, 2304.6697004241146
38.16516590118408, 1654.0384948371648, 1482.5277733119551
38.643879413604736, 2696.750330946056, 2276.4313213471814
39.16148781776428, 1830.1963903278643, 1744.969821637641
39.533488512039185, 1830.1963903278643, 1744.969821637641
40.03713417053223, 1830.1963903278643, 1744.969821637641
40.682220220565796, 1588.694248877587, 2409.4569603334166
41.19188094139099, 1621.2949897631527, 2713.7948876141604
41.57681608200073, 1621.2949897631527, 2713.7948876141604
42.22108602523804, 1747.9672111794746, 2846.1199841014914
42.70079445838928, 2692.1845235245955, 2398.8211423899447
43.221394777297974, 1654.9951111598455, 2703.930151878377
43.66819477081299, 2745.069189945335, 1686.9832840533961
44.21572208404541, 2711.989026610253, 2192.3763877773176
44.7253532409668, 1724.7699939285171, 1194.733137056411
45.26542901992798, 1655.033127748151, -44332.04644667604
45.729183197021484, 1708.3220404797103, 1800.4428432573
46.26573991775513, 1791.5012502348002, 2139.31370825946
46.7454514503479, 1823.525666632844, 2398.544011116413
47.25707674026489, 1586.7271061362753, 2316.168354133088
47.63605856895447, 1586.7271061362753, 2316.168354133088
49.30454611778259, 1581.3440417054874, -5455.943064672518
49.849480628967285, 1726.9041800766263, -300900.086677047
50.28531002998352, 1852.6326685806707, 361374.59693723114
50.66728210449219, 1852.6326685806707, 361374.59693723114
51.28960847854614, 1651.0231078572003, 2726.5139952429195
51.78026461601257, 1759.2568477701632, 1416.09435053878
52.14468336105347, 1759.2568477701632, 1416.09435053878
52.75220084190369, 2717.8874158486865, 1679.3614323675968
53.29075264930725, 1723.1726200548248, 1534.387111444434
53.79176449775696, 1175.0765825045755, 2629.8489097244155
54.3053822517395, 1759.6185177991501, 2970.3558471540546
54.846471548080444, 1649.5187172978576, 1508.614647624892
55.33219504356384, 1480.1277705366463, 1657.299820864812
55.825838804244995, 2236.510032861271, 1412.9229200972727
56.18886399269104, 2236.510032861271, 1412.9229200972727
56.701051235198975, 2236.510032861271, 1412.9229200972727
57.20490288734436, 2236.510032861271, 1412.9229200972727
57.849634647369385, 2747.0323665406995, 669.532384066988
58.37422490119934, 2629.1114302226733, 2968.3596872546655
58.894229888916016, 1574.8058239715351, 1755.9406941467885
59.361971855163574, 1782.7685181814372, 2965.610087377897
59.86869812011719, 1634.9633510395745, 2741.8328251846656
60.32022976875305, 2717.1927806636522, -186599.3433343502
60.85180139541626, 1747.5962311675014, 1380.5177845868498
61.355982303619385, 1746.6623293473913, -324185.4229354307
61.87267708778381, 1708.710370756185, 1498.0258564298658
62.2407124042511, 1708.710370756185, 1498.0258564298658
62.74766516685486, 1708.710370756185, 1498.0258564298658
63.23564076423645, 1708.710370756185, 1498.0258564298658
63.87484645843506, 1825.8420718398795, 2846.937936561642
64.28175234794617, 1825.8420718398795, 2846.937936561642
64.91504955291748, 1653.8907816138387, 2662.456261756953
65.33691644668579, 2340.4484117858997, 747.0976863086285
65.84455180168152, 2341.532143159082, 746.6251337835965
66.35218715667725, 2340.637003928648, 747.1573790066969
66.82952356338501, 2342.5924142913555, 747.2233133239934
67.31619167327881, 2342.0121270777317, 746.9433524899595
67.83645963668823, 2342.326479367235, 746.9765910963243
68.2000949382782, 2342.326479367235, 746.9765910963243
68.83410739898682, 2340.355563075282, 747.1358146795162
69.31492400169373, 2340.953326140575, 747.1185163855388
69.8385169506073, 2340.7315673449, 747.0237248965242
70.31900596618652, 2342.016724994824, 746.8893425499547
70.82904291152954, 2342.750347949586, 747.0103663995181
71.19490480422974, 2342.750347949586, 747.0103663995181
71.82688426971436, 2341.71525007895, 746.6462010045105
72.30407190322876, 2340.304796047186, 746.7746506527246
72.69501900672913, 2340.304796047186, 746.7746506527246
73.2070734500885, 2340.304796047186, 746.7746506527246
73.81108164787292, 2340.624587234868, 746.8010506404488
74.31771874427795, 2341.73940907221, 746.2866253454339
74.70327639579773, 2341.73940907221, 746.2866253454339
75.32061743736267, 2341.2608133289723, 747.0141621544644
75.7074944972992, 2341.2608133289723, 747.0141621544644
76.31572532653809, 2341.2909334260216, 746.9509066434734
76.84832262992859, 2339.710787756742, 746.667881363224
77.32501316070557, 2340.5481514659505, 746.990522459416
77.84014368057251, 2341.9050161784253, 746.4990564362405
78.20166158676147, 2341.9050161784253, 746.4990564362405
78.85346364974976, 2340.1495459449657, 746.6332539725822
79.0928201675415, 2340.3758888712546, 746.7489018100969
79.36010217666626, 2340.2815662281105, 746.6473472698284
79.74325394630432, 2340.2815662281105, 746.6473472698284
80.21762609481812, 2340.2815662281105, 746.6473472698284
80.74916052818298, 2340.2815662281105, 746.6473472698284
80.99649810791016, 2340.355509107546, 746.8148843032549
81.36450719833374, 2340.38473397373, 746.6255270412756
81.86915135383606, 2341.1587588529733, 746.9134409625464
82.35933017730713, 2341.80449334211, 746.3210689339226
82.63060069084167, 2341.80449334211, 746.3210689339226
82.88691210746765, 2340.9460325925456, 746.735125693835
83.34718585014343, 2340.3865620312063, 746.6097493044258
83.75708436965942, 2340.3865620312063, 746.6097493044258
84.26871180534363, 2340.3865620312063, 746.6097493044258
84.88408303260803, 2341.438365426711, 747.1163445458335
84.9868061542511, 2341.438365426711, 747.1163445458335
85.37376666069031, 2340.4725118605998, 746.7608427755256
85.76172280311584, 2340.4725118605998, 746.7608427755256
85.82754874229431, 2340.4725118605998, 746.7608427755256
86.27505302429199, 2340.4725118605998, 746.7608427755256
86.90828537940979, 2340.9789329437476, 747.0428059429867
87.3860011100769, 2341.3984401972284, 746.8688087013779
87.88466119766235, 2341.6920504736636, 746.3500677764624
88.38631296157837, 2340.833067427598, 746.8396350917474
88.91736817359924, 2341.9968922574303, 746.3360638622433
89.25451254844666, 2341.9968922574303, 746.3360638622433
89.87675023078918, 2342.4129791188457, 747.1097981105104
90.187340259552, 2342.4129791188457, 747.1097981105104
90.38580656051636, 2341.999946829905, 746.4429589419159
90.75143074989319, 2341.999946829905, 746.4429589419159
91.3794150352478, 2340.619180646447, 747.5765236227285
91.88647413253784, 2340.809260755587, 746.6274545352355
92.3745985031128, 2341.5210465154273, 747.1669039188221
92.76554942131042, 2341.5210465154273, 747.1669039188221
93.39280128479004, 2341.056058381545, 747.5552169271785
93.79698991775513, 2341.056058381545, 747.5552169271785
94.39958667755127, 2341.5303525084496, 746.9249757591108
94.9271309375763, 2340.5747384027127, 746.5968134999183
95.2870397567749, 2340.5747384027127, 746.5968134999183
95.92347621917725, 2342.2705726341665, 746.5471147389551
96.27989077568054, 2342.2705726341665, 746.5471147389551
96.92721033096313, 2340.7606538067134, 747.0775447484622
97.43788576126099, 2341.332138253002, 747.0942303296586
97.9375433921814, 2340.464816690185, 746.8530666866518
98.29757523536682, 2340.464816690185, 746.8530666866518
98.95181655883789, 2341.2918492769422, 747.3950919547606
99.4375114440918, 2341.8285362198417, 746.4417977770797
99.8194854259491, 2341.8285362198417, 746.4417977770797
100.30118989944458, 2341.8285362198417, 746.4417977770797
100.93441581726074, 2342.427865811333, 746.8219576276165
101.42938709259033, 2340.821514261292, 747.0424966103653
101.95046997070312, 2341.830362777523, 747.7320065443874
102.43716239929199, 2341.3572391550883, 747.019112301325
102.95078110694885, 2342.571561439964, 746.6858604800137
103.30383276939392, 2342.571561439964, 746.6858604800137
103.95438528060913, 2342.5812540614133, 746.7679528317683
104.31819438934326, 2342.5812540614133, 746.7679528317683
104.95505928993225, 2340.8594438718455, 746.8880181315939
105.44075393676758, 2340.3509930492623, 746.8445993042227
105.964590549469, 2341.165141215933, 746.1990318998979
106.46325039863586, 2340.0912076267964, 746.6283218407104
106.84444332122803, 2340.0912076267964, 746.6283218407104
107.45386600494385, 2342.049536254628, 746.4694268752877
107.84416389465332, 2342.049536254628, 746.4694268752877
108.51004409790039, 2341.808386199368, 746.3516673219862
108.85910534858704, 2341.808386199368, 746.3516673219862
109.4815034866333, 2340.5549433745764, 746.7232261575571
109.9949278831482, 2341.801034495555, 746.4517940904856
110.49331736564636, 2340.4925762534426, 746.5574877056271
111.02289342880249, 2341.310179971229, 746.3980269750459
111.49961256980896, 2341.2000268859492, 746.505389237229
111.88484525680542, 2341.2000268859492, 746.505389237229
112.509765625, 2340.411013110746, 746.7352603973474
113.05629658699036, 2340.045675501929, 746.6333537020066
113.54897236824036, 2340.723238391818, 746.9412437522643
114.05711913108826, 2340.7220398350037, 747.1078797890709
114.57039332389832, 2341.263707584249, 746.8720408856375
114.9467396736145, 2341.263707584249, 746.8720408856375
115.55448698997498, 2341.7321822505255, 746.3911156506352
116.0741355419159, 2339.953225149795, 746.6025952831444
116.59211802482605, 2339.831076169648, 746.5613551159009
117.08140063285828, 2341.854301286282, 746.3401360614247
117.5804295539856, 2340.818869046717, 746.0425601949763
118.08236408233643, 2341.3564626191564, 747.3158015063988
118.456374168396, 2341.3564626191564, 747.3158015063988
118.97220802307129, 2341.3564626191564, 747.3158015063988
119.573566198349, 2341.86776616055, 746.4466863835196
120.09112453460693, 2341.967838477775, 746.4853798777528
120.46649074554443, 2341.967838477775, 746.4853798777528
120.9853789806366, 2341.967838477775, 746.4853798777528
121.58454418182373, 2341.047652785772, 746.7860070360243
122.08506870269775, 2340.0367640908667, 746.6579950716067
122.62555480003357, 2340.61538209196, 746.900728327982
123.09348392486572, 2340.609992146105, 746.6398695203017
123.59409475326538, 2339.8955330298686, 746.5120007992439
123.9863634109497, 2339.8955330298686, 746.5120007992439
124.59566068649292, 2341.3976624451775, 747.3666815823768
124.9768123626709, 2341.3976624451775, 747.3666815823768
125.59452509880066, 2340.68920983215, 746.8397802284833
126.095778465271, 2340.394755064534, 746.8487723431584
126.59558629989624, 2340.3605501374177, 746.5269624937582
127.11002516746521, 2340.97117891693, 746.8122658714838
127.49118280410767, 2340.97117891693, 746.8122658714838
128.11320543289185, 2340.7679969532082, 746.9493024048634
128.62906336784363, 2340.140931812969, 746.6190517377162
129.1336371898651, 2341.2604440258165, 747.3273401799636
129.65147495269775, 2341.8437638095224, 746.4971537518924
130.0183036327362, 2341.8437638095224, 746.4971537518924
130.65593028068542, 2340.7110585915566, 746.8177241380881
131.0432255268097, 2340.7110585915566, 746.8177241380881
131.56655025482178, 2340.7110585915566, 746.8177241380881
132.0717523097992, 2340.7110585915566, 746.8177241380881
132.69139170646667, 2340.1091624174715, 746.6890117659693
133.19761157035828, 2340.6685356541166, 747.0074023437629
133.71295166015625, 2339.4954382739406, 746.5688171788078
134.0751097202301, 2339.4954382739406, 746.5688171788078
134.71213102340698, 2341.1415616409085, 746.4234204313212
135.22488164901733, 2341.4946563198678, 746.540547214749
135.72814393043518, 2341.258265494374, 746.4400063661841
136.21476697921753, 2341.5140358322874, 746.3214677837217
136.73350381851196, 2339.852280521794, 746.5903470403932
137.22390389442444, 2341.8565231905486, 746.4832481733473
137.73409366607666, 2341.8021641477985, 746.5148222911033
138.22560954093933, 2340.8818989600886, 746.9632643053359
138.75201320648193, 2341.7531209768667, 746.4776966068057
139.24333453178406, 2340.664993761548, 747.6599101454235
139.6247546672821, 2340.664993761548, 747.6599101454235
140.23437762260437, 2339.558867912144, 746.55823942652
140.6143560409546, 2339.558867912144, 746.55823942652
141.25992155075073, 2340.468515694012, 746.7807113847862
141.75307297706604, 2339.835676361504, 746.5792013915551
142.25372695922852, 2340.2622757790837, 746.6532939441456
142.64584636688232, 2340.2622757790837, 746.6532939441456
143.24797821044922, 2340.7969318594287, 746.9981155378282
143.75512051582336, 2340.301563001906, 746.4929355672319
144.26543593406677, 2340.0898539547297, 746.6812503769032
144.76497173309326, 2340.280110126533, 746.6504780626676
145.26662397384644, 2341.804232675669, 746.4973229325999
145.65655946731567, 2341.804232675669, 746.4973229325999
146.2883496284485, 2340.0788773326403, 746.7300017088783
146.67738938331604, 2340.0788773326403, 746.7300017088783
147.3163251876831, 2340.294984485389, 746.6636998082316
147.6803479194641, 2340.294984485389, 746.6636998082316
148.28980946540833, 2341.5437823766883, 746.2463662948993
148.82027316093445, 2340.3595232021976, 747.5827765143107
149.1969268321991, 2340.3595232021976, 747.5827765143107
149.7014660835266, 2340.3595232021976, 747.5827765143107
150.32778239250183, 2341.0864666862685, 746.5092117514345
150.8387906551361, 2341.277914108833, 746.4118363389019
151.3111937046051, 2340.6966711986865, 746.8214385997334
151.8344168663025, 2340.7428699153343, 747.0156760435855
152.20542001724243, 2340.7428699153343, 747.0156760435855
152.85532641410828, 2341.927112915474, 746.3985061760841
153.39148831367493, 2341.3868344535144, 746.4821550664266
153.84726214408875, 2340.3871886372913, 746.7198853777805
154.32797122001648, 2341.6436779276523, 746.379058502947
154.8462176322937, 2341.190762813054, 746.1605885525049
155.33061838150024, 2340.140701891303, 747.6424483527554
155.7256796360016, 2340.140701891303, 747.6424483527554
156.32832646369934, 2339.9112584758986, 746.5851930646029
156.86567997932434, 2341.41678423319, 746.4869622726119
157.3374125957489, 2340.4790213444135, 747.0525039807474
157.8540234565735, 2341.1753607043706, 747.3584053730876
158.3367269039154, 2341.7574000193267, 746.4915644102855
158.87029218673706, 2340.1403341138216, 746.5244672360261
159.34302043914795, 2339.8983799282278, 746.5392355237769
159.72659015655518, 2339.8983799282278, 746.5392355237769
160.21661257743835, 2339.8983799282278, 746.5392355237769
160.83774185180664, 2340.6297148392023, 747.238266477001
161.22343683242798, 2340.6297148392023, 747.238266477001
161.7163953781128, 2340.6297148392023, 747.238266477001
162.21984267234802, 2340.6297148392023, 747.238266477001
162.86448860168457, 2341.4197609083517, 747.3240257841856
163.23731756210327, 2341.4197609083517, 747.3240257841856
163.86246037483215, 2340.265490247549, 746.6324792622374
164.34718942642212, 2341.5111533769473, 746.3393168007898
164.73391366004944, 2341.5111533769473, 746.3393168007898
165.34845566749573, 2340.489564801664, 747.1657396822585
165.8585910797119, 2340.9940870943083, 747.0463425033956
166.36288714408875, 2340.927363957823, 745.2757167538358
166.75634264945984, 2340.927363957823, 745.2757167538358
167.2709572315216, 2340.927363957823, 745.2757167538358
167.77461981773376, 2340.927363957823, 745.2757167538358
168.26729679107666, 2340.927363957823, 745.2757167538358
168.88006854057312, 2340.686073627892, 746.9857999222926
169.40161657333374, 2341.970490227961, 746.5519183114942
169.77839279174805, 2341.970490227961, 746.5519183114942
170.41650867462158, 2340.2065517527953, 746.4853441442531
170.9289574623108, 2340.526082745769, 746.7924374975998
171.30692315101624, 2340.526082745769, 746.7924374975998
171.83374762535095, 2340.526082745769, 746.7924374975998
172.33057260513306, 2340.526082745769, 746.7924374975998
172.94381022453308, 2341.0719029649163, 747.2579111061798
173.445960521698, 2340.147410895266, 746.7758340431535
173.96323800086975, 2340.6352211930885, 746.8892902576716
174.43973803520203, 2339.7774752426103, 746.5091494418691
174.9508080482483, 2340.636313942529, 746.6382449340955
175.33188199996948, 2340.636313942529, 746.6382449340955
175.8571333885193, 2340.636313942529, 746.6382449340955
176.43409967422485, 2339.830167617024, 746.667823231644
176.83064436912537, 2339.830167617024, 746.667823231644
177.45423078536987, 2341.7101523309116, 746.3431855620704
177.95509839057922, 2340.1290990852845, 747.0141485170866
178.3486931324005, 2340.1290990852845, 747.0141485170866
178.9743528366089, 2342.257477905988, 746.4826631972974
179.4721896648407, 2340.8366570966514, 746.9315005902503
179.99977350234985, 2340.9080708981232, 746.3256957899728
180.37844896316528, 2340.9080708981232, 746.3256957899728
181.01202988624573, 2342.0278726533647, 746.5099741855262
181.3754222393036, 2342.0278726533647, 746.5099741855262
181.87225008010864, 2342.0278726533647, 746.5099741855262
182.3771436214447, 2342.0278726533647, 746.5099741855262
182.99854278564453, 2342.609621366274, 746.486502046946
183.5081205368042, 2341.390166013934, 746.3228161712857
183.99982261657715, 2340.2320842433446, 746.546803221581
184.49443745613098, 2340.454440494937, 746.7282975992816
184.879403591156, 2340.454440494937, 746.7282975992816
185.4011697769165, 2340.454440494937, 746.7282975992816
186.04235339164734, 2341.9283262040394, 746.4936343919759
186.5105175971985, 2342.1086524665247, 746.4100974978155
187.02485132217407, 2341.0998283181752, 745.9953613761002
187.39297723770142, 2341.0998283181752, 745.9953613761002
187.89476418495178, 2341.0998283181752, 745.9953613761002
188.50382900238037, 2341.2111163051445, 745.8106672084454
188.91388988494873, 2341.2111163051445, 745.8106672084454
189.41351127624512, 2341.2111163051445, 745.8106672084454
190.05778980255127, 2342.5717685020113, 745.9858541682064
190.54550790786743, 2342.0865197524677, 746.1597291504988
190.94519972801208, 2342.0865197524677, 746.1597291504988
191.44108128547668, 2342.0865197524677, 746.1597291504988
191.9345691204071, 2342.0865197524677, 746.1597291504988
192.55081343650818, 2341.944854599288, 745.639833380798
193.06942129135132, 2341.6546226627106, 745.800101230761
193.57206892967224, 2341.95666738798, 745.6542930892872
194.09770560264587, 2342.506964346771, 746.3105657719926
194.47710180282593, 2342.506964346771, 746.3105657719926
195.10507678985596, 2342.1125704269475, 745.9562178380086
195.497478723526, 2342.1125704269475, 745.9562178380086
196.11781001091003, 2343.234315225904, 745.3186279638419
196.60252404212952, 2343.285843378417, 746.1001360228682
197.11545276641846, 2343.0976264677292, 746.5511842908733
197.48517632484436, 2343.0976264677292, 746.5511842908733
198.1262788772583, 2343.152367322701, 745.9865956870482
198.600350856781, 2345.1116368271446, 746.8752362557315
199.11628222465515, 2342.9020328038227, 746.0919859456868
199.60462045669556, 2344.2177444511685, 746.0845772322857
200.1105682849884, 2344.5655685001834, 745.2626498443509
200.60575914382935, 2343.783160828153, 745.4828638825103
201.0017261505127, 2343.783160828153, 745.4828638825103
201.61422324180603, 2342.852385226222, 745.0880287145187
202.10919952392578, 2343.865608132375, 745.6229641727493
202.60785913467407, 2342.8271213668095, 745.026467512763
202.98581171035767, 2342.8271213668095, 745.026467512763
203.62110424041748, 2343.450066255869, 745.4747624109294
204.12596726417542, 2342.8210940604363, 745.0690568917994
204.48147106170654, 2342.8210940604363, 745.0690568917994
205.10595726966858, 2343.319970953601, 745.4598183993056
205.5946662425995, 2342.2110842252764, 745.700697094926
205.98746848106384, 2342.2110842252764, 745.700697094926
206.597083568573, 2342.138400992798, 745.949990057444
207.13629865646362, 2342.073708620312, 746.6929964301258
207.6160774230957, 2341.2251766807703, 746.6365108333487
207.99118995666504, 2341.2251766807703, 746.6365108333487
208.59129881858826, 2341.76198199035, 746.6324764904317
209.11747813224792, 2340.232546510348, 746.6323298739827
209.48377108573914, 2340.232546510348, 746.6323298739827
209.9843864440918, 2340.232546510348, 746.6323298739827
210.60410523414612, 2341.596327331058, 745.7606374707915
211.1289577484131, 2342.7069929460563, 746.0643186204732
211.6019115447998, 2343.4661625013573, 746.4241567886896
212.1155025959015, 2341.6744573397054, 746.005400611912
212.59518456459045, 2341.118958751212, 745.7432698233695
212.9849236011505, 2341.118958751212, 745.7432698233695
213.59467005729675, 2342.278803420218, 746.3970417652495
214.11052775382996, 2341.357038564356, 745.8306616343996
214.606196641922, 2341.860294527482, 746.4411642722279
215.1339921951294, 2342.237408006281, 746.3909091396221
215.63465976715088, 2341.384522293229, 745.9658849968399
216.1542637348175, 2342.1590911758904, 746.224887464236
216.50535106658936, 2342.1590911758904, 746.224887464236
217.12764763832092, 2342.15419652495, 746.4437446229109
217.67617440223694, 2342.035181854785, 746.5268474127124
218.0142650604248, 2342.035181854785, 746.5268474127124
218.6365933418274, 2341.2479198724623, 746.6021671862804
219.15719485282898, 2341.9578386399244, 746.4108492876925
219.64288854599, 2341.5485039037694, 746.1332312155819
220.16049695014954, 2342.018826350629, 746.4161885939753
220.64419794082642, 2341.4878573641968, 746.2449512729709
221.1793966293335, 2340.8390352391734, 746.8141240743661
221.6457781791687, 2341.152852117721, 745.7777368938549
222.0362787246704, 2341.152852117721, 745.7777368938549
222.6387939453125, 2341.6400790166667, 746.0339418904026
223.0282187461853, 2341.6400790166667, 746.0339418904026
223.6401596069336, 2341.605868333031, 746.2887751547667
224.18552780151367, 2340.56363415482, 745.5148342058134
224.659255027771, 2341.8934331808096, 746.2398497394252
225.19324159622192, 2341.7601743016517, 746.4893074532085
225.58760595321655, 2341.7601743016517, 746.4893074532085
226.25893712043762, 2340.666806502667, 746.6991224139872
226.70163655281067, 2340.2336821660847, 746.5346537648719
227.08189344406128, 2340.2336821660847, 746.5346537648719
227.70699429512024, 2340.662685289376, 746.5322670628133
228.21038389205933, 2341.479565734276, 746.1283039007919
228.69576239585876, 2341.5196124837657, 746.1578332981729
229.23157691955566, 2341.833817591924, 746.2677957556932
229.72213292121887, 2341.192790462287, 746.1646704412915
230.25156116485596, 2341.5957260336254, 746.0094961766996
230.61745142936707, 2341.5957260336254, 746.0094961766996
231.21657180786133, 2342.2402295469774, 746.2856691464657
231.71714067459106, 2343.0951047339677, 746.4884136231839
232.2371950149536, 2340.790985468385, 745.9816963410537
232.7316484451294, 2340.250173963029, 746.8124889473081
233.1017940044403, 2340.250173963029, 746.8124889473081
233.73535680770874, 2341.5501129291097, 745.6811833510686
234.22525334358215, 2341.255812542184, 745.904598541612
234.7368996143341, 2341.8930078779586, 746.2546774887252
235.22326564788818, 2341.931266437781, 746.3744545935444
235.7251534461975, 2341.8413374866614, 746.293910033039
236.11735463142395, 2341.8413374866614, 746.293910033039
236.708429813385, 2341.6066162018296, 746.9563659082695
237.24263548851013, 2342.049395909133, 746.3974923202534
237.6259732246399, 2342.049395909133, 746.3974923202534
238.24742031097412, 2342.0605263408984, 746.4311215747034
238.72088885307312, 2341.945206342814, 746.2816685990166
239.11562967300415, 2341.945206342814, 746.2816685990166
239.72316575050354, 2341.4715792530624, 746.5420658724125
240.2655599117279, 2341.9278194020467, 746.2143303232806
240.76323914527893, 2341.2826338109603, 745.6884320195107
241.14337062835693, 2341.2826338109603, 745.6884320195107
241.76437306404114, 2341.3292489499163, 746.1582278657132
242.26773238182068, 2341.975054098624, 746.36024622468
242.65283226966858, 2341.975054098624, 746.36024622468
243.29073357582092, 2341.0372961130415, 745.9646576728226
243.7664213180542, 2341.6960400961834, 746.1094420322528
244.2869954109192, 2342.01720243623, 746.0289715132569
244.80711770057678, 2342.272862892503, 746.4607565949781
245.16229939460754, 2342.272862892503, 746.4607565949781
245.65854930877686, 2342.272862892503, 746.4607565949781
246.3215491771698, 2341.9310282389015, 746.384542767605
246.7922558784485, 2341.399877584426, 745.9594669917557
247.2949035167694, 2341.7549329199833, 746.1102601183001
247.81701612472534, 2341.1573670036373, 745.7903575088238
248.28373169898987, 2342.0383295839074, 746.3461321629321
248.76584219932556, 2342.3536632190544, 746.3742606701704
249.3353099822998, 2342.1968732145756, 746.3412871067598
249.68836116790771, 2342.1968732145756, 746.3412871067598
250.33059310913086, 2340.482462031773, 745.936716749474
250.8170599937439, 2341.407401253412, 746.1608144864203
251.33221793174744, 2340.7296071890355, 745.6031673302281
251.81632924079895, 2342.578017906489, 746.5033981297798
252.34708404541016, 2342.414667889957, 746.4448244323394
252.82750296592712, 2340.5109674918112, 746.5648063440148
253.20401525497437, 2340.5109674918112, 746.5648063440148
253.83510828018188, 2341.432501927485, 746.122593075657
254.34192180633545, 2340.9609888089476, 746.0843357112856
254.81712007522583, 2341.0769911426046, 745.8821873435211
255.32795023918152, 2342.0009601669235, 746.2863578780004
255.84189891815186, 2341.9163400031152, 746.425282198894
256.21092081069946, 2341.9163400031152, 746.425282198894
256.8116407394409, 2340.912895666188, 746.0365029539776
257.3452076911926, 2340.78967587374, 746.5771101045135
257.8238208293915, 2341.702189607984, 746.2200988378281
258.33169198036194, 2341.7137876147294, 746.2492996172771
258.7127981185913, 2341.7137876147294, 746.2492996172771
259.20536398887634, 2341.7137876147294, 746.2492996172771
259.7049822807312, 2341.7137876147294, 746.2492996172771
260.32792592048645, 2341.686917870162, 745.864519864898
260.7026336193085, 2341.686917870162, 745.864519864898
261.3318238258362, 2341.5150280565294, 746.1844044332823
261.8693790435791, 2341.4845564684124, 746.0453998613732
262.38100481033325, 2340.9996010342866, 745.5773470995781
262.717102766037, 2340.9996010342866, 745.5773470995781
263.2300822734833, 2340.9996010342866, 745.5773470995781
263.73439836502075, 2340.9996010342866, 745.5773470995781
264.3771505355835, 2342.232395436526, 746.4861424085583
264.8743300437927, 2341.553738305735, 746.000832366539
265.3818111419678, 2341.206479535151, 745.9949218739184
265.8921573162079, 2341.320145046878, 746.1732196600159
266.27514028549194, 2341.320145046878, 746.1732196600159
266.88707518577576, 2342.51768423003, 746.5151060898403
267.3903548717499, 2341.9280081896677, 746.4250878690895
267.9288923740387, 2341.46627154263, 746.2445940103519
268.4118142127991, 2341.4751576193084, 746.2068922824584
268.9144630432129, 2341.1689654031443, 746.5110950040975
269.4101595878601, 2341.9155220020825, 746.3104124650254
269.9157726764679, 2341.4689568859394, 745.8431892417736
270.4263997077942, 2341.0386265972556, 745.9516411138071
270.78946113586426, 2341.0386265972556, 745.9516411138071
271.4682433605194, 1996.8996176678263, 2275.5278923455703
272.01377725601196, 1129.9554072162412, 2142.2080910554064
272.497225522995, 1222.032467115513, 2570.7179042677003
273.5338580608368, 1414.0278714864887, 1583.767825097534
273.9158308506012, 1414.0278714864887, 1583.767825097534
274.5431447029114, 1772.132132299538, 1112.9235000113188
275.03518438339233, 1502.2684298204067, 1272.3096653369603
275.5438177585602, 1330.4592821403799, 2230.5544873929
275.8991765975952, 1330.4592821403799, 2230.5544873929
276.5394549369812, 1843.1229101968502, 743.5848354239438
277.0427076816559, 25.069444611882158, 2115.133644901387
277.57828187942505, 1137.620015617716, 2233.7104188351873
277.94627928733826, 1137.620015617716, 2233.7104188351873
278.576584815979, -206.53288305581754, 2815.416071591142
278.9416060447693, -206.53288305581754, 2815.416071591142
279.565927028656, 1680.1299529237917, 2281.816671773161
280.0366621017456, 218.01464437928527, 145.20820920858606
280.5435860157013, 738.4982208806931, 2588.275105021767
280.91059970855713, 738.4982208806931, 2588.275105021767
281.45712995529175, 738.4982208806931, 2588.275105021767
282.0126368999481, 873.4493399760981, 1719.1347553996065
282.427521944046, 873.4493399760981, 1719.1347553996065
283.1296353340149, 1358.7162332724006, -24465.107611780975
283.436484336853, 1358.7162332724006, -24465.107611780975
283.9291615486145, 1358.7162332724006, -24465.107611780975
284.46172738075256, 1358.7162332724006, -24465.107611780975
284.9394464492798, 1358.7162332724006, -24465.107611780975
285.4629988670349, 1358.7162332724006, -24465.107611780975
286.12322664260864, 1635.873000848422, 3705.3897463549088
286.5730175971985, 1604.8987087627424, 1362.1564530523017
286.94187021255493, 1604.8987087627424, 1362.1564530523017
287.43882417678833, 1604.8987087627424, 1362.1564530523017
288.14713287353516, 504.50000489703604, 2410.6632625991792
288.5378658771515, 504.50000489703604, 2410.6632625991792
289.1273727416992, 1233.3378083559871, 1510.2522675544901
290.60081005096436, 1065.005508036206, 1304.2493106376792
290.99375319480896, 1065.005508036206, 1304.2493106376792
291.61033868789673, 289.1173257782865, 2290.4163080279063
293.1387867927551, 1790.656579942908, 2254.8344938690548
293.5310206413269, 1790.656579942908, 2254.8344938690548
294.1514775753021, 1482.6834117701803, 425.84496369712724
294.70798230171204, 2645.9260237412063, 2367.7797860157207
295.0829744338989, 2645.9260237412063, 2367.7797860157207
295.64060950279236, 2342.8813344019613, 746.4715067092991
296.16651940345764, 2342.4866339742016, 746.2398590598915
296.51957058906555, 2342.4866339742016, 746.2398590598915
297.2067241668701, 2342.577543902943, 746.9155780008668
297.71136927604675, 2342.3291275831034, 746.9763517212584
298.21202325820923, 2343.270268931904, 746.421745484919
298.7106828689575, 2342.2205595378273, 746.9257137143937
299.044784784317, 2342.2205595378273, 746.9257137143937
299.6860611438751, 2343.400783042375, 746.2181003381808
300.049085855484, 2343.400783042375, 746.2181003381808
300.54774594306946, 2343.400783042375, 746.2181003381808
301.2079710960388, 2342.512417311073, 746.2465370794636
301.6807014942169, 2342.858654263402, 746.3291930705853
302.17636823654175, 2342.740411377647, 746.3707287084177
302.533194065094, 2342.740411377647, 746.3707287084177
303.05382680892944, 2342.740411377647, 746.3707287084177
303.6506299972534, 2341.3002877842296, 746.5937316408437
304.16463232040405, 2342.379156520494, 746.1868445510328
304.6792492866516, 2341.815349715046, 745.9527793751791
305.1759135723114, 2341.981435916756, 745.9720558650087
305.5609495639801, 2341.981435916756, 745.9720558650087
306.053626537323, 2341.981435916756, 745.9720558650087
306.567889213562, 2341.981435916756, 745.9720558650087
307.0601580142975, 2341.981435916756, 745.9720558650087
307.59153389930725, 2341.981435916756, 745.9720558650087
308.36409854888916, 550.2743450581282, 1350.9943426852394
308.7661168575287, 2263.0091029208124, 2157.0264653260524
309.2238874435425, 2627.863276714858, 1548.7154929540288
309.70758748054504, 2749.3808660079394, 1403.0720194251542
310.23226022720337, 3154.8136312394013, 878.8462358592022
310.7173252105713, 3119.566899912012, 1739.0282216058422
311.2669243812561, 3014.896914883791, 168.14810302945773
311.74669432640076, 1820.6877276968705, 1642.8564746587394
312.2675004005432, 236.1553826382111, 977.3138332823218
312.73823618888855, 1741.3322362405759, 1267.8810118789095
313.24565410614014, 1237.6330571475298, 509.7610088228097
313.6505651473999, 1237.6330571475298, 509.7610088228097
314.21132373809814, 2342.4218473333153, 745.5951398626702
314.5962908267975, 2342.4218473333153, 745.5951398626702
315.8030650615692, 1450.7019922926677, 24616.76618690246
316.235901594162, 2336.4722879581655, 744.7775644894343
316.72711277008057, 2340.2905692352165, 745.8930506696997
317.244722366333, 2343.2177465652003, 745.3839660770803
317.7097623348236, 2343.2809237842766, 745.5031175414045
318.09968614578247, 2343.2809237842766, 745.5031175414045
318.78982949256897, 1197.2902956441962, 2524.160631933056
319.160861492157, 1197.2902956441962, 2524.160631933056
319.7342915534973, 2342.145675478063, 745.2230394384729
320.2548933029175, 2342.061834442646, 745.9513413416023
320.7555470466614, 2342.896124806812, 745.5978798737198
321.25221848487854, 2343.0004193305535, 745.3196373688588
321.6279048919678, 2343.0004193305535, 745.3196373688588
322.2570581436157, 2342.4505184011864, 745.3467530540039
322.7473382949829, 2342.3632567237923, 745.2163761184462
323.26395058631897, 2342.4389708623376, 745.1188669191519
323.75076603889465, 2341.7595225176447, 744.811623745155
324.26776933670044, 2342.815954059867, 745.2753738268939
324.7682590484619, 2342.1309309085395, 745.0317267555298
325.15939378738403, 2342.1309309085395, 745.0317267555298
325.66983819007874, 2342.1309309085395, 745.0317267555298
326.16069769859314, 2342.1309309085395, 745.0317267555298
326.7813036441803, 2341.3593549996895, 745.6174169424929
327.18818163871765, 2341.3593549996895, 745.6174169424929
327.7916429042816, 2343.2180302639003, 745.2582309860886
328.3218584060669, 2343.1094791201676, 745.504744695046
328.80111169815063, 2343.0987313896094, 745.4386441067377
329.2199876308441, 2343.0987313896094, 745.4386441067377
329.8198130130768, 2342.1474067215386, 745.3772498388738
330.2324869632721, 2342.1474067215386, 745.3772498388738
330.7120041847229, 2342.1474067215386, 745.3772498388738
331.32136702537537, 2340.542514900907, 745.5568988134955
331.709508895874, 2340.542514900907, 745.5568988134955
332.3444170951843, 2341.499884062518, 745.7789770445845
332.86165165901184, 2343.169821306055, 745.478891327542
333.34541940689087, 2343.6440164246874, 745.5045981348593
333.8316445350647, 2341.5908549682467, 745.6304124513409
334.2086606025696, 2341.5908549682467, 745.6304124513409
334.73945593833923, 2341.5908549682467, 745.6304124513409
335.22209119796753, 2341.5908549682467, 745.6304124513409
335.84125900268555, 2341.4433253801467, 745.0108995797682
336.372829914093, 2342.2873915800324, 745.2698605650189
336.75723028182983, 2342.2873915800324, 745.2698605650189
337.38753485679626, 2343.2242025737173, 745.4644537227565
337.88120794296265, 2342.436894320298, 745.3996065449072
338.387845993042, 2341.009727657389, 744.9042192124381
338.88055419921875, 2341.925583139598, 745.3084849291076
339.38716173171997, 2341.9758130261716, 745.3755664125952
339.86651277542114, 2341.800307543632, 745.1438351997944
340.3802537918091, 2341.708620192549, 745.1010873249384
340.8958685398102, 2341.9035179885, 745.2616070283295
341.4230806827545, 2341.568493341193, 745.0113979012109
341.89880204200745, 2341.2779528578008, 744.7712827110968
342.4298722743988, 2341.893626341329, 745.3011927795866
342.80187153816223, 2341.893626341329, 745.3011927795866
343.4796721935272, 935.175398005625, -2459.345849108177
343.8526203632355, 935.175398005625, -2459.345849108177
344.3566937446594, 935.175398005625, -2459.345849108177
344.9660573005676, 2519.0569362840706, 1759.9885694359953
345.4083752632141, 2519.0569362840706, 1759.9885694359953
345.9535937309265, 2342.6474382010783, 745.4784953955543
346.3487374782562, 2342.6474382010783, 745.4784953955543
346.8633551597595, 2342.6474382010783, 745.4784953955543
348.03209137916565, 1033.9737062057518, 2542.5702382671457
348.53673243522644, 2695.428580366457, 2144.1821873160006
348.9825348854065, 2341.3196714567384, 745.7887936497301
349.56173181533813, 2494.8306436093817, 1334.0727459712346
350.05939412117004, 2548.158614382741, 2261.78177680558
350.43139576911926, 2548.158614382741, 2261.78177680558
351.0580711364746, 3033.4094696440247, 2675.8534117350073
351.56570649147034, 1789.661633352661, 1916.1448116840352
351.932275056839, 1789.661633352661, 1916.1448116840352
352.5349555015564, 2340.0095229442495, 745.6051925378022
352.911012172699, 2340.0095229442495, 745.6051925378022
353.57921743392944, 2341.097995853116, 746.087677613036
353.91801953315735, 2341.097995853116, 746.087677613036
354.42565155029297, 2341.097995853116, 746.087677613036
354.9400553703308, 2341.097995853116, 746.087677613036
355.5826771259308, 2340.29101563232, 745.6478917989
356.1019220352173, 2341.701553550258, 745.2057801928847
356.4650797843933, 2341.701553550258, 745.2057801928847
357.06956481933594, 2339.973318565975, 745.8914608844755
357.46754455566406, 2339.973318565975, 745.8914608844755
357.9608008861542, 2339.973318565975, 745.8914608844755
358.5889892578125, 2341.42942476275, 745.305936592133
359.0830247402191, 2342.697716901482, 745.5119997618527
359.58419704437256, 2340.0922259575977, 745.7471085284683
360.0964722633362, 2342.668540671249, 745.2647956234493
360.5871193408966, 2340.2411364158875, 745.9229215711385
361.0809817314148, 2339.6662859883286, 745.6089361316656
361.5819797515869, 2342.025724907669, 745.3629055523957
361.98112893104553, 2342.025724907669, 745.3629055523957
362.57849073410034, 2340.5253729449146, 745.6479713447759
363.09410524368286, 2341.1801811313494, 745.0918612615537
363.4652898311615, 2341.1801811313494, 745.0918612615537
364.09058141708374, 2341.266852373872, 745.0891666391016
364.4931523799896, 2341.266852373872, 745.0891666391016
365.11361861228943, 2340.2725961212673, 745.8159550939702
365.64348793029785, 2341.080573832459, 745.2647849078421
366.0239100456238, 2341.080573832459, 745.2647849078421
366.5551509857178, 2341.080573832459, 745.2647849078421
367.0231490135193, 2341.080573832459, 745.2647849078421
367.63644433021545, 2341.555221314126, 745.4882353160122
368.02109718322754, 2341.555221314126, 745.4882353160122
368.64461731910706, 2341.1032880565317, 745.2027150021303
369.03698539733887, 2341.1032880565317, 745.2027150021303
369.6390552520752, 2341.4026825782166, 745.2831491189717
370.1451437473297, 2341.218552540813, 745.4448067630759
370.54315519332886, 2341.218552540813, 745.4448067630759
371.05158972740173, 2341.218552540813, 745.4448067630759
371.66490268707275, 2341.11022394919, 745.1609931989893
372.19307589530945, 2341.390693904936, 745.2441215467043
372.6909091472626, 2341.2174754773114, 745.2518100085176
373.06429409980774, 2341.2174754773114, 745.2518100085176
373.6888964176178, 2340.00371283048, 745.8824847644016
374.1898672580719, 2340.684856442825, 745.1595451977838
374.6852686405182, 2340.828131400667, 745.1286490605064
375.0623950958252, 2340.828131400667, 745.1286490605064
375.56980323791504, 2340.828131400667, 745.1286490605064
376.2140715122223, 2340.3315825207433, 746.0166639451302
376.6937823295593, 2339.7902130788693, 745.9214481630178
377.194317817688, 2341.0397078236815, 746.2062262926286
377.7115981578827, 2340.5169047929076, 746.1273584984166
378.078528881073, 2340.5169047929076, 746.1273584984166
378.5860469341278, 2340.5169047929076, 746.1273584984166
379.2008855342865, 2339.5188492836737, 745.6648092433442
379.7338285446167, 2340.874465753737, 745.1760835789823
380.112601518631, 2340.874465753737, 745.1760835789823
380.73438453674316, 2341.530341989361, 745.527735954657
381.1147532463074, 2341.530341989361, 745.527735954657
381.72931694984436, 2341.716224836055, 745.4750098539648
382.2483389377594, 2341.476836659861, 745.4536645092808
382.7341787815094, 2341.341234714252, 745.2651597143331
383.259548664093, 2341.346254995289, 745.448409404238
383.6443476676941, 2341.346254995289, 745.448409404238
384.16543412208557, 2341.346254995289, 745.448409404238
384.7896251678467, 2340.541042666855, 745.4196645377649
385.30962562561035, 2339.8310481981252, 744.9812268238102
385.7921073436737, 2340.078961018798, 745.0926557166385
386.83642864227295, 534.8079722235649, 836.610096183498
387.31377840042114, 2340.8498495372532, 745.0391748443294
387.78331661224365, 2337.3250923317764, 745.1507253208872
388.17423701286316, 2337.3250923317764, 745.1507253208872
388.67479729652405, 2337.3250923317764, 745.1507253208872
389.16964387893677, 2337.3250923317764, 745.1507253208872
389.84591150283813, 1022.5548487976156, 2377.641886933123
390.3010642528534, 2335.3034787916868, 1769.1319365212114
390.6780254840851, 2335.3034787916868, 1769.1319365212114
391.2909324169159, 2339.8118007026146, 745.3470234769062
391.678261756897, 2339.8118007026146, 745.3470234769062
392.16997051239014, 2339.8118007026146, 745.3470234769062
392.8136622905731, 2341.259239105197, 745.3206375096316
393.3402774333954, 1022.7756945172115, 2137.254926761315
393.82728338241577, 2289.983150136361, 745.8496356692477
394.3590714931488, 2012.1334800579302, 2960.005507456965
394.8225073814392, 2317.3716853851297, 2900.925811748338
395.3826279640198, 1582.0032223779367, 2243.748988444671
395.7571382522583, 1582.0032223779367, 2243.748988444671
396.3418996334076, 2340.3791217852045, 744.9975932100435
396.8292167186737, 2341.2801739302768, 744.411884560119
397.22515320777893, 2341.2801739302768, 744.411884560119
398.8547751903534, 2340.469053988504, 745.290737955367
399.21979308128357, 2340.469053988504, 745.290737955367
399.8585479259491, 2339.6559235260434, 745.6564321935184
400.3459949493408, 2340.567218385284, 745.1172462135164
400.83699011802673, 2341.1083088153487, 745.2243828549191
401.37057852745056, 2339.7479855165684, 745.7757419605076
401.7270336151123, 2339.7479855165684, 745.7757419605076
402.3373920917511, 2341.447455714497, 746.1160710371349
402.8280735015869, 2341.1854585496717, 746.6180206156439
403.3482253551483, 2341.351396489795, 746.3470555468086
403.8344180583954, 2339.527046737641, 746.7437917126571
404.36997985839844, 2341.7341279101247, 745.0588848489995
404.717476606369, 2341.7341279101247, 745.0588848489995
405.3640160560608, 2340.462603803313, 745.0683574218444
405.83160758018494, 2340.9336255931385, 745.3637840243935
406.2205693721771, 2340.9336255931385, 745.3637840243935
406.8555529117584, 2339.425983397326, 745.5964300326618
407.35171246528625, 2341.0861727141505, 745.3845341792744
407.8388068675995, 2341.713461746086, 745.4153221639174
408.2290976047516, 2341.713461746086, 745.4153221639174
408.84383392333984, 2339.8775318041385, 744.9154431237805
409.343044757843, 2339.5677372672844, 745.7462668573063
409.8394453525543, 2340.9487396641634, 746.4497084350642
410.2368469238281, 2340.9487396641634, 746.4497084350642
410.8462736606598, 2340.5569240296577, 745.3427832117574
411.4057402610779, 2341.2802473987986, 745.5050031400106
411.7437620162964, 2341.2802473987986, 745.5050031400106
412.35170221328735, 2339.1192113044217, 745.6905739782744
412.91079092025757, 2340.523380128977, 745.0638401580063
413.2598810195923, 2340.523380128977, 745.0638401580063
413.8552520275116, 2340.202359037866, 745.2111149867821
414.24140191078186, 2340.202359037866, 745.2111149867821
414.84918427467346, 2340.819070807592, 745.3650561549439
415.24784445762634, 2340.819070807592, 745.3650561549439
415.8652424812317, 2341.1669518863027, 745.4714812172954
416.38584446907043, 2340.207418374593, 745.0900142472163
416.8656966686249, 2339.430024349861, 745.9738927373425
417.3962707519531, 2339.7782258675575, 744.8141307262933
417.8895893096924, 2339.1936119331153, 744.773825599566
418.38821291923523, 2341.205673446529, 745.3089846935567
418.898939371109, 2340.3307593482937, 745.076640183724
419.4140110015869, 2340.607977690387, 745.2748163868283
419.89472007751465, 2340.1539631810015, 745.0435249972772
420.41021275520325, 2340.750209876843, 745.3235323656711
420.9168519973755, 2341.252404889366, 745.3745613426303
421.4245660305023, 2339.230275241774, 745.8825067944383
421.8921911716461, 2340.622831884236, 745.5241649586454
422.29146361351013, 2340.622831884236, 745.5241649586454
422.89459133148193, 2339.701828573353, 745.0579664507214
423.30947732925415, 2339.701828573353, 745.0579664507214
423.9238073825836, 2340.641507771699, 745.1473836323477
424.3422439098358, 2340.641507771699, 745.1473836323477
424.82832288742065, 2340.641507771699, 745.1473836323477
425.45058012008667, 2340.3569702688683, 745.3754655290286
425.9448595046997, 2340.586192597317, 745.3878677744398
426.3702163696289, 2340.586192597317, 745.3878677744398
426.8469355106354, 2340.586192597317, 745.3878677744398
427.44896602630615, 2341.0007439647625, 745.4932468564812
427.8358209133148, 2341.0007439647625, 745.4932468564812
428.4538972377777, 2141.968638561518, 568.9375762639155
428.9366762638092, 2219.468090936205, 381.0613853284276
429.3266272544861, 2219.468090936205, 381.0613853284276
429.9905791282654, 1276.988470750748, 1859.7425073169627
430.3832869529724, 1276.988470750748, 1859.7425073169627
430.8781430721283, 1276.988470750748, 1859.7425073169627
431.51732635498047, 1767.0847745184092, 1858.5905567915302
431.8738136291504, 1767.0847745184092, 1858.5905567915302
432.3853979110718, 1767.0847745184092, 1858.5905567915302
432.9881794452667, 1405.3165498788887, 2002.225007656357
433.50522899627686, 1736.9952871593766, 2735.6414053045337
434.01588582992554, 1869.1872485983477, 1987.978604201092
434.41745114326477, 1869.1872485983477, 1987.978604201092
434.91201663017273, 1869.1872485983477, 1987.978604201092
435.4251663684845, 1869.1872485983477, 1987.978604201092
436.04041743278503, 1675.164987867766, 1658.338372404854
436.567999124527, 696.2344701662984, 1621.1497159235607
437.0597059726715, 4077.767977990951, 2783.0878579015384
437.45760893821716, 4077.767977990951, 2783.0878579015384
438.08328890800476, 1605.5554356212397, 2211.6086137665984
438.5915265083313, 1554.0784121048537, 1512.5393099468827
439.0911285877228, 2706.73558539877, 2902.4463622873623
439.62413454055786, 4307.970500116623, 2116.097065955121
440.1090281009674, 1092.1783535117122, 1801.2902338178822
440.6610779762268, 2204.6945809832664, 2284.812359887304
441.10391640663147, 983.0853180158716, 1489.185190862393
441.72850370407104, 2581.392852619745, -3241.0882110306534
442.10395407676697, 2581.392852619745, -3241.0882110306534
442.63381576538086, 2581.392852619745, -3241.0882110306534
443.11987376213074, 2581.392852619745, -3241.0882110306534
444.13271832466125, 2233.4275746886146, 2737.4571410721956
444.47595953941345, 2233.4275746886146, 2737.4571410721956
444.985942363739, 2233.4275746886146, 2737.4571410721956
445.59793186187744, 2887.4184345722833, 2825.6691260521015
446.11468482017517, 1001.5574368955312, 1649.8265575985351
446.4996497631073, 1001.5574368955312, 1649.8265575985351
447.11863255500793, 381.61727316754747, 1501.7428370658547
447.52394127845764, 381.61727316754747, 1501.7428370658547
448.10816836357117, 1588.3600227661466, 2218.929053229578
448.64428305625916, 802.4491392952857, 1291.87358144389
449.15600085258484, 1271.458279672411, 2093.9291915434947
449.6768476963043, 1245.666677562111, 2846.5057312728954
450.12600922584534, 1411.5901571711272, 2097.5003544460214
450.5359089374542, 1411.5901571711272, 2097.5003544460214
451.1763951778412, -20867.095855583062, 2422.0538993006876
451.5826256275177, -20867.095855583062, 2422.0538993006876
452.1770980358124, 1592.0793653029396, 2801.9225148905093
452.5695843696594, 1592.0793653029396, 2801.9225148905093
453.16855692863464, 318.10177336941956, 163.28247733532677
453.69018840789795, -41657.66779486248, 1793.0116443292825
454.07837080955505, -41657.66779486248, 1793.0116443292825
454.70087909698486, 203.98113330177765, 2628.0140621449505
455.185133934021, 1552.8341661123259, 1866.511100181141
455.57537722587585, 1552.8341661123259, 1866.511100181141
456.19403553009033, 1268.019312692885, 2423.7911377042446
456.59090971946716, 1268.019312692885, 2423.7911377042446
457.1931891441345, 471.4290506256428, 2724.678583680636
457.72995018959045, 1467.45659466467, 2538.321285882693
458.34330201148987, 1210.833234629231, 2497.21518039756
458.6963551044464, 1210.833234629231, 2497.21518039756
459.22194027900696, 1552.2826178452754, 2159.370395259105
459.7196033000946, 876.4915618294018, 2684.773093639994
461.2329089641571, 1496.904257654528, 1775.7836044513717
461.62649726867676, 1496.904257654528, 1775.7836044513717
462.1444137096405, 1496.904257654528, 1775.7836044513717
462.7348277568817, 1525.1788872278462, 2052.591955589547
463.15016317367554, 1525.1788872278462, 2052.591955589547
463.7475972175598, 1569.5624603983144, 2630.8868226484615
464.1265790462494, 1569.5624603983144, 2630.8868226484615
464.7399311065674, 1639.0151351397856, 2468.3524596522307
465.12474036216736, 1639.0151351397856, 2468.3524596522307
465.6264452934265, 1639.0151351397856, 2468.3524596522307
466.25956439971924, 1939.5158523900127, 2225.147856433491
467.30093026161194, 1844.655485779169, 8597.027387635266
467.7874939441681, 129004.25229613205, 1871.670593535923
468.17264008522034, 129004.25229613205, 1871.670593535923
468.8207006454468, 1831.8697349380361, 2424.815823094466
469.1981055736542, 1831.8697349380361, 2424.815823094466
469.8593761920929, 1534.9652415397436, 2820.540873606261
470.25387930870056, 1534.9652415397436, 2820.540873606261
471.4069199562073, 571.7661848804386, 15918.166788420544
471.74201679229736, 571.7661848804386, 15918.166788420544
472.34739327430725, 499.11998710886127, 2907.0099622351986
472.74891686439514, 499.11998710886127, 2907.0099622351986
473.3989579677582, 1424.3088353578235, 1531.7253788179016
477.8793625831604, 1488.0097163904477, 2136.0820572502253
478.385582447052, 1367.1145111713172, 2919.0557795218533
479.9104278087616, 1547.3876120262198, 2925.0033063994106
480.3891406059265, 1170.5338688828647, 1703.8403537172262
480.88181829452515, 913.4900516091865, 2700.9545633162434
481.37449383735657, 1545.147363136014, 1983.4033761737014
481.8831264972687, 1005.799606521821, 2819.9182053588843
482.396746635437, 1598.4278320035205, 2534.4384547739915
482.96330285072327, 1534.9793786510454, 2687.0661722408786
483.39545822143555, 1429.4723287891948, 2178.118221406874
483.88365602493286, 989.8437917397399, 2601.0045441315515
484.3653612136841, 1437.654913854397, -84181.92903776256
484.94828963279724, 315.62003801168856, 2814.0986684044024
485.24848318099976, 315.62003801168856, 2814.0986684044024
485.9043574333191, 709.4616847239477, -11425.586893023745
486.2753608226776, 709.4616847239477, -11425.586893023745
486.7637836933136, 709.4616847239477, -11425.586893023745
487.39802503585815, -1052.1279270272044, 1921.505241949323
487.78769850730896, -1052.1279270272044, 1921.505241949323
488.39076375961304, 1430.6725095147337, 2003.5546245677608
488.78194785118103, 1430.6725095147337, 2003.5546245677608
489.2717535495758, 1430.6725095147337, 2003.5546245677608
489.9251217842102, 1300.143398407163, 2099.972201450304
490.4187722206116, 1396.9526939296215, 2731.193521781112
490.80038142204285, 1396.9526939296215, 2731.193521781112
491.40912199020386, 1045.1201491880302, 2373.866134129166
492.44277453422546, 1052.1215515787624, 2230.4303303296506
492.94622778892517, 1560.4759132044958, 2968.5367283931996
493.5348949432373, 174.46648366381956, 1738.243432125231
494.0088574886322, 681.8977217153523, 1236.1390926607337
494.4538793563843, 1528.2056403078147, 2311.8604749368137
494.9713182449341, 1598.6592745169708, 70695.46639827607
495.4611084461212, 1822.3334852156088, 2164.3024000712153
495.8480689525604, 1822.3334852156088, 2164.3024000712153
496.3357021808624, 1822.3334852156088, 2164.3024000712153
496.8350839614868, 1822.3334852156088, 2164.3024000712153
497.4581706523895, 1706.4778286887226, 2358.144499759271
497.968412399292, 1542.0363455694212, 2656.5546823500563
498.46127557754517, 2031.0493656287217, 1714.6076062627744
498.98988342285156, 1397.4289345162424, 2517.4525270366503
500.9720528125763, 1229.5149524342125, 2587.1650960795023
501.3389256000519, 1229.5149524342125, 2587.1650960795023
501.8430564403534, 1229.5149524342125, 2587.1650960795023
502.47322249412537, 969.574836402524, 1215.669899492711
502.8681604862213, 969.574836402524, 1215.669899492711
503.97295570373535, 1436.5330205821099, 2257.5709967121265
504.4452934265137, 1744.4714313098561, 2157.0907799933693
504.97512793540955, 1136.6048745505786, 2491.8205183672926
505.34114480018616, 1136.6048745505786, 2491.8205183672926
505.97750878334045, 1384.249110597445, 1634.9432030842734
506.3647322654724, 1384.249110597445, 1634.9432030842734
506.9833273887634, 775.5260138204387, 6665.017134917422
507.46474146842957, 1244.3625918771688, 2270.817818687812
507.9854528903961, 1765.4182012776982, 1671.9687548233842
508.47831630706787, 429.7243589511628, 2147.5372817065245
508.96609115600586, 1446.6847819948448, 2862.6796558308965
509.3333203792572, 1446.6847819948448, 2862.6796558308965
511.4835331439972, 1786.125853195669, -62584.96875685199
511.96877217292786, 290304.1084431256, 2721.9485394354538
512.4776613712311, 1061.0699654920722, 1949.7940986739861
512.9915459156036, 1792.2289790921063, 2318.429009312111
513.3687505722046, 1792.2289790921063, 2318.429009312111
513.9963047504425, 1550.50140077816, 1719.7207318117737
514.3657619953156, 1550.50140077816, 1719.7207318117737
514.8680031299591, 1550.50140077816, 1719.7207318117737
517.5789785385132, 3516.4771739177377, 2611.367901113069
518.0307655334473, 825.6707125249634, 3048.398964726417
518.5364067554474, 1619.3598091424888, 2287.4428356032276
519.0240957736969, 1088.954860797501, 1072.5708892792636
519.4937517642975, 818.063058502535, 1797.8817622342895
519.8856980800629, 818.063058502535, 1797.8817622342895
520.5136005878448, 1394.7561834413777, -60157.69945653405
520.9027733802795, 1394.7561834413777, -60157.69945653405
521.5033574104309, 66837.71370008167, -107417.23883370626
522.5113463401794, 1316.1602973995005, 1951.3942492328451
524.0503072738647, 73591.77379829323, 2771.0832530646444
524.5744869709015, 1013.1139170785057, -36481.278942712874
524.9554634094238, 1013.1139170785057, -36481.278942712874
525.5555517673492, 1057.1135852965194, 2479.6609945823566
526.065328836441, 1411.790988957549, 2538.4129498527477
526.5706231594086, 1877.7100508962762, -73270.4323919911
527.5609445571899, 1031.2344540680442, 2735.287603163738
528.0684611797333, 266.0570676991677, 2960.7212673003683
528.5446789264679, 1785.3274872343723, 2891.071991864819
529.085294008255, 1446.3868643788326, 2495.925864165166
529.5749237537384, 1658.6994483232843, 2963.190937805288
530.0851686000824, 1101.4739178434124, 2876.492110067102
530.5813460350037, 894.6560521408048, -61982.993568348335
531.092203617096, 880.417112798567, 2829.1578847451315
531.5861668586731, 1197.993901323366, 2181.896947428749
532.0880043506622, 2563.5908840020847, 2769.501109131072
532.5744962692261, 1604.9303199832289, 2426.765679974979
533.5770902633667, 258.17965060097407, 2029.9588304726524
533.9893198013306, 258.17965060097407, 2029.9588304726524
534.5872197151184, 2453.5992527583057, 2057.8503463383195
535.155620098114, 2841.5818956144026, 2801.3826336523794
535.6363286972046, 1690.949631058029, -26848.14998912654
536.0231592655182, 1690.949631058029, -26848.14998912654
536.6129813194275, 1356.71313936741, 2118.2050137287492
537.1196835041046, 1669.045603908077, 2148.674250972406
537.5243129730225, 1669.045603908077, 2148.674250972406
538.2027390003204, 98129.36918058702, 2161.712159831373
538.5837030410767, 98129.36918058702, 2161.712159831373
539.1770687103271, 1526.6122609696051, 2065.033339625059
539.570481300354, 1526.6122609696051, 2065.033339625059
540.1578493118286, 2982.3793633112386, 2062.4087387207846
540.5298194885254, 2982.3793633112386, 2062.4087387207846
541.1666669845581, 1996.2013102484825, 2146.5187877993785
541.5474154949188, 1996.2013102484825, 2146.5187877993785
542.2457399368286, 1005.9384562105056, 13481.877252281345
542.7070758342743, 1289.8088353492724, 2780.3925364164784
543.096492767334, 1289.8088353492724, 2780.3925364164784
543.689478635788, 1342.9606298864294, 2265.788930583793
544.1003801822662, 1342.9606298864294, 2265.788930583793
544.5813987255096, 1342.9606298864294, 2265.788930583793
545.2438395023346, 1487.3765121102804, 2940.7762076165604
545.757838010788, 1197.4056466423008, 2775.472048528085
546.2555680274963, 1527.8136820072352, 2315.9369267873835
546.7512652873993, 794.527384516213, 1672.4987954467088
547.2337074279785, 337.9064097312775, 2141.162880397003
547.7286012172699, 1378.4706829609574, 2429.397066230368
548.2302536964417, 1306.2727288867236, 2360.405982393619
548.6101729869843, 1306.2727288867236, 2360.405982393619
549.1302688121796, 1306.2727288867236, 2360.405982393619
549.7257039546967, 1444.4829742378745, 3468.603768090781
550.230348110199, 1604.3986085399406, 2378.9545494058675
550.5993559360504, 1604.3986085399406, 2378.9545494058675
551.7501749992371, 1171.7920940469862, 2952.966410324531
552.2258970737457, 1727.9434758735724, 2577.5336096611068
