time, x0, y0, x1, y1...
2.2180631160736084, 20.0, 20.0
2.7026944160461426, 20.0, 20.0
3.2032158374786377, 20.0, 20.0
3.706683874130249, 20.0, 20.0
4.328557729721069, 2724.31190874218, 2934.016772460506
4.7175164222717285, 2724.31190874218, 2934.016772460506
5.209057092666626, 2724.31190874218, 2934.016772460506
5.711360931396484, 2724.31190874218, 2934.016772460506
6.2150022983551025, 2724.31190874218, 2934.016772460506
6.708904981613159, 2724.31190874218, 2934.016772460506
7.334232330322266, 2719.2395753297437, 2934.354936474692
7.718231201171875, 2719.2395753297437, 2934.354936474692
8.205925464630127, 2719.2395753297437, 2934.354936474692
8.831252336502075, 2720.4587493258327, 2934.180470899827
9.321937799453735, 2720.5833206223865, 2934.204862675148
9.718875885009766, 2720.5833206223865, 2934.204862675148
10.20457649230957, 2720.5833206223865, 2934.204862675148
10.703242540359497, 2720.5833206223865, 2934.204862675148
11.209037065505981, 2720.5833206223865, 2934.204862675148
11.840347528457642, 2721.9407369298574, 2934.4623447014797
12.33346962928772, 2721.477098157892, 2934.8987560364576
12.717895746231079, 2721.477098157892, 2934.8987560364576
13.20761489868164, 2721.477098157892, 2934.8987560364576
13.713594198226929, 2721.477098157892, 2934.8987560364576
14.213783979415894, 2721.477098157892, 2934.8987560364576
14.710970163345337, 2721.477098157892, 2934.8987560364576
15.218177556991577, 2721.477098157892, 2934.8987560364576
15.837446928024292, 3065.9892008959982, 2686.174014376972
16.211216926574707, 3065.9892008959982, 2686.174014376972
16.714904069900513, 3065.9892008959982, 2686.174014376972
17.210919857025146, 3065.9892008959982, 2686.174014376972
17.720720767974854, 3065.9892008959982, 2686.174014376972
18.236429452896118, 3065.9892008959982, 2686.174014376972
18.834798097610474, 3061.010249413397, 2694.4934450002193
19.20772433280945, 3061.010249413397, 2694.4934450002193
19.8474440574646, 3071.409755868052, 2699.3452767149424
20.236697673797607, 3071.409755868052, 2699.3452767149424
20.728678941726685, 3071.409755868052, 2699.3452767149424
21.230555057525635, 3071.409755868052, 2699.3452767149424
21.7282931804657, 3071.409755868052, 2699.3452767149424
22.353187561035156, 3071.784349609296, 2715.871738960385
22.745572090148926, 3071.784349609296, 2715.871738960385
23.34415626525879, 3073.824284469403, 2680.8773986864844
23.736799001693726, 3073.824284469403, 2680.8773986864844
24.34823703765869, 3066.494226038168, 2697.666604945463
24.853965282440186, 3070.6109923430768, 2697.20994946378
25.353419303894043, 3071.4965478647905, 2693.9603880699674
25.734399557113647, 3071.4965478647905, 2693.9603880699674
26.231544017791748, 3071.4965478647905, 2693.9603880699674
26.850884675979614, 3073.4090812678874, 2692.420304625993
27.338611364364624, 3076.1627724141995, 2685.139829123941
27.7409029006958, 3076.1627724141995, 2685.139829123941
28.341477394104004, 3078.8659240712245, 2702.1095370037237
28.728905200958252, 3078.8659240712245, 2702.1095370037237
29.351268529891968, 3076.8708074577585, 2693.948664101641
29.732330322265625, 3076.8708074577585, 2693.948664101641
30.226791381835938, 3076.8708074577585, 2693.948664101641
30.86634659767151, 3087.5375297889013, 2677.617165078653
31.349056005477905, 3086.796038649245, 2701.1772180050093
31.866670608520508, 3071.860926123773, 2701.6299826988443
32.3581600189209, 3091.7713812036964, 2694.478536241806
32.73575186729431, 3091.7713812036964, 2694.478536241806
33.23135471343994, 3091.7713812036964, 2694.478536241806
33.85719656944275, 3091.081241153386, 2684.6534245776406
34.3441596031189, 3079.329592670094, 2680.800547374821
34.74608397483826, 3079.329592670094, 2680.800547374821
35.342487812042236, 3072.1459601844567, 2689.172253694379
35.86472249031067, 3070.4192530281175, 2684.23503875263
36.241345167160034, 3070.4192530281175, 2684.23503875263
36.85472893714905, 3068.187335783343, 2698.9827094146085
37.23570966720581, 3068.187335783343, 2698.9827094146085
37.85862874984741, 3067.494733200708, 2683.869312561463
38.22993516921997, 3067.494733200708, 2683.869312561463
38.84931969642639, 3067.82916052982, 2690.010823088949
39.373488664627075, 3084.6300306348453, 2682.054175233995
39.73751616477966, 3084.6300306348453, 2682.054175233995
40.345887184143066, 3068.376644997747, 2697.722232260189
40.7306592464447, 3068.376644997747, 2697.722232260189
41.350972414016724, 3087.469688078539, 2678.4844397113884
41.735257148742676, 3087.469688078539, 2678.4844397113884
42.22852277755737, 3087.469688078539, 2678.4844397113884
42.732444763183594, 3087.469688078539, 2678.4844397113884
43.23076391220093, 3087.469688078539, 2678.4844397113884
43.84598135948181, 3062.9590148971197, 2706.255885057174
44.22930908203125, 3062.9590148971197, 2706.255885057174
44.84946966171265, 3081.406281310292, 2699.2824534069355
45.23265314102173, 3081.406281310292, 2699.2824534069355
45.73451018333435, 3081.406281310292, 2699.2824534069355
46.23006510734558, 3081.406281310292, 2699.2824534069355
46.84506845474243, 3071.8550309845305, 2695.914080142079
47.35570049285889, 3088.613820638998, 2680.5150329823337
47.861783027648926, 3078.8585135550666, 2699.6607163737817
48.22481060028076, 3078.8585135550666, 2699.6607163737817
48.85617113113403, 3063.159896170553, 2685.041640674997
49.250876665115356, 3063.159896170553, 2685.041640674997
49.72972226142883, 3063.159896170553, 2685.041640674997
50.236698150634766, 3063.159896170553, 2685.041640674997
50.73817706108093, 3063.159896170553, 2685.041640674997
51.34267497062683, 3070.525164155777, 2687.873650131996
51.734760761260986, 3070.525164155777, 2687.873650131996
52.232001066207886, 3070.525164155777, 2687.873650131996
52.8459370136261, 3070.15230241684, 2692.7743604876346
53.341275453567505, 3085.564002177269, 2694.5018112858706
53.85888981819153, 3084.025601163666, 2708.675254025753
54.23249793052673, 3084.025601163666, 2708.675254025753
54.728166580200195, 3084.025601163666, 2708.675254025753
55.24088907241821, 3084.025601163666, 2708.675254025753
55.7360200881958, 3084.025601163666, 2708.675254025753
56.22567915916443, 3084.025601163666, 2708.675254025753
56.7262487411499, 3084.025601163666, 2708.675254025753
57.34192252159119, 3066.973929082041, 2691.414919014201
57.734872341156006, 3066.973929082041, 2691.414919014201
58.22774815559387, 3066.973929082041, 2691.414919014201
58.72783327102661, 3066.973929082041, 2691.414919014201
59.23452091217041, 3066.973929082041, 2691.414919014201
59.8947536945343, 3296.7501900194693, 1281.72384717115
60.26775550842285, 3296.7501900194693, 1281.72384717115
60.932974338531494, 1297.1354862439543, 2319.101346389746
61.29799771308899, 1297.1354862439543, 2319.101346389746
61.91477680206299, 3818.9336015963117, 2233.55000441637
62.29475975036621, 3818.9336015963117, 2233.55000441637
62.79010820388794, 3818.9336015963117, 2233.55000441637
63.29006838798523, 3818.9336015963117, 2233.55000441637
63.8021342754364, 3818.9336015963117, 2233.55000441637
64.29581451416016, 3818.9336015963117, 2233.55000441637
64.85968589782715, 3073.3823735819033, 2698.150538353068
65.33797788619995, 3070.184960196353, 2704.855865652613
65.73887181282043, 3070.184960196353, 2704.855865652613
66.23022198677063, 3070.184960196353, 2704.855865652613
66.84657287597656, 3071.590126411845, 2706.6346616882192
67.23242616653442, 3071.590126411845, 2706.6346616882192
67.73202419281006, 3071.590126411845, 2706.6346616882192
68.34637975692749, 3073.603688816574, 2699.6324847284036
68.84704089164734, 3082.8069808511686, 2703.8149153269665
69.23799395561218, 3082.8069808511686, 2703.8149153269665
69.73466444015503, 3082.8069808511686, 2703.8149153269665
70.23819637298584, 3082.8069808511686, 2703.8149153269665
70.72613644599915, 3082.8069808511686, 2703.8149153269665
71.34443306922913, 3071.859260168744, 2691.922177087053
71.73314046859741, 3071.859260168744, 2691.922177087053
72.23390197753906, 3071.859260168744, 2691.922177087053
72.72857809066772, 3071.859260168744, 2691.922177087053
73.35018253326416, 3063.0629004711236, 2703.54295600207
73.73614954948425, 3063.0629004711236, 2703.54295600207
74.24104690551758, 3063.0629004711236, 2703.54295600207
74.86288285255432, 2825.268249486298, 1771.1177750085042
75.23885488510132, 2825.268249486298, 1771.1177750085042
75.85217761993408, 2837.4531600345754, 1772.6047247028332
76.229168176651, 2837.4531600345754, 1772.6047247028332
76.73242688179016, 2837.4531600345754, 1772.6047247028332
77.35588026046753, 2963.454749347526, 2187.68538536194
77.74387001991272, 2963.454749347526, 2187.68538536194
78.34508228302002, 3089.591032018988, 2157.4388455429716
78.86373949050903, 3089.786047202909, 2194.301563633605
79.24235010147095, 3089.786047202909, 2194.301563633605
79.85996580123901, 3077.6717561211562, 2141.283236746853
80.2389509677887, 3077.6717561211562, 2141.283236746853
80.85530138015747, 3067.488048423549, 2184.333861445695
81.22671270370483, 3067.488048423549, 2184.333861445695
81.7423050403595, 3067.488048423549, 2184.333861445695
82.23997211456299, 3067.488048423549, 2184.333861445695
82.7485682964325, 3067.488048423549, 2184.333861445695
83.3529212474823, 3067.787558929277, 2179.8521876516434
83.87160325050354, 2948.0234564965567, 2175.6183376068248
84.24061274528503, 2948.0234564965567, 2175.6183376068248
84.84984087944031, 3061.9077987340124, 2152.3372014440297
85.34525990486145, 3069.111681039107, 2183.8446666685195
85.73723888397217, 3069.111681039107, 2183.8446666685195
86.22998929023743, 3069.111681039107, 2183.8446666685195
86.74087452888489, 3069.111681039107, 2183.8446666685195
87.25565505027771, 3069.111681039107, 2183.8446666685195
87.8648145198822, 3065.166536973059, 1266.9094212889083
88.23012900352478, 3065.166536973059, 1266.9094212889083
88.74222946166992, 3065.166536973059, 1266.9094212889083
89.23619866371155, 3065.166536973059, 1266.9094212889083
89.861980676651, 2940.1184549377185, 2159.9856674562707
90.23431658744812, 2940.1184549377185, 2159.9856674562707
90.73953652381897, 2940.1184549377185, 2159.9856674562707
91.2428228855133, 2940.1184549377185, 2159.9856674562707
91.86164498329163, 3082.120090310233, 2141.233737785938
92.24120020866394, 3082.120090310233, 2141.233737785938
92.74506831169128, 3082.120090310233, 2141.233737785938
93.24381351470947, 3082.120090310233, 2141.233737785938
93.74154424667358, 3082.120090310233, 2141.233737785938
94.25853633880615, 3082.120090310233, 2141.233737785938
94.7452323436737, 3082.120090310233, 2141.233737785938
95.24366402626038, 3082.120090310233, 2141.233737785938
95.74905157089233, 3082.120090310233, 2141.233737785938
96.24016094207764, 3082.120090310233, 2141.233737785938
96.8717098236084, 2916.6986463561266, 2142.8476651021874
97.23969769477844, 2916.6986463561266, 2142.8476651021874
97.73833394050598, 2916.6986463561266, 2142.8476651021874
98.35089635848999, 3075.116387846247, 2149.4723982681585
98.7419786453247, 3075.116387846247, 2149.4723982681585
99.37053799629211, 2973.2050619035763, 2087.3449858223057
99.74294638633728, 2973.2050619035763, 2087.3449858223057
100.23363304138184, 2973.2050619035763, 2087.3449858223057
100.73653197288513, 2973.2050619035763, 2087.3449858223057
101.25215220451355, 2973.2050619035763, 2087.3449858223057
101.84842467308044, 3076.929818304013, 2205.9723990432994
102.40393686294556, 3068.537311441192, 2220.441599290689
102.86373519897461, 3085.3068218811413, 2177.542167669734
103.35459041595459, 3087.4761367235474, 2190.5648813233147
103.7345564365387, 3087.4761367235474, 2190.5648813233147
104.8642966747284, 3089.1217030652906, 2210.9260724173596
105.23131322860718, 3089.1217030652906, 2210.9260724173596
105.8935775756836, 3071.0937814515382, 2188.7607976753666
106.35331177711487, 3064.278098582348, 2167.432813940797
106.76022338867188, 3064.278098582348, 2167.432813940797
107.23899841308594, 3064.278098582348, 2167.432813940797
107.73920750617981, 3064.278098582348, 2167.432813940797
108.34510159492493, 3079.38162642385, 2199.3425564860395
108.75283980369568, 3079.38162642385, 2199.3425564860395
109.36101841926575, 3085.391428394554, 2180.9757599405903
109.73816466331482, 3085.391428394554, 2180.9757599405903
110.23302102088928, 3085.391428394554, 2180.9757599405903
110.73668575286865, 3085.391428394554, 2180.9757599405903
111.22886657714844, 3085.391428394554, 2180.9757599405903
111.85108160972595, 3069.1559975997334, 2184.0853553254237
112.23106384277344, 3069.1559975997334, 2184.0853553254237
112.73893618583679, 3069.1559975997334, 2184.0853553254237
113.24067687988281, 3069.1559975997334, 2184.0853553254237
113.74055814743042, 3069.1559975997334, 2184.0853553254237
114.34693670272827, 2727.574304905071, 2914.164829938234
114.74739074707031, 2727.574304905071, 2914.164829938234
115.23328495025635, 2727.574304905071, 2914.164829938234
115.7289366722107, 2727.574304905071, 2914.164829938234
116.23255586624146, 2727.574304905071, 2914.164829938234
116.73098635673523, 2727.574304905071, 2914.164829938234
117.2271990776062, 2727.574304905071, 2914.164829938234
117.72686123847961, 2727.574304905071, 2914.164829938234
118.24092268943787, 2727.574304905071, 2914.164829938234
118.7547299861908, 2727.574304905071, 2914.164829938234
119.38120818138123, 2717.8188022140434, 2944.038496837725
119.76418328285217, 2717.8188022140434, 2944.038496837725
120.26584124565125, 2717.8188022140434, 2944.038496837725
120.77648162841797, 2717.8188022140434, 2944.038496837725
121.255375623703, 2717.8188022140434, 2944.038496837725
121.76472973823547, 2717.8188022140434, 2944.038496837725
122.3683123588562, 2723.7293977653862, 2939.459703414825
122.8677499294281, 3141.6518613664234, 2953.699886374012
123.43523073196411, 2219.5338998117854, 23514.740490203403
123.8079400062561, 2219.5338998117854, 23514.740490203403
124.3097152709961, 2219.5338998117854, 23514.740490203403
124.79737830162048, 2219.5338998117854, 23514.740490203403
125.30302572250366, 2219.5338998117854, 23514.740490203403
125.7947096824646, 2219.5338998117854, 23514.740490203403
126.36445569992065, 2715.9452068838996, 2960.4993167972725
126.88502335548401, 2715.2548701195706, 2964.201412735261
127.25403499603271, 2715.2548701195706, 2964.201412735261
127.74817204475403, 2715.2548701195706, 2964.201412735261
128.25296187400818, 2715.2548701195706, 2964.201412735261
128.7528567314148, 2715.2548701195706, 2964.201412735261
129.24941277503967, 2715.2548701195706, 2964.201412735261
129.78385162353516, 2715.2548701195706, 2964.201412735261
130.25463914871216, 2715.2548701195706, 2964.201412735261
130.87735867500305, 2738.335576093407, 2874.0159149652914
131.24934840202332, 2738.335576093407, 2874.0159149652914
131.75231981277466, 2738.335576093407, 2874.0159149652914
132.36822772026062, 2742.587350268637, 2876.2028232829507
132.76114535331726, 2742.587350268637, 2876.2028232829507
133.41597366333008, 2376.740923686945, 2380.6382068921525
133.79890942573547, 2376.740923686945, 2380.6382068921525
134.28829765319824, 2376.740923686945, 2380.6382068921525
134.7954924106598, 2376.740923686945, 2380.6382068921525
135.29987740516663, 2376.740923686945, 2380.6382068921525
135.8421745300293, 2376.740923686945, 2380.6382068921525
136.3942904472351, 2732.8916245383716, 1739.7468741485393
136.91731452941895, 2957.4085855060657, 2763.8627738078294
137.31920552253723, 2957.4085855060657, 2763.8627738078294
137.7840452194214, 2957.4085855060657, 2763.8627738078294
138.29071831703186, 2957.4085855060657, 2763.8627738078294
138.78376269340515, 2957.4085855060657, 2763.8627738078294
139.29090428352356, 2957.4085855060657, 2763.8627738078294
139.79239964485168, 2957.4085855060657, 2763.8627738078294
140.292062997818, 2957.4085855060657, 2763.8627738078294
140.7925510406494, 2957.4085855060657, 2763.8627738078294
141.29109501838684, 2957.4085855060657, 2763.8627738078294
141.7867133617401, 2957.4085855060657, 2763.8627738078294
142.2954044342041, 2957.4085855060657, 2763.8627738078294
142.79243779182434, 2957.4085855060657, 2763.8627738078294
143.41181921958923, 1887.2456577408964, 2937.9635544433013
143.79579210281372, 1887.2456577408964, 2937.9635544433013
144.29285168647766, 1887.2456577408964, 2937.9635544433013
144.79806232452393, 1887.2456577408964, 2937.9635544433013
145.29164123535156, 1887.2456577408964, 2937.9635544433013
146.4195945262909, 2426.020205025554, 2843.6384978300025
146.9527518749237, 3066.8221261783715, 1989.7734207906728
147.31680703163147, 3066.8221261783715, 1989.7734207906728
147.81657934188843, 3066.8221261783715, 1989.7734207906728
148.33002829551697, 3066.8221261783715, 1989.7734207906728
148.95144414901733, 3798.5579630050725, 2835.0198722591917
149.39924716949463, 1614.6844235538713, 1458.4262958202924
149.80040884017944, 1614.6844235538713, 1458.4262958202924
150.295019865036, 1614.6844235538713, 1458.4262958202924
150.96147441864014, 2981.589394247391, 2388.6168225006377
151.4135937690735, 2031.2226308236277, 1549.0473064481807
151.96611523628235, 3281.3373406209453, 1906.3248002022606
152.43086981773376, 2334.3219330619804, 1527.5996465422295
152.916570186615, 3165.7876654343495, 510.79070068838433
153.417231798172, 3950.799375496754, 3149.646160073507
153.80174684524536, 3950.799375496754, 3149.646160073507
154.30670166015625, 3950.799375496754, 3149.646160073507
154.80115747451782, 3950.799375496754, 3149.646160073507
155.3018181324005, 3950.799375496754, 3149.646160073507
155.87628054618835, 2732.4125210707334, 1246.0649691078786
156.37906312942505, 2727.1070589551805, 1240.5155498887038
156.8830668926239, 2727.661830652367, 1240.7284660458997
157.3986873626709, 2239.902289254833, 1767.3505196241138
157.78565001487732, 2239.902289254833, 1767.3505196241138
158.36483025550842, 2725.8257474228644, 1207.513757653968
158.87745904922485, 2725.2152712693623, 1207.3627700930376
159.24568104743958, 2725.2152712693623, 1207.3627700930376
159.87001013755798, 2726.6152042000385, 1208.0563408386558
160.25159287452698, 2726.6152042000385, 1208.0563408386558
160.89448428153992, 2725.761324672981, 1208.0847024803022
161.2505304813385, 2725.761324672981, 1208.0847024803022
161.74734926223755, 2725.761324672981, 1208.0847024803022
162.25493717193604, 2725.761324672981, 1208.0847024803022
162.74983620643616, 2725.761324672981, 1208.0847024803022
163.24259161949158, 2725.761324672981, 1208.0847024803022
163.7552523612976, 2725.761324672981, 1208.0847024803022
164.36182045936584, 2727.087873035467, 1207.234313848954
164.74959778785706, 2727.087873035467, 1207.234313848954
165.2509627342224, 2727.087873035467, 1207.234313848954
165.86748695373535, 2726.6916782616763, 1207.2545623633393
166.37208461761475, 2725.9798483989475, 1207.217137769783
166.88264679908752, 2725.9836130828107, 1208.1729124925473
167.3623902797699, 2725.2246094748443, 1206.9388520066161
167.75530910491943, 2725.2246094748443, 1206.9388520066161
168.27421736717224, 2725.2246094748443, 1206.9388520066161
168.77471899986267, 2725.2246094748443, 1206.9388520066161
169.35936093330383, 2724.8658950792924, 1207.2925233350002
169.89592456817627, 2724.8111846405836, 1207.2823860806961
170.2669324874878, 2724.8111846405836, 1207.2823860806961
170.74631667137146, 2724.8111846405836, 1207.2823860806961
171.36962509155273, 2725.6944985780665, 1863.91017160807
171.7655644416809, 2725.6944985780665, 1863.91017160807
172.2532594203949, 2725.6944985780665, 1863.91017160807
172.74992990493774, 2725.6944985780665, 1863.91017160807
173.24441027641296, 2725.6944985780665, 1863.91017160807
173.74954104423523, 2725.6944985780665, 1863.91017160807
174.24766087532043, 2725.6944985780665, 1863.91017160807
174.7455005645752, 2725.6944985780665, 1863.91017160807
175.25541400909424, 2725.6944985780665, 1863.91017160807
175.74800157546997, 2725.6944985780665, 1863.91017160807
176.24491953849792, 2725.6944985780665, 1863.91017160807
176.86970734596252, 2726.58413186977, 1972.6384907510708
177.2397174835205, 2726.58413186977, 1972.6384907510708
177.75069451332092, 2726.58413186977, 1972.6384907510708
178.2483630180359, 2726.58413186977, 1972.6384907510708
178.748708486557, 2726.58413186977, 1972.6384907510708
179.3710412979126, 2726.0358399148504, 1973.2270922931948
179.8976321220398, 2725.7716253203716, 1973.210457296978
180.25068855285645, 2725.7716253203716, 1973.210457296978
180.74935221672058, 2725.7716253203716, 1973.210457296978
181.2467908859253, 2725.7716253203716, 1973.210457296978
181.74149537086487, 2725.7716253203716, 1973.210457296978
182.25652742385864, 2725.7716253203716, 1973.210457296978
182.74423670768738, 2725.7716253203716, 1973.210457296978
183.3715591430664, 2729.9160717490595, 2042.9449618893111
183.74572134017944, 2729.9160717490595, 2042.9449618893111
184.24672269821167, 2729.9160717490595, 2042.9449618893111
184.74708461761475, 2729.9160717490595, 2042.9449618893111
185.2403917312622, 2729.9160717490595, 2042.9449618893111
185.86921644210815, 2728.7034770306313, 2041.2395738358337
186.2422468662262, 2728.7034770306313, 2041.2395738358337
186.75586557388306, 2728.7034770306313, 2041.2395738358337
187.24452877044678, 2728.7034770306313, 2041.2395738358337
187.74255394935608, 2728.7034770306313, 2041.2395738358337
188.2562656402588, 2728.7034770306313, 2041.2395738358337
188.88059449195862, 2728.0940813948096, 2042.0126593753287
189.37327599525452, 2729.105405068508, 2042.38165415819
189.8951394557953, 2729.3392469888236, 2041.7196725923707
190.2574861049652, 2729.3392469888236, 2041.7196725923707
190.88981771469116, 2726.8863315556623, 2057.32884049997
191.26035261154175, 2726.8863315556623, 2057.32884049997
191.9046287536621, 2703.4040660905243, 196.43335205307142
192.37836122512817, 2761.594184323918, 524.574710111815
192.75934147834778, 2761.594184323918, 524.574710111815
193.26588892936707, 2761.594184323918, 524.574710111815
193.87990856170654, 2762.456588207656, 521.8750967984897
194.25737524032593, 2762.456588207656, 521.8750967984897
194.75277876853943, 2762.456588207656, 521.8750967984897
195.2707965373993, 2762.456588207656, 521.8750967984897
195.75843906402588, 2762.456588207656, 521.8750967984897
196.25510954856873, 2762.456588207656, 521.8750967984897
196.75481390953064, 2762.456588207656, 521.8750967984897
197.3798406124115, 2777.0347295494034, 521.8041482732689
197.8769018650055, 2761.965842203983, 521.1665018455363
198.38950085639954, 2773.834075571814, 522.7598917176565
198.75552248954773, 2773.834075571814, 522.7598917176565
199.2548167705536, 2773.834075571814, 522.7598917176565
199.87903690338135, 2764.957511083287, 521.965188518677
200.27101731300354, 2764.957511083287, 521.965188518677
200.88214349746704, 2765.116895607014, 520.6597303976763
201.2541470527649, 2765.116895607014, 520.6597303976763
201.76627922058105, 2765.116895607014, 520.6597303976763
202.26694798469543, 2765.116895607014, 520.6597303976763
202.75698518753052, 2765.116895607014, 520.6597303976763
203.25534844398499, 2765.116895607014, 520.6597303976763
203.76857566833496, 2765.116895607014, 520.6597303976763
204.25930404663086, 2765.116895607014, 520.6597303976763
204.88141512870789, 2735.7205961930244, 1025.8332191277852
205.26567268371582, 2735.7205961930244, 1025.8332191277852
205.76282000541687, 2735.7205961930244, 1025.8332191277852
206.2614848613739, 2735.7205961930244, 1025.8332191277852
206.7561616897583, 2735.7205961930244, 1025.8332191277852
207.3932204246521, 2724.5655765852125, 777.0921968848775
207.7631230354309, 2724.5655765852125, 777.0921968848775
208.25659584999084, 2724.5655765852125, 777.0921968848775
208.75840425491333, 2724.5655765852125, 777.0921968848775
209.3726305961609, 2724.4963569539086, 777.6024145830158
209.88717937469482, 2723.7776110897867, 777.7802192188592
210.25855231285095, 2723.7776110897867, 777.7802192188592
210.75943970680237, 2723.7776110897867, 777.7802192188592
211.3770294189453, 2724.481862082094, 777.4731330372092
211.76017379760742, 2724.481862082094, 777.4731330372092
212.2705478668213, 2724.481862082094, 777.4731330372092
212.76921463012695, 2724.481862082094, 777.4731330372092
213.38157439231873, 2727.8561140855672, 1419.9671913563898
213.76458144187927, 2727.8561140855672, 1419.9671913563898
214.27118730545044, 2727.8561140855672, 1419.9671913563898
214.76686072349548, 2727.8561140855672, 1419.9671913563898
215.26143169403076, 2727.8561140855672, 1419.9671913563898
215.76589632034302, 2727.8561140855672, 1419.9671913563898
216.3864438533783, 2729.6880049112624, 1413.6335469009555
216.77440547943115, 2729.6880049112624, 1413.6335469009555
217.2740683555603, 2729.6880049112624, 1413.6335469009555
217.77840304374695, 2729.6880049112624, 1413.6335469009555
218.26395297050476, 2729.6880049112624, 1413.6335469009555
218.90378046035767, 2729.1497309360875, 1413.2121047940743
219.27568745613098, 2729.1497309360875, 1413.2121047940743
219.91335487365723, 2730.395190721911, 1413.5621662928536
220.38811707496643, 2730.907684454579, 1413.3837016673924
220.89182686805725, 2729.6823203230124, 1413.2869729330448
221.38041424751282, 2729.7430006181708, 1413.431907577509
221.76712918281555, 2729.7430006181708, 1413.431907577509
222.26455688476562, 2729.7430006181708, 1413.431907577509
222.77307987213135, 2729.7430006181708, 1413.431907577509
223.26474738121033, 2729.7430006181708, 1413.431907577509
223.8842487335205, 2729.5147697877096, 1413.2737725031413
224.38630723953247, 2729.05711258133, 1412.8858221577816
224.77740859985352, 2729.05711258133, 1412.8858221577816
225.38966417312622, 2730.2966015849693, 1413.5055209750078
225.7778353691101, 2730.2966015849693, 1413.5055209750078
226.37623357772827, 2729.3914791923453, 1412.9311582587745
226.89747095108032, 2727.8131074067355, 1413.0545632823457
227.26450037956238, 2727.8131074067355, 1413.0545632823457
229.3746418952942, 2741.4228544962107, 1405.8559107039628
229.88826656341553, 2729.653413253393, 1413.2207156693735
230.2702441215515, 2729.653413253393, 1413.2207156693735
230.7659411430359, 2729.653413253393, 1413.2207156693735
231.26166486740112, 2729.653413253393, 1413.2207156693735
231.76531672477722, 2729.653413253393, 1413.2207156693735
232.2901487350464, 2729.653413253393, 1413.2207156693735
232.76235365867615, 2729.653413253393, 1413.2207156693735
233.267094373703, 2729.653413253393, 1413.2207156693735
234.08130383491516, 1985.653483950756, 461.2133913902791
234.46427869796753, 180.0366218033843, 1481.1346719072048
234.92404890060425, 3467.35941449645, 87.6634842906539
235.28109312057495, 3467.35941449645, 87.6634842906539
235.78773641586304, 3467.35941449645, 87.6634842906539
236.29401421546936, 3467.35941449645, 87.6634842906539
236.99038767814636, 3974.52800472939, 1808.0708747239569
237.4357054233551, 3845.979178567825, 1671.492864789148
237.81568837165833, 3845.979178567825, 1671.492864789148
238.33529782295227, 3845.979178567825, 1671.492864789148
238.81844782829285, 3845.979178567825, 1671.492864789148
239.34040999412537, 3845.979178567825, 1671.492864789148
240.4215157032013, 1012.7668275448584, 1415.2305723478642
240.82044744491577, 1012.7668275448584, 1415.2305723478642
241.29622316360474, 1012.7668275448584, 1415.2305723478642
241.93600630760193, 3447.164950081526, 1376.70895844201
242.4333999156952, 2549.368549604748, 1380.5934937615143
242.82571125030518, 2549.368549604748, 1380.5934937615143
243.31808423995972, 2549.368549604748, 1380.5934937615143
243.9470567703247, -9535.181387007207, 2340.4525209414137
244.42539358139038, 3224.4576249127354, 922.8830961728413
244.8068606853485, 3224.4576249127354, 922.8830961728413
245.29767107963562, 3224.4576249127354, 922.8830961728413
245.94197392463684, 2041.2942185396987, 1221.3350629642885
246.4398226737976, 3793.668714231808, 2280.406941561192
246.92408227920532, 3070.8937831852827, 2926.2912493216313
247.3001070022583, 3070.8937831852827, 2926.2912493216313
247.93020224571228, 1952.577509706918, 1201.2733251879843
248.31317734718323, 1952.577509706918, 1201.2733251879843
248.80729222297668, 1952.577509706918, 1201.2733251879843
249.38235306739807, 2730.0212132705506, 1413.6124286539443
249.7771441936493, 2730.0212132705506, 1413.6124286539443
250.38451743125916, 2730.238472432075, 1414.3097067020337
250.76849031448364, 2730.238472432075, 1414.3097067020337
251.27276515960693, 2730.238472432075, 1414.3097067020337
251.87903594970703, 2728.9211304697205, 1413.591989026624
252.27366423606873, 2728.9211304697205, 1413.591989026624
252.76316952705383, 2728.9211304697205, 1413.591989026624
253.3845522403717, 2729.7181624491586, 1413.90885651013
253.89401865005493, 2729.9908194913955, 1413.5344746033284
254.410888671875, 2728.5796397413264, 1413.2676123359904
254.76587629318237, 2728.5796397413264, 1413.2676123359904
255.39504051208496, 2439.5046672475964, 25.65861110193356
255.92587757110596, 2093.4129041897804, 1674.4437710242116
256.29230427742004, 2093.4129041897804, 1674.4437710242116
256.8009715080261, 2093.4129041897804, 1674.4437710242116
257.41934728622437, 407.3604041578785, 1298.7371400769737
257.8047273159027, 407.3604041578785, 1298.7371400769737
258.3861174583435, 2729.3504691535786, 1413.2051873288965
258.76510214805603, 2729.3504691535786, 1413.2051873288965
259.3026649951935, 2729.3504691535786, 1413.2051873288965
259.87724924087524, 2729.39483354067, 1412.849097716751
260.2692291736603, 2729.39483354067, 1412.849097716751
260.76387763023376, 2729.39483354067, 1412.849097716751
261.2653350830078, 2729.39483354067, 1412.849097716751
261.76331329345703, 2729.39483354067, 1412.849097716751
262.2638928890228, 2729.39483354067, 1412.849097716751
262.75840282440186, 2729.39483354067, 1412.849097716751
263.4066686630249, 2728.1424698446126, 1413.5336649601782
263.76987648010254, 2728.1424698446126, 1413.5336649601782
264.3847351074219, 2728.873721355622, 1413.323067195583
264.77469182014465, 2728.873721355622, 1413.323067195583
265.272052526474, 2728.873721355622, 1413.323067195583
265.75894474983215, 2728.873721355622, 1413.323067195583
266.38327503204346, 2728.819789957282, 1412.9210739601663
266.888596534729, 2729.689365440022, 1412.7169447252409
267.4342188835144, 2941.53448856921, 2110.570700147009
267.81155943870544, 2941.53448856921, 2110.570700147009
270.4224269390106, 1063.548888284483, 2547.9356663697936
270.8153758049011, 1063.548888284483, 2547.9356663697936
271.3127031326294, 1063.548888284483, 2547.9356663697936
271.9562740325928, 3320.5963663742023, 2090.026675975572
272.4670441150665, 2105.5714288736826, 716.8856416683471
272.85287737846375, 2105.5714288736826, 716.8856416683471
273.3493082523346, 2105.5714288736826, 716.8856416683471
273.8494825363159, 2105.5714288736826, 716.8856416683471
274.42498421669006, 1994.364596924991, 2532.909001204341
274.82491421699524, 1994.364596924991, 2532.909001204341
275.3096168041229, 1994.364596924991, 2532.909001204341
275.959260225296, 970.155630033637, 5244.489165841573
276.34722089767456, 970.155630033637, 5244.489165841573
276.835312128067, 970.155630033637, 5244.489165841573
277.4486713409424, -2471.4781223731084, 2512.3421047843626
277.82226276397705, -2471.4781223731084, 2512.3421047843626
278.44086718559265, 561.2268685805325, 1722.9110233514543
278.92747807502747, 3856.6005752685137, 1277.689928091238
279.30740904808044, 3856.6005752685137, 1277.689928091238
279.93459391593933, 370.9002488313617, 1968.7064709918156
280.4478712081909, 3785.995956108288, 1259.1037598054306
281.9322290420532, 1851.1188600290848, -157944.73035124142
282.33333706855774, 1851.1188600290848, -157944.73035124142
282.82000613212585, 1851.1188600290848, -157944.73035124142
283.3315770626068, 1851.1188600290848, -157944.73035124142
283.8262531757355, 1851.1188600290848, -157944.73035124142
284.32330083847046, 1851.1188600290848, -157944.73035124142
289.42851161956787, 799.7003326134727, 2863.1684310580595
289.8055331707001, 799.7003326134727, 2863.1684310580595
290.3221216201782, 799.7003326134727, 2863.1684310580595
290.92351055145264, 1010.3751231180539, 2719.1543601604712
291.3214464187622, 1010.3751231180539, 2719.1543601604712
291.9278242588043, 2322.1585222223225, 2726.1835837949084
292.4213180541992, 146.47153048990052, 2717.5602248894897
293.43792176246643, 2845.0156501704882, 1787.5542271440358
293.9286081790924, 6631.6009352485535, 2855.572196863954
294.31357860565186, 6631.6009352485535, 2855.572196863954
294.8028905391693, 6631.6009352485535, 2855.572196863954
295.29956817626953, 6631.6009352485535, 2855.572196863954
295.81006836891174, 6631.6009352485535, 2855.572196863954
296.3029742240906, 6631.6009352485535, 2855.572196863954
296.80090069770813, 6631.6009352485535, 2855.572196863954
297.31081318855286, 6631.6009352485535, 2855.572196863954
297.8000979423523, 6631.6009352485535, 2855.572196863954
298.33700942993164, 6631.6009352485535, 2855.572196863954
298.79875922203064, 6631.6009352485535, 2855.572196863954
299.30939388275146, 6631.6009352485535, 2855.572196863954
299.8529374599457, 6631.6009352485535, 2855.572196863954
300.36157608032227, 6631.6009352485535, 2855.572196863954
300.81336736679077, 6631.6009352485535, 2855.572196863954
301.30205821990967, 6631.6009352485535, 2855.572196863954
301.8237488269806, 6631.6009352485535, 2855.572196863954
302.4418992996216, 3489.000002571581, 1065.6588390176673
302.95453119277954, 2625.891188442178, -232.7136315996541
303.5278263092041, 2401.805172027956, 2369.4131879500587
303.9945774078369, 2027.301408614317, 2421.6531874662915
304.45841240882874, 174.20841846653335, 8684.648722859105
304.93513464927673, 435.780918012, 2481.9830104798107
305.5501608848572, 353.97876112457817, 2965.5817468637133
305.91851925849915, 353.97876112457817, 2965.5817468637133
306.42046070098877, 353.97876112457817, 2965.5817468637133
306.9208927154541, 353.97876112457817, 2965.5817468637133
307.9356687068939, 2387.559776485836, 2153.400180591146
308.3096981048584, 2387.559776485836, 2153.400180591146
308.8043723106384, 2387.559776485836, 2153.400180591146
311.4463014602661, 109.56047123664509, 2021.8035148945953
311.8272547721863, 109.56047123664509, 2021.8035148945953
312.3408806324005, 109.56047123664509, 2021.8035148945953
312.83040285110474, 109.56047123664509, 2021.8035148945953
313.3326692581177, 109.56047123664509, 2021.8035148945953
313.8266968727112, 109.56047123664509, 2021.8035148945953
314.33835887908936, 109.56047123664509, 2021.8035148945953
314.8639483451843, 109.56047123664509, 2021.8035148945953
315.33436036109924, 109.56047123664509, 2021.8035148945953
315.8370201587677, 109.56047123664509, 2021.8035148945953
316.3291177749634, 109.56047123664509, 2021.8035148945953
316.96103072166443, 2241.2400892211153, 2614.217852540055
317.34001636505127, 2241.2400892211153, 2614.217852540055
317.83150577545166, 2241.2400892211153, 2614.217852540055
318.3491201400757, 2241.2400892211153, 2614.217852540055
318.8486285209656, 2241.2400892211153, 2614.217852540055
319.33828949928284, 2241.2400892211153, 2614.217852540055
319.8489236831665, 2241.2400892211153, 2614.217852540055
320.37753891944885, 2241.2400892211153, 2614.217852540055
320.8854489326477, 2727.653045001282, 1412.485491859268
321.2653341293335, 2727.653045001282, 1412.485491859268
321.760794878006, 2727.653045001282, 1412.485491859268
322.39015769958496, 2726.844938673715, 1411.8310343389958
322.7626006603241, 2726.844938673715, 1411.8310343389958
323.2741928100586, 2726.844938673715, 1411.8310343389958
323.76212644577026, 2726.844938673715, 1411.8310343389958
324.3873131275177, 2727.6988508180275, 1412.5508900125412
324.7687814235687, 2727.6988508180275, 1412.5508900125412
325.3913094997406, 2727.284202994331, 1412.3511522850106
325.7595205307007, 2727.284202994331, 1412.3511522850106
326.25881004333496, 2727.284202994331, 1412.3511522850106
326.7614645957947, 2727.284202994331, 1412.3511522850106
327.26411867141724, 2727.284202994331, 1412.3511522850106
327.87813925743103, 2726.747880971513, 1412.4093133627255
328.2688043117523, 2726.747880971513, 1412.4093133627255
328.75969409942627, 2726.747880971513, 1412.4093133627255
329.2724208831787, 2726.747880971513, 1412.4093133627255
329.76211166381836, 2726.747880971513, 1412.4093133627255
330.2631630897522, 2726.747880971513, 1412.4093133627255
330.7608323097229, 2726.747880971513, 1412.4093133627255
331.26348423957825, 2726.747880971513, 1412.4093133627255
331.886262178421, 2726.9592078155106, 1412.4214660462117
332.2660913467407, 2726.9592078155106, 1412.4214660462117
332.75777554512024, 2726.9592078155106, 1412.4214660462117
333.3976426124573, 2726.504018172346, 1412.38842583401
333.88635063171387, 2726.4604715281243, 1412.7275628539728
334.28644943237305, 2726.4604715281243, 1412.7275628539728
334.87334418296814, 2728.002863103469, 1412.5709241595641
335.38295221328735, 2727.76705507577, 1412.3766177257296
335.89002108573914, 2727.5470979421802, 1412.294100351505
336.38765931129456, 2728.0019655120177, 1412.8247697746392
336.7696371078491, 2728.0019655120177, 1412.8247697746392
337.3948459625244, 2727.8887577225432, 1412.6302173820604
337.7708411216736, 2727.8887577225432, 1412.6302173820604
338.39211654663086, 2727.123294299575, 1412.2126776776095
338.77707266807556, 2727.123294299575, 1412.2126776776095
339.27511644363403, 2727.123294299575, 1412.2126776776095
339.76345896720886, 2727.123294299575, 1412.2126776776095
340.2732720375061, 2727.123294299575, 1412.2126776776095
340.7680778503418, 2727.123294299575, 1412.2126776776095
341.26885962486267, 2727.123294299575, 1412.2126776776095
341.7767140865326, 2727.123294299575, 1412.2126776776095
342.40406703948975, 2726.523380839046, 1412.341980025529
342.9007077217102, 2725.9332904583466, 1412.018356342271
343.2697420120239, 2725.9332904583466, 1412.018356342271
343.8719801902771, 2728.178522292403, 1412.5036883887094
344.43264269828796, 2726.7154614954516, 1412.9318600484544
344.7619879245758, 2726.7154614954516, 1412.9318600484544
345.26244020462036, 2726.7154614954516, 1412.9318600484544
345.7682189941406, 2726.7154614954516, 1412.9318600484544
346.259902715683, 2726.7154614954516, 1412.9318600484544
346.8851726055145, 2726.224897587132, 1412.8208164386606
347.39679193496704, 2726.3809045473195, 1412.6766132819826
347.89645528793335, 2727.0151192076937, 1412.5021644918456
348.2652475833893, 2727.0151192076937, 1412.5021644918456
348.77035450935364, 2727.0151192076937, 1412.5021644918456
349.4388961791992, 953.267981307064, 2884.169198302883
349.8910529613495, 2735.3867667163086, 1422.834683647169
350.2716615200043, 2735.3867667163086, 1422.834683647169
350.91243290901184, 2039.0334961420456, 32.892497943425134
351.3886160850525, 2726.7566954423623, 1412.4918057382602
351.9572710990906, 17.38515506940266, 1153.4470294326995
352.33818078041077, 17.38515506940266, 1153.4470294326995
352.84078454971313, 17.38515506940266, 1153.4470294326995
353.33349776268005, 17.38515506940266, 1153.4470294326995
353.8359966278076, 17.38515506940266, 1153.4470294326995
354.34466576576233, 17.38515506940266, 1153.4470294326995
354.8752155303955, 2729.287044230585, 1412.8201350009124
355.277138710022, 2729.287044230585, 1412.8201350009124
355.8846204280853, 3174.74358051309, 1499.0192744241513
356.2714595794678, 3174.74358051309, 1499.0192744241513
356.76450181007385, 3174.74358051309, 1499.0192744241513
357.2627897262573, 3174.74358051309, 1499.0192744241513
357.9114239215851, 59587.79109802865, 1482.0457279740876
358.301894903183, 59587.79109802865, 1482.0457279740876
358.7995607852936, 59587.79109802865, 1482.0457279740876
359.43978786468506, 1173.902769247516, 1054.967404403672
359.99031352996826, 3957.1191040059553, 2553.5621349361395
360.45506978034973, 1923.6673307609583, 1796.6000642059778
360.835054397583, 1923.6673307609583, 1796.6000642059778
361.315691947937, 1923.6673307609583, 1796.6000642059778
361.817480802536, 1923.6673307609583, 1796.6000642059778
362.4130368232727, 3178.441239055279, 1476.5408476459772
362.8897612094879, 2728.514417409125, 1412.031959205936
363.26480054855347, 2728.514417409125, 1412.031959205936
363.7627730369568, 2728.514417409125, 1412.031959205936
364.2613625526428, 2728.514417409125, 1412.031959205936
364.76750087738037, 2728.514417409125, 1412.031959205936
365.44867753982544, 2723.0673266247372, 1422.033462881836
365.9154284000397, 2728.8816544424203, 1411.77974175935
366.30460929870605, 2728.8816544424203, 1411.77974175935
366.77933716773987, 2728.8816544424203, 1411.77974175935
367.4126431941986, 2728.437864552528, 1412.2947036101252
367.91388058662415, 2728.0549961896495, 1411.3506227683586
368.2769477367401, 2728.0549961896495, 1411.3506227683586
368.7796015739441, 2728.0549961896495, 1411.3506227683586
369.27343797683716, 2728.0549961896495, 1411.3506227683586
369.8292398452759, 2728.0549961896495, 1411.3506227683586
370.27855372428894, 2728.0549961896495, 1411.3506227683586
370.7753858566284, 2728.0549961896495, 1411.3506227683586
371.291100025177, 2728.0549961896495, 1411.3506227683586
371.89016795158386, 2727.0296625984156, 1412.1153285422258
372.27846026420593, 2727.0296625984156, 1412.1153285422258
372.9012486934662, 2729.2688413046185, 1412.5953407127865
373.28557109832764, 2729.2688413046185, 1412.5953407127865
373.7741208076477, 2729.2688413046185, 1412.5953407127865
374.2825696468353, 2729.2688413046185, 1412.5953407127865
374.907062292099, 2728.8901097513203, 1412.3772782535182
375.28306007385254, 2728.8901097513203, 1412.3772782535182
375.7773220539093, 2728.8901097513203, 1412.3772782535182
376.2874071598053, 2728.8901097513203, 1412.3772782535182
376.8995552062988, 2731.8478860056903, 1413.319462834782
377.28598856925964, 2731.8478860056903, 1413.319462834782
377.7786934375763, 2731.8478860056903, 1413.319462834782
378.27456498146057, 2731.8478860056903, 1413.319462834782
378.7920277118683, 2731.8478860056903, 1413.319462834782
379.29623579978943, 2731.8478860056903, 1413.319462834782
379.9043998718262, 2731.3246190186746, 1415.4412475132
380.42510414123535, 2731.805776936491, 1419.8076678506343
380.7911241054535, 2731.805776936491, 1419.8076678506343
381.41580963134766, 2729.50627831919, 1428.1330745162754
381.90613770484924, 2728.5191643156363, 1429.2426031159605
382.3086941242218, 2728.5191643156363, 1429.2426031159605
382.9230487346649, 2727.520973874027, 1429.1287284653008
383.4247064590454, 2722.8834401912786, 1426.0943313764258
383.90644669532776, 2726.651074042538, 1423.8356831860324
384.2961492538452, 2726.651074042538, 1423.8356831860324
384.91467905044556, 2718.6514039060567, 1426.3539221635665
385.4441237449646, 2717.3617567062097, 1426.1034022886063
385.8061556816101, 2717.3617567062097, 1426.1034022886063
386.29085755348206, 2717.3617567062097, 1426.1034022886063
386.79450964927673, 2717.3617567062097, 1426.1034022886063
387.2943162918091, 2717.3617567062097, 1426.1034022886063
387.78982853889465, 2717.3617567062097, 1426.1034022886063
388.4236316680908, 2727.47398815872, 1669.2080822890525
388.93526244163513, 2721.912038277739, 1669.5864228468251
389.42110538482666, 2697.8065713847454, 1769.0697001808044
389.901878118515, 2752.955079642174, 1544.426477436533
390.30408787727356, 2752.955079642174, 1544.426477436533
390.7960555553436, 2752.955079642174, 1544.426477436533
391.2937228679657, 2752.955079642174, 1544.426477436533
391.90309405326843, 2772.7363106495013, 1270.0388015846156
392.41188788414, 2684.250967227246, 2316.562213072591
392.91753482818604, 2752.0504777163605, 197.91117873306396
393.3009557723999, 2752.0504777163605, 197.91117873306396
393.79714584350586, 2752.0504777163605, 197.91117873306396
394.40489768981934, 2716.4659027050557, 654.8646866906056
394.78571701049805, 2716.4659027050557, 654.8646866906056
395.28678464889526, 2716.4659027050557, 654.8646866906056
395.90165305137634, 2718.090546235068, 1136.2934610191896
396.2924265861511, 2718.090546235068, 1136.2934610191896
396.7957589626312, 2718.090546235068, 1136.2934610191896
397.46094131469727, 25745.540429188713, 1938.655986870761
397.84760427474976, 25745.540429188713, 1938.655986870761
398.4585213661194, 1945.7903726179934, 1904.5878405270357
400.4873960018158, 2845.7208948974962, 2396.1547619655553
400.88233971595764, 2845.7208948974962, 2396.1547619655553
401.38152027130127, 2845.7208948974962, 2396.1547619655553
401.87624645233154, 2845.7208948974962, 2396.1547619655553
402.37006521224976, 2845.7208948974962, 2396.1547619655553
402.88031673431396, 2845.7208948974962, 2396.1547619655553
403.37509512901306, 2845.7208948974962, 2396.1547619655553
403.99244236946106, 3272.3930361770213, -1519.2492181483913
405.4943826198578, 2051.1040661708867, 2719.5266608375177
405.88339614868164, 2051.1040661708867, 2719.5266608375177
406.38444113731384, 2051.1040661708867, 2719.5266608375177
406.87289237976074, 2051.1040661708867, 2719.5266608375177
407.4982192516327, 2151.8897807359235, 2962.1956036997362
407.8723587989807, 2151.8897807359235, 2962.1956036997362
408.49260902404785, 1604.826848151137, 1281.0857161140393
409.9687969684601, 2567.878535532077, 2065.252106083875
410.39792370796204, 2567.878535532077, 2065.252106083875
410.9972846508026, 276.1805173818307, 2875.8532989803484
411.3922278881073, 276.1805173818307, 2875.8532989803484
411.9831304550171, 1196.4350645755337, 1921.0677515341636
412.39739060401917, 1196.4350645755337, 1921.0677515341636
412.86015272140503, 1196.4350645755337, 1921.0677515341636
413.3613097667694, 1196.4350645755337, 1921.0677515341636
413.98203802108765, 1364.9013394099247, 1862.7984116127875
414.3651945590973, 1364.9013394099247, 1862.7984116127875
414.8748309612274, 1364.9013394099247, 1862.7984116127875
415.4819235801697, 2102.726602796387, 1874.592080770487
415.8559229373932, 2102.726602796387, 1874.592080770487
416.35267400741577, 2102.726602796387, 1874.592080770487
416.8665041923523, 2102.726602796387, 1874.592080770487
417.50164675712585, 2594.462603130694, 1022.8519352635527
417.8666694164276, 2594.462603130694, 1022.8519352635527
418.37331342697144, 2594.462603130694, 1022.8519352635527
418.87440729141235, 2594.462603130694, 1022.8519352635527
419.3660910129547, 2594.462603130694, 1022.8519352635527
420.1140887737274, 3524.7367682185445, 56269.407406260456
421.49307513237, 3217.833298951952, 1972.186211918003
421.87704730033875, 3217.833298951952, 1972.186211918003
422.3806405067444, 3217.833298951952, 1972.186211918003
422.87965655326843, 3217.833298951952, 1972.186211918003
423.36903166770935, 3217.833298951952, 1972.186211918003
423.99468636512756, 2472.694708251484, 1844.5658265422394
424.384654045105, 2472.694708251484, 1844.5658265422394
425.9310185909271, 3020.1442303452395, 880.5504090596927
426.46957778930664, 3044.359948658667, 1127.9561310686474
426.95427918434143, 3056.817949667916, 1647.285120079642
427.3203008174896, 3056.817949667916, 1647.285120079642
427.82241797447205, 3056.817949667916, 1647.285120079642
428.32087445259094, 3056.817949667916, 1647.285120079642
428.81982159614563, 3056.817949667916, 1647.285120079642
429.44185042381287, 3128.8523217907873, 1768.7161192359883
429.94550251960754, 3152.425823697668, 1793.2305774757701
430.3209173679352, 3152.425823697668, 1793.2305774757701
430.9339015483856, 3151.9147998334624, 1787.6342568587938
431.4768762588501, 3139.3019673652466, 1762.89491870467
431.841046333313, 3139.3019673652466, 1762.89491870467
432.33986496925354, 3139.3019673652466, 1762.89491870467
432.9472393989563, 3163.2555718621547, 8.278353294003027
433.33080649375916, 3163.2555718621547, 8.278353294003027
433.8529472351074, 3163.2555718621547, 8.278353294003027
434.3296699523926, 3163.2555718621547, 8.278353294003027
434.9330840110779, 3128.640060856894, 357.8592782825162
435.31802225112915, 3128.640060856894, 357.8592782825162
435.8396439552307, 3128.640060856894, 357.8592782825162
436.31290316581726, 3128.640060856894, 357.8592782825162
436.8128755092621, 3128.640060856894, 357.8592782825162
437.4659960269928, 3496.307146450072, 17.15163460344551
437.9453637599945, 3460.217965027121, 50.1714438429146
438.44756412506104, 3427.129232956753, 48.434408488930416
438.8243577480316, 3427.129232956753, 48.434408488930416
439.33645486831665, 3427.129232956753, 48.434408488930416
439.8283190727234, 3427.129232956753, 48.434408488930416
440.45619106292725, 3381.160095347705, 35.50000031684177
440.8271985054016, 3381.160095347705, 35.50000031684177
441.32765078544617, 3381.160095347705, 35.50000031684177
441.8603093624115, 3381.160095347705, 35.50000031684177
442.3441686630249, 3381.160095347705, 35.50000031684177
442.9453706741333, 3399.099525148071, 21.32265562852186
443.5044102668762, 1319.4300891014673, 2534.9601179075153
443.93855714797974, 3386.1300737276174, 12.413988947615147
444.4950680732727, 714.9367759514729, 1848.7534441174698
444.87006402015686, 714.9367759514729, 1848.7534441174698
445.364679813385, 714.9367759514729, 1848.7534441174698
445.9980173110962, 978.7156340206718, 2243.0736217667677
446.3900682926178, 978.7156340206718, 2243.0736217667677
446.9644966125488, 3391.4236501322293, 16.166429913276602
447.33849573135376, 3391.4236501322293, 16.166429913276602
447.9532539844513, 3386.697550918776, 27.478415982531917
448.34019231796265, 3386.697550918776, 27.478415982531917
448.82990050315857, 3386.697550918776, 27.478415982531917
449.4573359489441, 3392.989654506598, 17.15061637837105
449.95999026298523, 3393.542513932874, 25.75395769617513
450.3329920768738, 3393.542513932874, 25.75395769617513
450.948344707489, 3381.4090904649147, 26.401403058802224
451.34198927879333, 3381.4090904649147, 26.401403058802224
451.9621000289917, 3392.3245063955346, 3.4430899256915204
452.4517660140991, 3381.0774283785186, 16.975835277028896
452.8237702846527, 3381.0774283785186, 16.975835277028896
453.33059191703796, 3381.0774283785186, 16.975835277028896
453.82348346710205, 3381.0774283785186, 16.975835277028896
454.5417251586914, 1389.9605271726282, 2337.6789828370106
458.4384162425995, 3372.967884546964, 25.646979903202244
458.82603764533997, 3372.967884546964, 25.646979903202244
459.3306334018707, 3372.967884546964, 25.646979903202244
459.8255376815796, 3372.967884546964, 25.646979903202244
460.33261275291443, 3372.967884546964, 25.646979903202244
460.8332006931305, 3372.967884546964, 25.646979903202244
461.46014308929443, 3372.9991685248533, 33.505091103748185
461.8366525173187, 3372.9991685248533, 33.505091103748185
462.33069610595703, 3372.9991685248533, 33.505091103748185
462.8244013786316, 3372.9991685248533, 33.505091103748185
463.46466088294983, 3400.433586428475, 29.538087891708187
463.83471393585205, 3400.433586428475, 29.538087891708187
464.341347694397, 3400.433586428475, 29.538087891708187
464.8380184173584, 3400.433586428475, 29.538087891708187
465.3345057964325, 3400.433586428475, 29.538087891708187
465.82987236976624, 3400.433586428475, 29.538087891708187
466.44650411605835, 3387.801844035918, 9.127347525190688
466.82460260391235, 3387.801844035918, 9.127347525190688
467.33301734924316, 3387.801844035918, 9.127347525190688
467.9447774887085, 3375.975335497783, 44.08457280612426
468.44843006134033, 3389.775308758997, 42.766247422764
468.8236813545227, 3389.775308758997, 42.766247422764
469.4498555660248, 3376.4774967165763, 28.618661493704852
469.8373568058014, 3376.4774967165763, 28.618661493704852
470.3320326805115, 3376.4774967165763, 28.618661493704852
470.84795808792114, 3376.4774967165763, 28.618661493704852
471.47054052352905, 2004.2316033080929, 18.371621791626648
471.9632217884064, 3366.5610428705772, 15.589326728002023
472.4668734073639, 3392.7129466680653, 28.498737880065676
472.93462228775024, 3368.119838948445, 104.20374378719224
473.32527899742126, 3368.119838948445, 104.20374378719224
473.8304829597473, 3368.119838948445, 104.20374378719224
474.3298909664154, 3368.119838948445, 104.20374378719224
474.8261561393738, 3368.119838948445, 104.20374378719224
475.4850971698761, -106857.32214829528, 47.26387576947324
475.9749331474304, 2837.71646556413, -493.19486454280224
476.49354457855225, 3522.2880223409256, 644.6461952078417
476.85096406936646, 3522.2880223409256, 644.6461952078417
477.36106610298157, 3522.2880223409256, 644.6461952078417
477.8549063205719, 3522.2880223409256, 644.6461952078417
478.47274470329285, 2873.2366965732513, 39.8658902776584
478.85408425331116, 2873.2366965732513, 39.8658902776584
479.4948868751526, 2872.1213642354774, 40.24471161970264
479.86290168762207, 2872.1213642354774, 40.24471161970264
480.37154030799866, 2872.1213642354774, 40.24471161970264
480.8592348098755, 2872.1213642354774, 40.24471161970264
481.3459327220917, 2872.1213642354774, 40.24471161970264
481.9518313407898, 2872.2592581330923, 165.7290591533613
482.4624652862549, 2872.908358941026, 207.34108073205724
482.8289215564728, 2872.908358941026, 207.34108073205724
483.4628643989563, 2873.3829375553496, 215.59834298555103
483.9479959011078, 2872.522458552529, 273.0714838495063
484.3452205657959, 2872.522458552529, 273.0714838495063
484.9497480392456, 2874.0258519343847, 291.63461590112496
485.3327248096466, 2874.0258519343847, 291.63461590112496
485.84167647361755, 2874.0258519343847, 291.63461590112496
486.4618270397186, 2873.2606810843868, 338.374901248097
486.95172357559204, 2874.940192879536, 345.1113191866933
487.34663581848145, 2874.940192879536, 345.1113191866933
487.83574175834656, 2874.940192879536, 345.1113191866933
488.4568884372711, 2875.566554956725, 344.69134825965796
488.9461591243744, 2874.710515549205, 345.0181170222487
489.33748292922974, 2874.710515549205, 345.0181170222487
489.9485168457031, 2873.9575715515102, 345.31891859057595
490.47188353538513, 2874.4964159649026, 344.6607658165675
490.94262409210205, 2873.1989549706864, 359.6735516897818
491.35087490081787, 2873.1989549706864, 359.6735516897818
491.95429491996765, 2875.099774155958, 405.2516137609505
492.4788875579834, 2873.2633388318036, 405.20459478239394
492.9518759250641, 2873.029654775875, 407.22246888755313
493.3458914756775, 2873.029654775875, 407.22246888755313
493.9512722492218, 2875.255071682771, 435.28817842606696
494.4727213382721, 2874.802622761032, 434.70220497140923
494.8366620540619, 2874.802622761032, 434.70220497140923
495.3396451473236, 2874.802622761032, 434.70220497140923
495.8357722759247, 2874.802622761032, 434.70220497140923
496.4571096897125, 2873.8651027890896, 434.5025773159274
496.9476056098938, 2875.040347299953, 434.344032447532
497.4790120124817, 2875.841042598274, 433.4589184922441
497.8400938510895, 2875.841042598274, 433.4589184922441
498.35010147094727, 2875.841042598274, 433.4589184922441
498.8507618904114, 2875.841042598274, 433.4589184922441
499.45905566215515, 2874.612516935975, 435.33384584110354
499.85798835754395, 2874.612516935975, 435.33384584110354
500.483603477478, 2874.562197591023, 434.2937184642149
500.8367121219635, 2874.562197591023, 434.2937184642149
501.33744287490845, 2874.562197591023, 434.2937184642149
501.85106897354126, 2874.562197591023, 434.2937184642149
502.34104681015015, 2874.562197591023, 434.2937184642149
502.95340728759766, 2874.2866241811553, 434.8146784273448
503.33690094947815, 2874.2866241811553, 434.8146784273448
503.9484143257141, 2874.7800484146755, 434.86640506415284
504.3337142467499, 2874.7800484146755, 434.86640506415284
504.8333649635315, 2874.7800484146755, 434.86640506415284
505.45375990867615, 2873.2371594505166, 434.4825973515629
505.8277540206909, 2873.2371594505166, 434.4825973515629
506.460729598999, 2871.9672839748946, 610.0755968351318
506.83646750450134, 2871.9672839748946, 610.0755968351318
507.4538142681122, 2874.753855488949, 608.1369228062766
507.9734239578247, 2870.652321567875, 673.5825420522925
508.46272802352905, 2875.1447787222155, 731.2546822848544
508.83796668052673, 2875.1447787222155, 731.2546822848544
509.4718270301819, 2875.883544397364, 731.5461802744566
509.84454464912415, 2875.883544397364, 731.5461802744566
510.3415365219116, 2875.883544397364, 731.5461802744566
510.8365852832794, 2875.883544397364, 731.5461802744566
511.3375542163849, 2875.883544397364, 731.5461802744566
511.8299560546875, 2875.883544397364, 731.5461802744566
512.4673430919647, 2874.48155546571, 670.4139743035404
512.8449692726135, 2874.48155546571, 670.4139743035404
513.3373415470123, 2874.48155546571, 670.4139743035404
513.971629858017, 2875.828405080253, 651.8834506276045
514.3545532226562, 2875.828405080253, 651.8834506276045
514.970712184906, 2874.7700828076136, 651.1188600170728
515.4723279476166, 2875.0422607566074, 651.2021627525729
515.8493187427521, 2875.0422607566074, 651.2021627525729
516.3595938682556, 2875.0422607566074, 651.2021627525729
517.0185654163361, 2704.9962081943627, 596.3073062067936
517.5202233791351, 1935.0525144524204, -29314.437582521976
517.8911459445953, 1935.0525144524204, -29314.437582521976
518.3937726020813, 1935.0525144524204, -29314.437582521976
518.9014432430267, 1935.0525144524204, -29314.437582521976
519.3939855098724, 1935.0525144524204, -29314.437582521976
519.9763989448547, 3508.0654273045798, 1779.3988184388445
520.3633463382721, 3508.0654273045798, 1779.3988184388445
520.8784775733948, 3508.0654273045798, 1779.3988184388445
521.3658254146576, 3508.0654273045798, 1779.3988184388445
522.0757789611816, 3977.597213734624, 1921.3347005677304
522.4727172851562, 3977.597213734624, 1921.3347005677304
522.9954698085785, 21625.41064325901, 1739.8351605083374
523.3694777488708, 21625.41064325901, 1739.8351605083374
523.8681285381317, 21625.41064325901, 1739.8351605083374
524.3647992610931, 21625.41064325901, 1739.8351605083374
524.8768210411072, 21625.41064325901, 1739.8351605083374
525.4494476318359, 2875.4207430719957, 651.1695755112452
525.8413994312286, 2875.4207430719957, 651.1695755112452
527.5332777500153, 3437.297969301888, 1373.739835375742
527.9212369918823, 3437.297969301888, 1373.739835375742
528.408933877945, 3437.297969301888, 1373.739835375742
528.9176471233368, 3437.297969301888, 1373.739835375742
529.4697699546814, 2877.6055720515933, 654.1078141904787
529.8473000526428, 2877.6055720515933, 654.1078141904787
530.4505054950714, 2875.9121807452802, 664.8263000315902
530.8477208614349, 2875.9121807452802, 664.8263000315902
531.3353934288025, 2875.9121807452802, 664.8263000315902
531.8355541229248, 2875.9121807452802, 664.8263000315902
532.334949016571, 2875.9121807452802, 664.8263000315902
532.8351471424103, 2875.9121807452802, 664.8263000315902
533.3350849151611, 2875.9121807452802, 664.8263000315902
533.8509786128998, 2875.9121807452802, 664.8263000315902
534.3352799415588, 2875.9121807452802, 664.8263000315902
534.8409268856049, 2875.9121807452802, 664.8263000315902
535.3343570232391, 2875.9121807452802, 664.8263000315902
535.8493864536285, 2875.9121807452802, 664.8263000315902
536.3319344520569, 2875.9121807452802, 664.8263000315902
536.8475530147552, 2875.9121807452802, 664.8263000315902
537.3480653762817, 2875.9121807452802, 664.8263000315902
537.8349142074585, 2875.9121807452802, 664.8263000315902
538.4601244926453, 2876.359636569388, 652.2981107104195
538.9651987552643, 2877.760130638799, 651.7302220800121
539.3373534679413, 2877.760130638799, 651.7302220800121
539.8519756793976, 2877.760130638799, 651.7302220800121
540.3366775512695, 2877.760130638799, 651.7302220800121
540.968985080719, 2700.129572204727, 512.4423043109413
541.3379993438721, 2700.129572204727, 512.4423043109413
541.8430690765381, 2700.129572204727, 512.4423043109413
542.5098602771759, 3498.816671370034, 2387.468502912992
542.9257478713989, 3498.816671370034, 2387.468502912992
543.4910938739777, 897.5031181940295, 2677.28048720097
543.875180721283, 897.5031181940295, 2677.28048720097
544.3818244934082, 897.5031181940295, 2677.28048720097
544.8803331851959, 897.5031181940295, 2677.28048720097
545.3774192333221, 897.5031181940295, 2677.28048720097
545.8760261535645, 897.5031181940295, 2677.28048720097
546.384482383728, 897.5031181940295, 2677.28048720097
546.8798460960388, 897.5031181940295, 2677.28048720097
547.376339673996, 897.5031181940295, 2677.28048720097
548.0011539459229, 745.4995925776432, 1849.0764381081024
548.3792021274567, 745.4995925776432, 1849.0764381081024
549.0294613838196, 733.1791228999986, 2933.4035268479925
549.5161595344543, 1355.6712735430108, 2730.5937398292463
549.9129810333252, 1355.6712735430108, 2730.5937398292463
550.5083601474762, 2957.914162549069, 2460.4785157907536
551.0438234806061, 1191.326439408204, 2903.819988000732
551.400869846344, 1191.326439408204, 2903.819988000732
551.9143238067627, 1191.326439408204, 2903.819988000732
552.5064480304718, 1242.6257136474096, 2724.3399111047056
552.8906514644623, 1242.6257136474096, 2724.3399111047056
553.5149812698364, 765.1906193880661, 1786.8448315600376
553.8849906921387, 765.1906193880661, 1786.8448315600376
554.4958205223083, 1447.6320919255322, 1945.3704391564065
554.8907639980316, 1447.6320919255322, 1945.3704391564065
555.4017131328583, 1447.6320919255322, 1945.3704391564065
555.885828256607, 1447.6320919255322, 1945.3704391564065
556.4126760959625, 1447.6320919255322, 1945.3704391564065
556.883416891098, 1447.6320919255322, 1945.3704391564065
558.4981024265289, 3300.677306060511, 1714.57124403595
559.0067412853241, 3715.5107087365705, 1972.693413411348
559.5357637405396, 1979.6811365563387, 1888.1543414251955
562.5319728851318, 665.5383982938594, 2422.456024327758
562.9069714546204, 665.5383982938594, 2422.456024327758
563.4235596656799, 665.5383982938594, 2422.456024327758
564.0289380550385, 1531.461360809073, 2637.212390440039
564.3909685611725, 1531.461360809073, 2637.212390440039
564.8817920684814, 1531.461360809073, 2637.212390440039
565.4962990283966, 2046.6145785316953, 2855.2621757105762
565.8942341804504, 2046.6145785316953, 2855.2621757105762
566.5474858283997, 3456.1189950696953, 2987.3101605707047
566.894223690033, 3456.1189950696953, 2987.3101605707047
567.3890514373779, 3456.1189950696953, 2987.3101605707047
568.0545468330383, 3433.1114732420597, 2535.8005762201674
568.4066061973572, 3433.1114732420597, 2535.8005762201674
568.9960658550262, 1086.5103819183078, 2848.993528523226
569.5067193508148, -7158.020898459141, 2787.4999999999777
569.888551235199, -7158.020898459141, 2787.4999999999777
570.5071773529053, 1710.1571834497308, 2631.9748080222885
570.8975036144257, 1710.1571834497308, 2631.9748080222885
571.3892674446106, 1710.1571834497308, 2631.9748080222885
574.4977793693542, 1834.6032844911897, 2741.5871143924996
576.5313336849213, 3441.52237418689, 2947.444296366999
576.9352538585663, 3441.52237418689, 2947.444296366999
577.4140582084656, 3441.52237418689, 2947.444296366999
578.0054752826691, 2191.0016555989932, 2138.711066986681
578.5278112888336, 1821.1545445501833, 2896.39766280931
578.9058299064636, 1821.1545445501833, 2896.39766280931
579.4822578430176, 2099.700694718546, 1103.9037645740968
579.8801939487457, 2099.700694718546, 1103.9037645740968
581.0111646652222, 3757.5410059709898, 2548.6343425983528
581.3832821846008, 3757.5410059709898, 2548.6343425983528
582.0049233436584, 2719.2124716111684, 1082.5930808058079
582.3844861984253, 2719.2124716111684, 1082.5930808058079
583.0262227058411, 3452.220828857429, 2690.499975350362
583.4115943908691, 3452.220828857429, 2690.499975350362
583.9037957191467, 3452.220828857429, 2690.499975350362
584.5465381145477, 2480.5872457021824, -1356.5399256888427
585.0003237724304, 3490.2960988243394, 1791.6346912200495
585.5574533939362, -51151.305673368224, 1213.6805811600339
585.9394311904907, -51151.305673368224, 1213.6805811600339
586.509535074234, 3465.6206379036494, 489.02603153834565
586.8965001106262, 3465.6206379036494, 489.02603153834565
587.6203057765961, 2518.6307512198246, 25.709893062520404
587.9980595111847, 2518.6307512198246, 25.709893062520404
588.4865663051605, 1860.8785737233038, 299.628678207804
588.8675458431244, 1860.8785737233038, 299.628678207804
589.3632199764252, 1860.8785737233038, 299.628678207804
590.0243909358978, 435.588794237858, 1725.8471892063578
590.3914086818695, 435.588794237858, 1725.8471892063578
591.0180249214172, 1609.1097657448458, 1767.1579781498328
591.4299240112305, 1609.1097657448458, 1767.1579781498328
591.8986687660217, 1609.1097657448458, 1767.1579781498328
592.3963370323181, 1609.1097657448458, 1767.1579781498328
592.8962395191193, 1609.1097657448458, 1767.1579781498328
593.3980312347412, 1609.1097657448458, 1767.1579781498328
593.8976943492889, 1609.1097657448458, 1767.1579781498328
594.3924551010132, 1609.1097657448458, 1767.1579781498328
594.9020843505859, 1609.1097657448458, 1767.1579781498328
595.3933217525482, 1609.1097657448458, 1767.1579781498328
596.046936750412, 2816.1597713880938, -22128.490297167482
596.5623600482941, 636.4701506842113, 2908.4258292183486
596.9597401618958, 636.4701506842113, 2908.4258292183486
597.4422843456268, 636.4701506842113, 2908.4258292183486
597.9504520893097, 636.4701506842113, 2908.4258292183486
598.4491014480591, 636.4701506842113, 2908.4258292183486
599.0984210968018, 2790.863418315418, 555.1137581276807
599.4215557575226, 2790.863418315418, 555.1137581276807
599.9351801872253, 2790.863418315418, 555.1137581276807
600.4238998889923, 2790.863418315418, 555.1137581276807
600.9464745521545, 2790.863418315418, 555.1137581276807
601.4281847476959, 2790.863418315418, 555.1137581276807
603.0349094867706, 2669.033334654513, 2581.788872941406
603.4118766784668, 2669.033334654513, 2581.788872941406
604.0567467212677, 3655.4794836842193, 480.8800328777888
604.4207835197449, 3655.4794836842193, 480.8800328777888
604.9156699180603, 3655.4794836842193, 480.8800328777888
605.4282977581024, 3655.4794836842193, 480.8800328777888
606.0177454948425, 1228.1272846712473, 7646.862086781745
606.3946068286896, 1228.1272846712473, 7646.862086781745
606.9025139808655, 1228.1272846712473, 7646.862086781745
607.391101360321, 1228.1272846712473, 7646.862086781745
607.8937659263611, 1228.1272846712473, 7646.862086781745
608.5390381813049, 3043.96546149406, 2615.81243440764
608.9201416969299, 3043.96546149406, 2615.81243440764
609.4179489612579, 3043.96546149406, 2615.81243440764
610.0301213264465, 2137.2624291615402, 1631.9040559744108
610.4123423099518, 2137.2624291615402, 1631.9040559744108
610.92502784729, 2137.2624291615402, 1631.9040559744108
611.4172928333282, 2137.2624291615402, 1631.9040559744108
611.9129903316498, 2137.2624291615402, 1631.9040559744108
612.4080548286438, 2137.2624291615402, 1631.9040559744108
612.9074492454529, 2137.2624291615402, 1631.9040559744108
614.4979405403137, -58745.421457993136, 1542.013010347789
614.8814287185669, -58745.421457993136, 1542.013010347789
615.5224380493164, 3066.372342640583, 1622.9770043593
615.8938090801239, 3066.372342640583, 1622.9770043593
616.3817889690399, 3066.372342640583, 1622.9770043593
616.8944165706635, 3066.372342640583, 1622.9770043593
617.505538225174, 2576.886263065207, 2550.316938020326
618.0121812820435, 3241.032426537426, 1548.6734872251704
618.4779345989227, 2952.0962572473527, 629.4524552773412
619.0533950328827, 2059.394047304162, 2564.5337559055693
619.4134311676025, 2059.394047304162, 2564.5337559055693
619.9193212985992, 2059.394047304162, 2564.5337559055693
620.4723680019379, 2950.6831540166877, 629.008735374864
620.8585197925568, 2950.6831540166877, 629.008735374864
621.3506257534027, 2950.6831540166877, 629.008735374864
621.846155166626, 2950.6831540166877, 629.008735374864
622.4603083133698, 2951.364343277978, 629.0097553940475
622.9809143543243, 2950.286100122025, 627.7245509990028
623.4761643409729, 2950.4355434390045, 628.1411085142477
623.8558931350708, 2950.4355434390045, 628.1411085142477
624.3474395275116, 2950.4355434390045, 628.1411085142477
624.8598923683167, 2950.4355434390045, 628.1411085142477
625.3518545627594, 2950.4355434390045, 628.1411085142477
625.8500821590424, 2950.4355434390045, 628.1411085142477
626.4746086597443, 2950.409218544367, 628.3194269332289
626.8556599617004, 2950.409218544367, 628.3194269332289
627.462037563324, 2950.955832261075, 628.5198253718036
627.8480036258698, 2950.955832261075, 628.5198253718036
628.3539063930511, 2950.955832261075, 628.5198253718036
628.8559470176697, 2950.955832261075, 628.5198253718036
629.4756965637207, 2950.9797817513327, 672.6503190902142
629.8756256103516, 2950.9797817513327, 672.6503190902142
630.3542971611023, 2950.9797817513327, 672.6503190902142
630.9836137294769, 2951.771694750798, 628.3222042515871
631.3536224365234, 2951.771694750798, 628.3222042515871
631.8759276866913, 2951.771694750798, 628.3222042515871
632.4931735992432, 2950.9347915515596, 627.8958047087876
633.0010166168213, 2951.2725386160546, 628.7627313435032
633.3597033023834, 2951.2725386160546, 628.7627313435032
633.8603570461273, 2951.2725386160546, 628.7627313435032
634.465580701828, 2951.790857681565, 628.1401902733332
634.8519465923309, 2951.790857681565, 628.1401902733332
635.3595576286316, 2951.790857681565, 628.1401902733332
635.8538315296173, 2951.790857681565, 628.1401902733332
636.5169553756714, 2694.8795091358647, 1463.500100800056
636.9791448116302, 2950.9103361392345, 628.6410219106351
637.35613489151, 2950.9103361392345, 628.6410219106351
637.9704954624176, 2952.175204532047, 628.3376042702293
638.4851438999176, 2951.4237208408113, 627.9025964574039
638.8531293869019, 2951.4237208408113, 627.9025964574039
639.4705054759979, 2950.980578231579, 628.1647645803494
639.9930949211121, 2950.830246078639, 628.207110145209
640.4708003997803, 2951.748771119356, 628.4354260372402
640.8619101047516, 2951.748771119356, 628.4354260372402
641.4732728004456, 2950.0666528523448, 628.515078080721
641.8505485057831, 2950.0666528523448, 628.515078080721
642.3492157459259, 2950.0666528523448, 628.515078080721
642.8528664112091, 2950.0666528523448, 628.515078080721
643.3555212020874, 2950.0666528523448, 628.515078080721
643.9723029136658, 2949.6139464676353, 628.9082962725025
644.3456146717072, 2949.6139464676353, 628.9082962725025
644.855523109436, 2949.6139464676353, 628.9082962725025
645.3547248840332, 2949.6139464676353, 628.9082962725025
645.8464076519012, 2949.6139464676353, 628.9082962725025
646.3570432662964, 2949.6139464676353, 628.9082962725025
646.853621006012, 2949.6139464676353, 628.9082962725025
647.3493494987488, 2949.6139464676353, 628.9082962725025
647.8480319976807, 2949.6139464676353, 628.9082962725025
648.3448305130005, 2949.6139464676353, 628.9082962725025
648.853499174118, 2949.6139464676353, 628.9082962725025
649.4877727031708, 2951.498513345745, 629.2666398261299
649.9731457233429, 2948.7448726862276, 628.649283998526
650.3656785488129, 2948.7448726862276, 628.649283998526
650.845630645752, 2948.7448726862276, 628.649283998526
651.4609839916229, 2952.3154503505357, 628.6842116895237
651.8509657382965, 2952.3154503505357, 628.6842116895237
652.348167181015, 2952.3154503505357, 628.6842116895237
652.9660325050354, 2953.692107970925, 629.6058979061918
653.3513903617859, 2953.692107970925, 629.6058979061918
653.8470931053162, 2953.692107970925, 629.6058979061918
654.3455729484558, 2953.692107970925, 629.6058979061918
654.9776310920715, 2953.3655277181415, 628.1639976464539
655.3480954170227, 2953.3655277181415, 628.1639976464539
655.844165802002, 2953.3655277181415, 628.1639976464539
656.4648456573486, 2954.709858504789, 625.8389255749337
656.8555769920349, 2954.709858504789, 625.8389255749337
657.3610558509827, 2954.709858504789, 625.8389255749337
657.8532938957214, 2954.709858504789, 625.8389255749337
658.4703414440155, 2954.2903524935714, 624.291700015412
658.849493265152, 2954.2903524935714, 624.291700015412
659.3446145057678, 2954.2903524935714, 624.291700015412
659.9839041233063, 2953.7467904018245, 625.9122603426562
660.3509213924408, 2953.7467904018245, 625.9122603426562
660.8455975055695, 2953.7467904018245, 625.9122603426562
661.3520727157593, 2953.7467904018245, 625.9122603426562
661.8505959510803, 2953.7467904018245, 625.9122603426562
662.3450620174408, 2953.7467904018245, 625.9122603426562
662.8549275398254, 2953.7467904018245, 625.9122603426562
663.3488464355469, 2953.7467904018245, 625.9122603426562
663.8562076091766, 2953.7467904018245, 625.9122603426562
664.5470607280731, 3329.2018860656167, 1168.9833121453732
665.0197968482971, 142.19108923451475, -1611.5456436486115
665.5463876724243, 2947.226325821367, -931.3970642416624
666.0402231216431, 2093.514904590887, 1652.2255294444715
666.4192094802856, 2093.514904590887, 1652.2255294444715
666.9233794212341, 2093.514904590887, 1652.2255294444715
667.4692537784576, 2954.4729192637146, 630.7686264909239
667.8565640449524, 2954.4729192637146, 630.7686264909239
668.3497111797333, 2954.4729192637146, 630.7686264909239
668.9672181606293, 2952.8311154564826, 630.2866781393082
669.343211889267, 2952.8311154564826, 630.2866781393082
669.8523614406586, 2952.8311154564826, 630.2866781393082
670.4637267589569, 2953.5519121337334, 641.7570248236019
670.9869675636292, 2956.393099719815, 642.6280770358884
671.3524913787842, 2956.393099719815, 642.6280770358884
671.8498418331146, 2956.393099719815, 642.6280770358884
672.3574178218842, 2956.393099719815, 642.6280770358884
672.8541407585144, 2956.393099719815, 642.6280770358884
673.3528063297272, 2956.393099719815, 642.6280770358884
673.8434917926788, 2956.393099719815, 642.6280770358884
674.4637594223022, 2958.2359800051568, 664.4115941199965
674.8596997261047, 2958.2359800051568, 664.4115941199965
675.4586277008057, 2954.713631899118, 664.5268494775054
675.8590302467346, 2954.713631899118, 664.5268494775054
676.35262799263, 2954.713631899118, 664.5268494775054
676.8491673469543, 2954.713631899118, 664.5268494775054
677.3538160324097, 2954.713631899118, 664.5268494775054
677.8567543029785, 2954.713631899118, 664.5268494775054
678.3495795726776, 2954.713631899118, 664.5268494775054
678.9767708778381, 2952.9655418474917, 704.5045266260139
679.479424238205, 2955.5600593462445, 703.7003051880295
679.8534243106842, 2955.5600593462445, 703.7003051880295
680.4800226688385, 2956.84734641432, 703.4778503702227
680.9667699337006, 2955.678254313013, 704.3266066134191
681.3525238037109, 2955.678254313013, 704.3266066134191
681.8452062606812, 2955.678254313013, 704.3266066134191
682.4605937004089, 2956.7423728167487, 684.0179646563179
682.8597288131714, 2956.7423728167487, 684.0179646563179
683.465024471283, 2955.8054242712296, 670.0923988312719
683.9736633300781, 2953.9494346821725, 666.084616682348
684.3566381931305, 2953.9494346821725, 666.084616682348
684.8474595546722, 2953.9494346821725, 666.084616682348
685.4772884845734, 2955.7713703784334, 643.0038734184029
685.8588285446167, 2955.7713703784334, 643.0038734184029
686.3479452133179, 2955.7713703784334, 643.0038734184029
686.8436479568481, 2955.7713703784334, 643.0038734184029
687.4700014591217, 2953.033749686348, 614.4495543297377
687.848956823349, 2953.033749686348, 614.4495543297377
688.3644752502441, 2953.033749686348, 614.4495543297377
688.96413397789, 2955.092479590065, 597.6300761707811
689.3590762615204, 2955.092479590065, 597.6300761707811
689.8548228740692, 2955.092479590065, 597.6300761707811
690.3471400737762, 2955.092479590065, 597.6300761707811
690.9656012058258, 2954.3048091424357, 582.2093875500824
691.4662611484528, 2956.020358913329, 581.5275276698659
691.8527681827545, 2956.020358913329, 581.5275276698659
692.4647381305695, 2956.549604053642, 593.6727563230941
692.848711013794, 2956.549604053642, 593.6727563230941
693.4690499305725, 2953.444576543497, 613.7673844413343
693.853396654129, 2953.444576543497, 613.7673844413343
694.3550004959106, 2953.444576543497, 613.7673844413343
695.0157947540283, 2954.395368613619, 635.5180435785427
695.4725720882416, 2955.311799082471, 639.7707571846289
695.8635256290436, 2955.311799082471, 639.7707571846289
696.3842525482178, 2955.311799082471, 639.7707571846289
697.0024700164795, 2955.3186270037704, 671.4054597449327
697.3535306453705, 2955.3186270037704, 671.4054597449327
697.8502321243286, 2955.3186270037704, 671.4054597449327
698.3459057807922, 2955.3186270037704, 671.4054597449327
698.8455693721771, 2955.3186270037704, 671.4054597449327
699.3470997810364, 2955.3186270037704, 671.4054597449327
699.9653081893921, 2953.44937925382, 685.8433686661411
700.4659397602081, 2953.3674788787894, 686.7118199533552
700.8487253189087, 2953.3674788787894, 686.7118199533552
701.3725364208221, 2953.3674788787894, 686.7118199533552
701.971524477005, 2953.4947959498786, 686.1148172492537
702.3542897701263, 2953.4947959498786, 686.1148172492537
702.846090555191, 2953.4947959498786, 686.1148172492537
703.4677045345306, 2951.3285065303676, 718.0559092412042
703.9733517169952, 2950.204685276347, 684.272733351921
704.3454794883728, 2950.204685276347, 684.272733351921
704.8575892448425, 2950.204685276347, 684.272733351921
705.353661775589, 2950.204685276347, 684.272733351921
705.9668734073639, 2946.986062798503, 490.6551169125406
706.4864168167114, 2946.86538292413, 491.42055760570867
706.8528571128845, 2946.86538292413, 491.42055760570867
707.4589323997498, 2947.8856560793415, 493.15666264290707
707.862562417984, 2947.8856560793415, 493.15666264290707
708.343602180481, 2947.8856560793415, 493.15666264290707
708.8547835350037, 2947.8856560793415, 493.15666264290707
709.4596743583679, 2946.7641536675815, 491.09744727586786
709.8578341007233, 2946.7641536675815, 491.09744727586786
710.3481104373932, 2946.7641536675815, 491.09744727586786
710.8471632003784, 2946.7641536675815, 491.09744727586786
711.3586599826813, 2946.7641536675815, 491.09744727586786
711.8443593978882, 2946.7641536675815, 491.09744727586786
712.3585715293884, 2946.7641536675815, 491.09744727586786
712.8534247875214, 2946.7641536675815, 491.09744727586786
713.3431437015533, 2946.7641536675815, 491.09744727586786
713.8488202095032, 2946.7641536675815, 491.09744727586786
714.4688704013824, 2943.947954785884, 460.30498122490684
714.8526923656464, 2943.947954785884, 460.30498122490684
715.4613826274872, 2944.7987817709677, 462.2246933559524
715.848347902298, 2944.7987817709677, 462.2246933559524
716.4726774692535, 2945.0892587963617, 461.44575408802933
716.8463840484619, 2945.0892587963617, 461.44575408802933
717.462996006012, 2944.2118174699235, 462.5469691930089
717.8475315570831, 2944.2118174699235, 462.5469691930089
718.3521816730499, 2944.2118174699235, 462.5469691930089
718.8508467674255, 2944.2118174699235, 462.5469691930089
719.4693593978882, 2943.7634593872617, 463.1775845040637
719.9779996871948, 2943.4287457216537, 463.44622001139294
720.4627017974854, 2944.6221920326366, 461.8988898732141
720.8546528816223, 2944.6221920326366, 461.8988898732141
721.4757034778595, 2944.068205935407, 462.96407747733866
721.8502147197723, 2944.068205935407, 462.96407747733866
722.35924077034, 2944.068205935407, 462.96407747733866
722.862062215805, 2944.068205935407, 462.96407747733866
723.4843952655792, 2944.211238522123, 462.04019685565385
723.8677930831909, 2944.211238522123, 462.04019685565385
724.4813334941864, 2943.410981517251, 462.64972558605325
724.9864189624786, 2944.930737789321, 462.57514972974474
725.4894592761993, 2944.438810427393, 462.5188660740349
726.001788854599, 2944.097145395463, 462.6398655925701
726.368842124939, 2944.097145395463, 462.6398655925701
726.9861543178558, 2944.2591855306546, 466.6213384877894
727.3734946250916, 2944.2591855306546, 466.6213384877894
727.9924249649048, 2943.3781229943775, 646.748382114058
728.3599495887756, 2943.3781229943775, 646.748382114058
728.9815752506256, 2930.2288385620013, 877.4758520832387
729.4902656078339, 2930.8555345136733, 979.8023400472482
729.8771069049835, 2930.8555345136733, 979.8023400472482
730.3677930831909, 2930.8555345136733, 979.8023400472482
730.8660418987274, 2930.8555345136733, 979.8023400472482
731.3697216510773, 2930.8555345136733, 979.8023400472482
731.865734577179, 2930.8555345136733, 979.8023400472482
732.3650681972504, 2930.8555345136733, 979.8023400472482
732.9951088428497, 2930.1095731483933, 1550.1375170554866
733.5107297897339, 2930.053918672723, 1551.4394872827506
733.9944176673889, 2928.493082233201, 1551.1029641909283
734.4921939373016, 2929.030716448429, 1551.7601894607835
735.0030736923218, 2929.1723468175082, 1551.049511584845
735.3805882930756, 2929.1723468175082, 1551.049511584845
735.8673646450043, 2929.1723468175082, 1551.049511584845
736.4922440052032, 2928.924244194265, 1551.3675795399668
736.8790941238403, 2928.924244194265, 1551.3675795399668
737.3696489334106, 2928.924244194265, 1551.3675795399668
737.8773114681244, 2928.924244194265, 1551.3675795399668
738.3756055831909, 2928.924244194265, 1551.3675795399668
738.9876401424408, 2929.45217678161, 1550.7039936086328
739.3735828399658, 2929.45217678161, 1550.7039936086328
739.8705971240997, 2929.45217678161, 1550.7039936086328
740.3786060810089, 2929.45217678161, 1550.7039936086328
740.9971730709076, 2939.8991839551304, 1548.9586310263078
741.4987816810608, 2939.347283852243, 1549.2796426841708
741.7777864933014, 2939.347283852243, 1549.2796426841708
742.0121591091156, 2938.754875881551, 1549.1683787194056
742.3859465122223, 2938.754875881551, 1549.1683787194056
742.8796257972717, 2938.754875881551, 1549.1683787194056
743.4917118549347, 2938.9396982493104, 1548.894262908395
743.8600335121155, 2938.9396982493104, 1548.894262908395
743.973730802536, 2938.9396982493104, 1548.894262908395
744.3859920501709, 2938.9396982493104, 1548.894262908395
744.8808341026306, 2938.9396982493104, 1548.894262908395
745.3772959709167, 2938.9396982493104, 1548.894262908395
745.999630689621, 2938.4744094083085, 1549.3449021330177
746.0554807186127, 2938.4744094083085, 1549.3449021330177
746.3816087245941, 2938.4744094083085, 1549.3449021330177
746.8742909431458, 2938.4744094083085, 1549.3449021330177
747.3793659210205, 2938.4744094083085, 1549.3449021330177
747.9905989170074, 2938.4617591508954, 1548.1403255916011
748.3153188228607, 2938.4617591508954, 1548.1403255916011
748.418044090271, 2938.4617591508954, 1548.1403255916011
748.8917763233185, 2938.4617591508954, 1548.1403255916011
749.4921700954437, 2939.2427092194057, 1549.1014331703861
749.5510127544403, 2939.2427092194057, 1549.1014331703861
749.8813855648041, 2939.2427092194057, 1549.1014331703861
750.4947435855865, 2939.8012013439084, 1549.3820008712075
750.8889563083649, 2939.8012013439084, 1549.3820008712075
750.9407954216003, 2939.8012013439084, 1549.3820008712075
751.401563167572, 2939.8012013439084, 1549.3820008712075
751.8812489509583, 2939.8012013439084, 1549.3820008712075
752.5105834007263, 2939.2341241450135, 1548.6969177363515
752.9985258579254, 2939.7385058825816, 1549.5898409953886
753.3805038928986, 2939.7385058825816, 1549.5898409953886
753.8778321743011, 2939.7385058825816, 1549.5898409953886
754.3726909160614, 2939.7385058825816, 1549.5898409953886
754.8773403167725, 2939.7385058825816, 1549.5898409953886
755.3761622905731, 2939.7385058825816, 1549.5898409953886
756.0033009052277, 2941.508777636491, 1549.483007451418
756.3822665214539, 2941.508777636491, 1549.483007451418
756.8726768493652, 2941.508777636491, 1549.483007451418
757.3910241127014, 2941.508777636491, 1549.483007451418
757.8786375522614, 2941.508777636491, 1549.483007451418
758.3775143623352, 2941.508777636491, 1549.483007451418
758.8730840682983, 2941.508777636491, 1549.483007451418
759.3811187744141, 2941.508777636491, 1549.483007451418
759.8753039836884, 2941.508777636491, 1549.483007451418
760.5083870887756, 2938.8496395753127, 1549.345630819988
760.9077956676483, 2938.8496395753127, 1549.345630819988
761.3790969848633, 2938.8496395753127, 1549.345630819988
762.0221662521362, 2938.189021131165, 1549.5998092451832
762.3758916854858, 2938.189021131165, 1549.5998092451832
763.004789352417, 2938.8157298003525, 1549.9579634839113
763.5256481170654, 2938.680165638968, 1557.057013333345
763.8800945281982, 2938.680165638968, 1557.057013333345
764.3860983848572, 2938.680165638968, 1557.057013333345
764.9835274219513, 2940.461165857822, 2068.6007793960866
765.5489723682404, 2940.8818026055815, 2072.7353982340924
765.8732981681824, 2940.8818026055815, 2072.7353982340924
766.3720057010651, 2940.8818026055815, 2072.7353982340924
766.870185136795, 2940.8818026055815, 2072.7353982340924
767.3785648345947, 2940.8818026055815, 2072.7353982340924
767.8909211158752, 2940.8818026055815, 2072.7353982340924
768.48126745224, 2941.3096156951474, 2056.5178516371693
768.7296023368835, 2941.3096156951474, 2056.5178516371693
768.845293045044, 2941.3096156951474, 2056.5178516371693
769.0138409137726, 2941.3096156951474, 2056.5178516371693
769.1594517230988, 2941.3096156951474, 2056.5178516371693
769.3760914802551, 2941.3096156951474, 2056.5178516371693
769.6513547897339, 2940.082437070679, 2055.599522706864
769.8877215385437, 2941.208932628505, 2055.0705292086386
769.9944362640381, 2941.208932628505, 2055.0705292086386
770.1470284461975, 2941.208932628505, 2055.0705292086386
770.2906439304352, 2941.208932628505, 2055.0705292086386
770.8672308921814, 2941.208932628505, 2055.0705292086386
770.9210586547852, 2941.208932628505, 2055.0705292086386
771.3758723735809, 2941.208932628505, 2055.0705292086386
771.8750822544098, 2941.208932628505, 2055.0705292086386
772.3697600364685, 2941.208932628505, 2055.0705292086386
772.4834549427032, 2941.208932628505, 2055.0705292086386
772.7627086639404, 2942.03419794672, 2056.158708642133
772.8793957233429, 2942.03419794672, 2056.158708642133
773.4807865619659, 2943.982238939205, 2055.990820112556
773.875757932663, 2943.982238939205, 2055.990820112556
774.490029335022, 2940.8909862844844, 2056.453381945528
774.996673822403, 2941.6511131144844, 2056.3920385552383
775.3666822910309, 2941.6511131144844, 2056.3920385552383
775.8782753944397, 2941.6511131144844, 2056.3920385552383
776.3733921051025, 2941.6511131144844, 2056.3920385552383
776.8696479797363, 2941.6511131144844, 2056.3920385552383
777.4880208969116, 2941.4568158209995, 2055.684352375204
777.8733615875244, 2941.4568158209995, 2055.684352375204
778.3773844242096, 2941.4568158209995, 2055.684352375204
778.8702087402344, 2941.4568158209995, 2055.684352375204
779.501590013504, 2942.1187185772646, 2054.929485964168
779.8825695514679, 2942.1187185772646, 2054.929485964168
780.4899442195892, 2942.01037461372, 2055.6179441461454
780.8629455566406, 2942.3023955471704, 2055.299468829267
781.0963220596313, 2940.403490225581, 2056.392154574378
781.2140061855316, 2940.403490225581, 2056.392154574378
781.3835530281067, 2940.403490225581, 2056.392154574378
781.9955921173096, 2941.8096836382756, 2056.27774025345
782.3785674571991, 2941.8096836382756, 2056.27774025345
783.0000646114349, 2940.749985911936, 2056.0583838526613
783.3731665611267, 2940.749985911936, 2056.0583838526613
783.8702342510223, 2940.749985911936, 2056.0583838526613
784.4829869270325, 2941.466090208765, 2055.9104305865603
785.0047607421875, 2941.763472661422, 2054.8589601761896
785.3699719905853, 2941.763472661422, 2054.8589601761896
785.8714802265167, 2941.763472661422, 2054.8589601761896
786.3771269321442, 2941.763472661422, 2054.8589601761896
786.9883420467377, 2942.3788929993466, 2055.004315467113
787.3758313655853, 2942.3788929993466, 2055.004315467113
787.8705394268036, 2942.3788929993466, 2055.004315467113
788.048924446106, 2942.3788929993466, 2055.004315467113
788.3763792514801, 2942.3788929993466, 2055.004315467113
788.8721268177032, 2942.3788929993466, 2055.004315467113
789.3678617477417, 2942.3788929993466, 2055.004315467113
789.8795976638794, 2942.3788929993466, 2055.004315467113
790.4889948368073, 2941.7805389399755, 2054.704194756662
790.8728096485138, 2941.7805389399755, 2054.704194756662
791.3742208480835, 2941.7805389399755, 2054.704194756662
791.8678984642029, 2941.7805389399755, 2054.704194756662
792.4858617782593, 2942.2298184040606, 2056.715800704419
792.874320268631, 2942.2298184040606, 2056.715800704419
793.3711941242218, 2942.2298184040606, 2056.715800704419
793.8740651607513, 2942.2298184040606, 2056.715800704419
794.2630236148834, 2943.561424396616, 2055.14881359873
794.4983947277069, 2942.042484459423, 2055.671633145313
794.8724565505981, 2942.042484459423, 2055.671633145313
795.484593629837, 2942.123628997015, 2055.158604337095
795.8755481243134, 2942.123628997015, 2055.158604337095
796.0181658267975, 2942.123628997015, 2055.158604337095
796.369530916214, 2942.123628997015, 2055.158604337095
796.8672385215759, 2942.123628997015, 2055.158604337095
797.4885096549988, 2943.0351963756016, 2056.163407928038
797.8803472518921, 2943.0351963756016, 2056.163407928038
798.2649488449097, 2943.0351963756016, 2056.163407928038
798.3786468505859, 2943.0351963756016, 2056.163407928038
798.8722829818726, 2943.0351963756016, 2056.163407928038
799.3695831298828, 2943.0351963756016, 2056.163407928038
799.8704216480255, 2943.0351963756016, 2056.163407928038
800.4899981021881, 2940.287953236828, 2055.8821652412284
800.8729732036591, 2940.287953236828, 2055.8821652412284
801.4921362400055, 2940.6390415062656, 2054.123321245243
801.9967863559723, 2941.425461296513, 2055.41927304733
802.4814894199371, 2942.0408165786075, 2055.2134755682514
802.8788948059082, 2942.0408165786075, 2055.2134755682514
803.4851677417755, 2942.2141948224075, 2055.603670594094
803.876638174057, 2942.2141948224075, 2055.603670594094
804.4820177555084, 2940.8573408744564, 2058.353838203275
804.868971824646, 2940.8573408744564, 2058.353838203275
805.4838063716888, 2941.2159889833206, 2065.8087419830636
805.9916198253632, 2912.4276744288068, 497.2806398239654
806.3596358299255, 2912.4276744288068, 497.2806398239654
806.8736548423767, 2912.4276744288068, 497.2806398239654
807.3650419712067, 2912.4276744288068, 497.2806398239654
807.8628261089325, 2912.4276744288068, 497.2806398239654
808.3704669475555, 2912.4276744288068, 497.2806398239654
808.9892964363098, 2913.92081588056, 575.0488325758647
809.3680913448334, 2913.92081588056, 575.0488325758647
809.6922245025635, 2913.518212408786, 574.6454075077211
809.8668351173401, 2913.518212408786, 574.6454075077211
809.9735510349274, 2913.518212408786, 574.6454075077211
810.3684930801392, 2913.518212408786, 574.6454075077211
810.6357872486115, 2913.518212408786, 574.6454075077211
810.7454845905304, 2913.518212408786, 574.6454075077211
810.979856967926, 2913.1051818156106, 575.5054786657078
811.0765986442566, 2913.1051818156106, 575.5054786657078
811.4728112220764, 2913.6446256580193, 574.4330015545212
811.8706033229828, 2913.6446256580193, 574.4330015545212
812.4786033630371, 2913.81223510984, 574.2219460139377
812.8670716285706, 2913.81223510984, 574.2219460139377
813.059556722641, 2913.81223510984, 574.2219460139377
813.1742491722107, 2913.81223510984, 574.2219460139377
813.481427192688, 2914.302775206471, 574.0802671151354
813.9879257678986, 2912.698993211999, 574.2268047190302
814.4882276058197, 2912.626899358828, 574.4225546894011
814.8643193244934, 2912.626899358828, 574.4225546894011
815.4870111942291, 2912.754392084609, 575.179608588271
815.9908437728882, 2912.659471526854, 575.2612348988642
816.3602104187012, 2912.659471526854, 575.2612348988642
816.8689458370209, 2912.659471526854, 575.2612348988642
817.4874241352081, 2912.3990085983532, 574.8903462515366
817.9900796413422, 2913.5744363441395, 574.1175579119846
818.3640623092651, 2913.5744363441395, 574.1175579119846
818.9962222576141, 2913.6265427947314, 574.4520678121114
819.4900104999542, 2912.3539657953374, 575.1283126198856
820.0065989494324, 2915.899543273882, 536.4833268708649
820.3788051605225, 2915.899543273882, 536.4833268708649
820.8774700164795, 2915.899543273882, 536.4833268708649
821.3771595954895, 2915.899543273882, 536.4833268708649
822.0079855918884, 2911.71587714053, 417.2123097441118
822.3857488632202, 2911.71587714053, 417.2123097441118
823.0081074237823, 2915.4076344309874, 310.8864785506602
823.3813104629517, 2915.4076344309874, 310.8864785506602
823.878689289093, 2915.4076344309874, 310.8864785506602
824.3894073963165, 2915.4076344309874, 310.8864785506602
825.0057873725891, 2909.836552206591, 57.87113738866221
825.3867692947388, 2909.836552206591, 57.87113738866221
825.8867647647858, 2909.836552206591, 57.87113738866221
826.382443189621, 2909.836552206591, 57.87113738866221
827.0634326934814, 2870.313664927474, 6067.467490078809
827.5431492328644, 2855.384991444972, 2639.168378931078
828.0198764801025, 2830.908540605714, 28.319545386941922
828.5447583198547, 2819.984377981024, 1427.3298845925217
828.9120674133301, 2819.984377981024, 1427.3298845925217
829.5383925437927, 2336.3972442737954, 190.2046043327576
829.9253840446472, 2336.3972442737954, 190.2046043327576
830.4358005523682, 2336.3972442737954, 190.2046043327576
830.95441198349, 2336.3972442737954, 190.2046043327576
833.6884987354279, 2716.020215213819, 718.9886526789475
834.0515277385712, 2128.0852493561492, 719.5631777866416
834.5726890563965, 2636.75239040255, 786.4999999999982
834.9526734352112, 2636.75239040255, 786.4999999999982
835.5345656871796, 1727.6600800499268, 1634.1887749962002
838.0405592918396, 2766.081840804181, 2487.1950411659213
838.5574355125427, 2100.3514664012214, 376.83087861292006
839.0335836410522, 2757.9808719254365, 43.74409788486146
839.4095764160156, 2757.9808719254365, 43.74409788486146
839.9042537212372, 2757.9808719254365, 43.74409788486146
840.5355639457703, 2814.368806821892, 1557.954141728025
841.0581665039062, 1982.251595313905, 1505.0412387835925
841.407231092453, 1982.251595313905, 1505.0412387835925
842.057254076004, 3305.391100983471, 232.89084239042768
842.5389540195465, 2100.0245146188154, 275.84071755660136
842.9348940849304, 2100.0245146188154, 275.84071755660136
843.5561263561249, 3561.1382719780813, 969.9982461249515
843.9402952194214, 3561.1382719780813, 969.9982461249515
844.4419844150543, 3561.1382719780813, 969.9982461249515
844.9354634284973, 3561.1382719780813, 969.9982461249515
845.4459114074707, 3561.1382719780813, 969.9982461249515
845.9405150413513, 3561.1382719780813, 969.9982461249515
846.43519115448, 3561.1382719780813, 969.9982461249515
846.942301273346, 3561.1382719780813, 969.9982461249515
847.4423446655273, 3561.1382719780813, 969.9982461249515
849.6682775020599, 797.4644548540546, 1106.0523250052995
850.0603487491608, 797.4644548540546, 1106.0523250052995
850.5510754585266, 797.4644548540546, 1106.0523250052995
851.0627064704895, 2926.4998594708527, 3411.7110484189507
851.4317185878754, 2926.4998594708527, 3411.7110484189507
851.9499502182007, 2926.4998594708527, 3411.7110484189507
853.0480115413666, 893.5910959032568, -1513.9453201015515
853.5842823982239, 507.3242716933805, 667.129980817542
853.9991714954376, 507.3242716933805, 667.129980817542
854.4804244041443, 507.3242716933805, 667.129980817542
855.0758290290833, 1993.115916596484, 1110.9419283278928
855.4258937835693, 1993.115916596484, 1110.9419283278928
858.5982208251953, 92240.35244174895, 1937.8199390635034
858.9632451534271, 92240.35244174895, 1937.8199390635034
859.4639048576355, 92240.35244174895, 1937.8199390635034
859.9501745700836, 92240.35244174895, 1937.8199390635034
860.4603161811829, 92240.35244174895, 1937.8199390635034
860.9490089416504, 92240.35244174895, 1937.8199390635034
861.4605083465576, 92240.35244174895, 1937.8199390635034
862.0353095531464, 179.23357921180744, 2154.5555092074655
862.4441974163055, 179.23357921180744, 2154.5555092074655
862.91930103302, 179.23357921180744, 2154.5555092074655
863.7160224914551, 2269.9985204545355, 1813.7789425084436
864.1008026599884, 2269.9985204545355, 1813.7789425084436
864.6104395389557, 2269.9985204545355, 1813.7789425084436
865.1014008522034, 2269.9985204545355, 1813.7789425084436
865.5512223243713, 2248.7317221445146, 117.65992862466335
865.937328338623, 2248.7317221445146, 117.65992862466335
866.4465184211731, 2248.7317221445146, 117.65992862466335
866.9413661956787, 2248.7317221445146, 117.65992862466335
867.4369795322418, 2248.7317221445146, 117.65992862466335
869.5637099742889, 2278.119741131338, 2352.6737040039793
869.9566583633423, 2278.119741131338, 2352.6737040039793
870.4523329734802, 2278.119741131338, 2352.6737040039793
870.9490044116974, 2278.119741131338, 2352.6737040039793
871.4486651420593, 2278.119741131338, 2352.6737040039793
871.9571986198425, 2278.119741131338, 2352.6737040039793
872.4535617828369, 2278.119741131338, 2352.6737040039793
873.0399644374847, 202.09337409288767, 31310.891271419136
