1.3624646663665771 2097.0574036331263 1227.740497209602 2.773443928926178 11.720499325825404 57.8766717439928
1.5754313468933105 2097.048710231208 1227.6479959041822 -2.847090281596985 11.45502962580272 49.314979849732026
1.7725422382354736 2097.188013734738 1227.5602456542565 2.9342685019130723 11.844233721165997 52.34892179821851
1.9953927993774414 2097.066777871128 1227.4685434654052 2.8873926978220417 11.900083804032615 54.29141611286791
2.1884021759033203 2097.218015625924 1227.3312161066874 2.931580480153197 11.450228675267983 55.183748925638525
2.3465259075164795 2096.9094629875667 1227.0559602274077 2.8260912398340605 11.884511892579633 56.98105572847616
2.515801191329956 2097.2073775198037 1227.2393978240577 3.023983123046484 11.89823436093471 56.12410653076064
2.673877239227295 2097.117109258494 1227.4366905907698 3.0332184438546914 12.08225265212051 54.94176075792775
2.8515045642852783 2097.2926323501038 1227.3600916704902 2.739660852893063 11.595372805793131 57.67162343482093
3.0074496269226074 2097.2108936742293 1227.365440011093 -2.8069991976664683 11.93653579384438 56.53794130533906
3.185701847076416 2097.249875051049 1227.3325417232095 -2.806122034125753 11.872927769980697 57.46489686084173
3.34375 2097.1669694631973 1227.1030090435 -2.8051177959295814 11.830869168740946 54.883505965423055
3.510319471359253 2097.189578187119 1227.4019963925018 2.8525717608576824 11.766498733890138 56.84869294686729
3.6644911766052246 2097.1418345424936 1227.7259849650115 2.887395596552727 11.958876720450833 55.26461789053144
3.8425168991088867 2096.8635330255265 1227.6511410284063 -2.756796242762186 11.753374957230559 57.19894909050599
3.998302936553955 2097.158274790524 1227.3692481694802 2.789276661925826 12.200622380970733 56.261207847620994
4.161444425582886 2097.1074531272648 1227.6052294551348 2.8552383938926305 11.768604451306471 56.41831425410836
4.322763442993164 2097.210924977482 1226.9527719275422 2.9781131400755902 11.826519139825445 55.913057269907355
4.480069160461426 2097.0422226747273 1227.433896988628 2.925160965747916 11.927803074627478 56.68823062700061
4.641785383224487 2097.2008546819343 1227.819128717355 2.9810885942362697 12.06891963448794 54.36379771667228
4.802578926086426 2097.0247930085284 1227.5341063947697 2.8751834082395353 11.824338641288794 56.45801188039643
4.973510503768921 2097.1455815559325 1227.3435515814224 2.8908636243174892 11.857776861558998 56.341377379527046
5.147420883178711 2097.141571211813 1227.3986226325728 2.870907049447458 12.208998135338557 55.51731401821007
5.309220314025879 2096.860559641343 1227.519293035676 2.9067688625570294 11.640628658637771 55.402450499467285
5.471958875656128 2096.870656781253 1227.4976635914566 2.8133548577728815 11.876364542077184 57.846121327576135
5.638224124908447 2097.0915085587735 1227.867012560105 2.8466117507010793 12.037617307467324 54.92895405170846
5.793959379196167 2097.0738535123123 1227.6492045793786 2.8551668317949344 11.941305484928014 56.64644437765597
5.955829620361328 2097.0194164619597 1227.7569659358605 2.8705824009608887 11.852792999683693 56.99242530526689
6.117719650268555 2097.0763357410005 1227.5127630001577 3.011961669390486 11.952334737167346 56.563374980659844
6.279097318649292 2097.159954736406 1227.666800445998 -2.812849069222926 11.697076235788945 56.40424795251055
6.447646617889404 2097.308708352757 1227.5376270627496 2.7831483457089807 11.853310702576525 56.78894728771637
6.60615873336792 2097.491740418139 1227.6038808291792 2.77818465483374 11.871932467252826 56.23414857520226
6.769800901412964 2096.966978019796 1227.3910280733378 2.8722077747564048 11.719773276523965 56.7408146265099
6.926509141921997 2097.212363235626 1227.8170866009746 2.8120786554965083 11.735993741104341 57.01141313941254
7.081433296203613 2097.1325722454667 1227.7418163870864 2.991953459858862 11.700069730778997 56.673521654948836
7.248394727706909 2097.1212428685267 1227.5092860534005 2.9148982093090723 11.891494207502802 54.88095337905394
7.4126739501953125 2097.374265173227 1228.3341021010574 -2.8325507607477136 11.74537680428536 56.35640656603444
7.573261499404907 2097.1850374900237 1227.3156251692455 2.878474138457839 11.83889333880583 56.889040531843285
7.734391450881958 2097.1384055449394 1227.6198530687248 2.864050968234842 11.808662060272775 55.44020072662117
7.898127317428589 2096.8463372893393 1227.89425816191 2.72295862252926 11.660649482151042 56.06477571723325
8.056232452392578 2096.982441926164 1227.4575795368771 2.8297433275691657 11.93637262200026 55.898189303626246
8.22275996208191 2097.201517690249 1227.2125599688645 2.879238879964597 11.826839805052415 56.96705467204471
8.381031274795532 2097.131410092106 1227.482579086979 -2.864731797364933 11.904887005937612 55.307639211332365
8.564402341842651 2097.2870754789233 1227.6180652262092 2.76136100154515 11.661986554131836 58.858972425385154
8.741297245025635 2097.0236922739127 1227.5098621031682 2.8708952662216487 12.098355881202988 56.261240621144196
8.905051469802856 2097.2890668257087 1227.5693138391766 2.9505169393620116 11.958292901935922 55.917218997744996
9.065889120101929 2097.197830588609 1228.0317096407339 2.8299176376229456 11.776591658491272 56.59694838334789
9.238173007965088 2097.0804942677346 1227.85621861498 2.8777793149366526 11.701584413638372 56.454239853391336
9.403751850128174 2097.127880325215 1227.7281983903592 2.9033310511506074 11.702526855963326 57.04650656076118
9.578109979629517 2097.174957127562 1227.9552248945647 2.8996550864277926 11.793362510010411 56.92846709450011
9.740641832351685 2097.147248170424 1227.812877082224 -2.8269075382847286 12.136591433978005 55.19342033796507
9.919576168060303 2097.1576131666525 1227.5903879385376 2.96802469369761 11.791197360229974 54.70293155481487
10.076257705688477 2097.195491037455 1227.8790163939805 2.9941803697577107 11.997727285564153 54.64776851390822
10.242407083511353 2097.1514967455882 1227.7187743872983 -2.6911778425340303 11.611243645550966 56.85028346865961
10.400769710540771 2097.0982864726443 1227.8845562381277 2.8189937517344825 11.805803187566653 56.75279044646453
10.57466745376587 2096.792982981961 1227.7391653513882 -2.797317369408545 11.681851814376383 57.43922531857453
10.74552035331726 2096.9329384192088 1227.8768854968605 2.9042752290705383 11.683822595797738 55.95475467562213
10.924717426300049 2097.0477640083836 1227.6279459471302 2.8270526549619888 12.143313697551008 55.828410933169735
11.08427906036377 2097.0533882306045 1227.5803631742006 2.8761426185242356 11.92189804273446 56.43201846222695
11.261371850967407 2097.0568926485676 1227.3941063600578 -2.707159081762596 11.776310207804963 57.4552721689228
11.42102837562561 2097.030452971897 1227.7679739843554 2.8952309138293253 11.885798186698272 56.52144150226526
11.595831155776978 2097.1410875750194 1227.6079770129168 -2.7582370449814713 11.610979328185824 58.184717678528116
11.75544261932373 2097.1687900510583 1227.7101585324167 2.821323432954612 11.906488907189598 57.228579882384906
11.931129932403564 2097.1751281901343 1227.7634134835582 2.749161020969705 11.640126184936044 57.48204070816948
12.092416524887085 2097.295126825162 1227.9419363091426 -2.7211643922191735 11.492530263987828 58.28636305390752
12.265267610549927 2097.126213722127 1227.6126767675962 -2.7473184433139646 11.650414105736658 56.36202319062665
12.423861265182495 2097.0673735234327 1228.1746116517093 3.0096850636021437 11.925038347453414 54.45590177183033
12.593736410140991 2097.1307513217903 1227.8526964560979 2.817604367956814 11.708768233651535 56.54989577235314
12.759418964385986 2097.061968199695 1227.958339455985 2.8327326351092132 11.95088458452024 53.55020493120295
12.931324243545532 2097.1710039986842 1227.519573996838 2.998127757862326 11.809367759306785 56.110507301923185
13.092332124710083 2097.0061600110675 1227.5345529462672 -2.7988335728624882 11.661174643202525 57.882563253859146
13.264849185943604 2097.268876057461 1227.4115099231174 -2.746948929937482 11.899805444488436 57.02780351116354
13.441851615905762 2097.1874950655974 1227.6030338350347 2.7765614196835813 12.112518404427922 55.62891617355686
13.625521421432495 2097.204820143587 1227.4256399677906 2.8110819006289978 11.676024802211117 57.7481770829572
13.783005952835083 2097.0901738782677 1227.7068811064737 -2.897801241227366 11.70277877050866 55.34117996667152
13.96240496635437 2097.0637861990676 1227.8472320563371 2.8978019190745457 11.504837434497986 55.797752676839195
14.123860836029053 2096.9911691565453 1227.458751054547 2.849524423512919 11.460419269946215 56.11768615938665
14.293008089065552 2096.9553863862266 1227.088375918651 2.767891354779104 11.737541205068442 58.0164768839104
14.48236346244812 2097.122015852815 1227.7822206890319 -2.822764080249875 11.774527278570536 57.420152692646596
14.651195526123047 2096.964051615972 1227.6349014132197 -2.8624243186667795 11.72611537796123 55.48871081100896
14.809141874313354 2097.305785634584 1227.448846269434 2.8164963389233293 11.744452416792361 55.8451850791277
14.983631134033203 2097.272854671885 1227.4580003818892 2.899028120998146 12.057349565917791 54.845957029973256
15.150219917297363 2097.0939789131153 1227.9658547954612 2.926794677892002 11.666651882507047 56.48032178848912
15.310710191726685 2096.9768423272044 1227.564856107816 2.8581020435822837 11.732373001220738 56.91713534756978
15.486422777175903 2097.1703432592103 1227.411477476827 -2.870435680276204 11.97455961193407 56.030184138291844
15.648622035980225 2097.322278767194 1227.0694721804864 2.8898733868522437 11.83678291414897 56.03258217914346
15.805763959884644 2097.230803819101 1227.367937205492 2.758269677613034 11.587736084195779 57.791033721071315
15.969465017318726 2097.1165139716913 1227.8361210128598 2.870268625431485 11.719384912861518 56.407863128985724
16.136019706726074 2097.1189645285826 1227.4315861881962 2.9355196769191614 12.068371423253355 55.03620296325751
16.30620288848877 2097.0617744006463 1228.3659595877862 2.852565298866117 11.536046033093319 55.0931980172532
16.477529287338257 2097.1270792758082 1227.5432175358624 2.7800663129554013 12.001310307391956 55.804582675633746
16.650299549102783 2096.936415838092 1227.5432574008098 2.880715770441812 11.66275323310828 56.16358155901808
16.811157703399658 2096.968451180311 1227.720337200092 2.82881904757498 11.890892498307398 54.83036321562753
16.987279653549194 2097.138847493102 1227.942356046258 2.8401696871757167 11.69507394217765 55.65766246664866
17.17219305038452 2097.1785606204526 1227.7616090937406 -2.7782839458369444 11.763192525209796 55.249727818417554
17.35031795501709 2097.233286340281 1227.5805904472995 -2.790951170609056 11.795416164632734 56.24230410680062
17.517916202545166 2097.2453218219453 1227.5979866133403 2.843766601855012 11.867888404548795 57.02960926005624
17.690933227539062 2097.2662149059706 1227.551504711927 -2.645861706377518 11.676884665494056 57.98241643808344
17.852278232574463 2097.300186785957 1227.5430666275536 -2.7490273324167416 11.855236845447665 55.786318959150904
18.037059545516968 2096.9440840531483 1227.8914164227733 2.8207013233539535 11.714415921612591 55.07972887290302
18.216100692749023 2096.996419496069 1227.3656936246516 2.813391651876324 11.838036492122216 56.27080263403387
18.3954861164093 2097.032094441381 1226.9844634112303 -2.7583336284873945 11.81358186714067 57.36535177023934
18.585431814193726 2097.0908491299547 1227.7647855412838 2.8022866373924105 11.77125680584373 56.10507757146652
18.770771503448486 2097.12961534513 1227.944913337334 -2.8518246371555156 11.88716491115559 56.90503514073364
18.94170594215393 2097.1276274989664 1227.7845510332893 2.832462148544652 11.57357470023222 56.617932421059265
19.126244068145752 2097.0920647308044 1227.5568397884153 2.7208710522105517 11.681522674454577 57.98875251735453
19.298392057418823 2097.087588983296 1227.5798736837596 -2.8331080892949543 11.831280521240615 55.433153851108216
19.47260546684265 2097.1122679381847 1227.068447074776 2.872302201454461 11.657192143152216 55.97857961596428
19.64681649208069 2097.1195066459964 1227.4612269348772 -2.680746115669315 11.728128576777022 57.96760592236794
19.832104921340942 2097.235687927881 1227.2858676185665 -2.6653675194705913 11.676747549534928 57.289844752942756
20.003678798675537 2096.9708342593385 1227.1909763042186 -2.8047782066789058 11.60531381186569 56.81595183565301
20.178481101989746 2097.125029687561 1227.3257640814106 -2.7562415308714856 11.926469152222232 56.63690886691877
20.358848333358765 2097.1626990262666 1227.7265037157122 2.8787258582486226 11.774584706018311 56.20803239169194
20.531408071517944 2097.3574231676653 1227.8772433572915 -2.8668830772034473 12.090959600617369 56.16517695560667
20.694940328598022 2097.182640416396 1227.982678326658 2.8322945946391056 11.938542757122162 55.88476497410213
20.86630129814148 2097.148650855706 1227.751795062772 -2.72708648038198 11.804370920951914 55.999693864800435
21.03570246696472 2097.0690410833495 1227.483428685413 2.779174243439824 11.90299351977378 54.6053845516641
21.20951533317566 2097.1797999273617 1228.0375615648882 2.956891679981455 11.95361771343198 55.61813922396763
21.424192190170288 2096.9780148561404 1227.8309533101437 2.849070360579712 11.680843546407438 54.779685176126094
21.591077089309692 2097.0837915630273 1227.7933923295302 2.9558249931984024 11.432043583078697 56.64237600031437
21.767669200897217 2097.050271942018 1227.7510688067239 2.8283870684494627 11.669443990951628 57.215194550381334
21.948391675949097 2096.8457546848936 1227.8868824588806 -2.770920825770313 11.896823408710835 55.27592133124389
22.1163911819458 2097.075420563897 1227.3593075334795 2.74519640291206 11.46777671088836 57.328672369935376
22.29839015007019 2097.072796023702 1227.5665281016518 -2.7942936708001818 11.942776737380418 55.35910355843268
22.462382555007935 2097.3780802488977 1227.3827423775908 2.8844742214682837 11.801542193181731 56.2586405834505
22.665387868881226 2097.25939149813 1228.007712274427 2.935145350165983 11.89097758871756 55.225372437351204
22.847386598587036 2097.370355338688 1228.2055252921791 2.9133808352980424 11.91540607836532 54.72642537852313
23.0153706073761 2097.2265917511895 1227.620626246688 2.93595913932616 12.048498559272991 55.36840352604632
23.21167302131653 2097.111253914472 1227.7039973509015 3.0227115815617522 11.875569448954884 54.910425858385864
23.39652705192566 2097.0206847184068 1227.7747678724836 2.8018394280550334 11.815739470195936 58.14729383128052
23.564837217330933 2097.143466691559 1227.563866313093 2.9253345161872137 11.77566462564868 54.95005329790176
23.743172883987427 2096.9804365388804 1227.5500452173112 -2.800854162603506 11.611197851478973 58.26065786522123
23.926259756088257 2097.0702076100447 1227.5675107504546 2.9625199882087663 11.804816283149957 55.10642793800221
24.114412546157837 2097.16228876276 1227.5800773061221 2.8049006434580757 11.922149795199791 56.05428661064712
24.293906688690186 2097.1304507511295 1227.2374362467444 2.9701808027668113 11.859483258941815 56.02120569326598
24.476847648620605 2097.0545679320353 1227.5795613932767 2.8656027831892876 11.82586994547379 56.34727801221104
24.659818649291992 2097.0095906412485 1227.4216540650189 2.8230131701800865 11.888421818952223 56.17120201479229
24.833704471588135 2097.132747025346 1227.634030217368 2.830833463627855 11.71003552339246 56.42235599486064
25.017809867858887 2097.0389720186113 1226.8603560604618 -2.85590368375616 11.758184898809391 56.01484038567153
25.196392059326172 2097.111001992891 1227.4484548401192 2.8555693702775216 11.63137811777017 56.975045918816775
25.381231784820557 2097.0425369304653 1227.7137051118432 2.7247593280896214 11.850212708984014 57.53680383994618
25.574342727661133 2097.13787729005 1227.5398015998544 -2.8787019932693156 11.786452821809437 55.3769494602556
25.76667332649231 2097.1905050967634 1227.592064058065 -2.7982944305708286 11.645128033469323 57.459463635455826
25.958598136901855 2097.2024540558273 1227.6058981855936 -2.724446140744414 11.54437347255385 58.625778717034436
26.140732765197754 2097.0491483199553 1227.7937296019195 -2.711890269092508 11.833330630956826 58.000941574016295
26.342463493347168 2097.144984624204 1227.9479929393613 -2.732084128837565 11.905276437656896 57.61177760553396
26.537429094314575 2097.3142870018664 1227.4636326722562 2.7891516995061503 11.590308064628443 58.599072691023416
26.715140104293823 2097.2526099171255 1227.7007090414645 -2.8522063135605653 11.791694597862355 56.76622610880121
26.905720472335815 2097.113653856621 1227.0775310656918 -2.808903038812709 11.79369694057175 56.904293439777696
27.09891986846924 2097.0239926551176 1227.2616929806293 2.910897342347716 11.743642716080604 56.33295656132097
27.27762532234192 2097.1226551524283 1227.3004840900123 2.8922147551879687 11.674068618612315 56.97234167050639
27.454314708709717 2096.996214521932 1227.591204766602 2.985218365707823 11.825107060986507 55.381070197320554
27.62653613090515 2096.947194364165 1227.7765986926074 -2.73698464735935 11.913160772536463 56.422969775126234
27.823773622512817 2097.0013344437166 1227.4536304404965 -2.763966743656017 11.791495678796656 57.50576092256131
28.011207103729248 2096.868812363547 1227.2726934488562 -2.7089629133522926 11.738747149076387 58.43266563000892
28.189096927642822 2097.15978698332 1227.4209507205476 -2.8918467273317194 11.954781639309358 56.753468024101686
28.357983350753784 2097.1914476182133 1227.1236841940379 2.8994059213983485 11.845800345887927 56.178271845728815
28.559592962265015 2097.2618535724605 1227.324141519903 2.8310892802071064 11.707842034527891 56.66528137724198
28.74029231071472 2097.0744247813877 1227.3910180744929 -2.8246161622562194 11.78415819979464 57.37769489333638
28.923290729522705 2096.9913205096955 1227.5163937538084 2.8081083742114483 11.947496479991466 55.37221159806529
29.102591514587402 2097.239191195165 1227.8206276420713 2.8299990449229715 11.76190853698509 56.96267226166287
29.292917728424072 2097.08762774289 1227.6735254905284 2.8087108874846405 12.05795765867539 56.579863495158854
29.524835348129272 2097.028873140264 1227.4267269010513 2.7573229248793307 11.601639866543321 56.1164622878495
29.710120916366577 2097.098160470613 1227.3215595856739 2.9174913129160145 11.809664410793538 54.62102186637262
29.893559217453003 2097.0147269587146 1227.690101801483 2.894361404240197 11.987185668667184 55.12052222749057
30.08325505256653 2096.995097053919 1227.7188067143384 2.7699029898295406 11.91035583605975 57.11917822311371
30.266497373580933 2097.1403926023045 1227.2741841213149 2.915287353974251 11.697827247176667 55.895151182497834
30.493318796157837 2097.086319669978 1227.636071142038 -2.7039412096722035 11.828412157338665 56.31009016963052
30.681657791137695 2097.0631614376944 1226.9938016674644 -2.776532015820288 11.649482394587407 55.79148785361457
30.8482768535614 2097.1340606721387 1227.2646761541992 2.817743881900949 11.481540069423156 56.88697796334134
31.017984867095947 2097.0942907984504 1227.901854208246 2.914139303631025 11.820921985844382 54.540821183478656
31.20984935760498 2097.1516298952065 1227.731935276449 2.760032810935437 11.597498019423433 56.89673006235489
31.385061979293823 2097.075850571277 1227.592726387585 -2.820354494801412 12.191795383036034 55.96270793425582
31.556784629821777 2097.2299696303744 1227.8863509824444 2.940723804193325 11.6282273810039 55.43217321218228
31.734565496444702 2097.0244871674417 1227.5437168105873 2.868880956846195 11.81471384507116 56.56281616612603
31.945072174072266 2097.174159064513 1227.7438718976082 2.8998585054867534 11.795252918032341 56.64454507532366
32.131704807281494 2096.9950252236013 1227.987556450808 2.835146337191687 11.815732193471957 55.9643010974768
32.31966686248779 2097.20588672075 1227.474631788576 2.8865900751513927 11.90669259331671 55.31655504907455
32.50816226005554 2097.1098820973675 1227.617885974174 -2.646474690215535 11.66549079766952 56.8869478509332
32.71277451515198 2097.1133343163665 1227.5488443500672 2.8695046704781038 11.86005973616345 55.54039910954921
32.89373755455017 2096.993111099455 1227.6938142862448 -2.9011998572848623 11.849314261522865 54.88284388122182
33.094318151474 2096.9708240409545 1227.483448761004 -2.6320257775975056 11.716670851604414 56.90824004212594
33.28446388244629 2097.091941447411 1227.7428589124108 2.82659505830395 11.762207114171064 55.90470850330894
33.479376554489136 2097.1267868136415 1227.5918007909488 2.9150570922160166 12.141948025420945 53.148861704519
33.65878510475159 2097.064601454767 1227.6446296013025 2.955937632474258 11.839650058853529 56.181941454110785
33.865389347076416 2097.085049538963 1227.424606175738 2.830340608809051 11.555815102224654 56.08518929366261
34.04936718940735 2097.066215462924 1227.568513216437 -2.771431058919801 11.493676066731922 56.10799561726758
34.2415714263916 2097.1312328400227 1227.6184462639403 2.8359687340264714 11.790591865588581 55.988502854782574
34.4412043094635 2097.407045039651 1227.2479677555482 3.0053310617914977 11.555416838937369 55.36110708210688
34.63320803642273 2097.1790090672907 1227.588402306484 -2.799986871845966 11.90950638511859 57.79229708360087
34.84646654129028 2097.199741201844 1227.8029885249175 2.835344349333041 11.806032387599092 55.88377387385689
35.04690432548523 2097.091316283609 1227.447045397372 -2.809952882889764 11.778676782369343 54.68705021315316
35.22415637969971 2097.3221505821725 1227.945809983654 -2.8044714299493023 11.891434625546268 57.61234506932598
35.41302299499512 2097.205409544768 1227.7636846640246 2.85030669455977 11.808212861449269 55.16699217026738
35.599024534225464 2097.1368946662424 1227.687588076962 2.908838425069328 11.705592160334449 55.66610753949239
35.844603061676025 2097.064125115107 1227.9890325257618 2.8876349343801535 11.850817496092628 52.90583137119346
36.0273220539093 2097.0508666437263 1227.372189087997 2.8361926827405495 11.788704586801634 55.16477095932383
36.21439075469971 2097.196021095972 1227.8295843160506 2.9768133741602414 12.11671640828057 54.662919418638296
36.405251264572144 2096.99545300255 1227.3734029966804 2.871252133607485 11.710789502720976 55.900543043014196
36.62623643875122 2097.053392404193 1227.5538534607829 -2.819478364890194 11.96747117722983 55.310221101053784
36.80912899971008 2097.111904441154 1227.4156017003563 2.8276306604941297 11.602269643007796 54.996251572616345
36.98955535888672 2097.1365616031653 1227.8559478004456 2.7963327461656444 11.814821798118187 57.61491252613979
37.16444444656372 2096.9594618512665 1227.430838917503 -2.7598272163613227 11.727734075644012 58.08680011333818
37.35720181465149 2097.0465792420987 1227.4926917223233 -2.755262115408713 11.650828749873241 57.06095853113928
37.53224062919617 2096.773579088204 1227.806792905507 -2.703707397453235 11.736251320949263 55.71921963646092
37.72533369064331 2096.937299648923 1227.2304527943431 -2.8085146315737792 12.101774907998035 55.21970222767675
37.903287172317505 2097.0070178560436 1227.7056013435715 -2.7774424167815686 11.957730898016825 55.90941958448322
38.08938717842102 2097.0877223094776 1227.902389035145 -2.7594564196908102 11.96699529016083 55.60287444424981
38.2677161693573 2097.1202621403468 1227.6252584076929 2.8770209184592628 11.818740619743245 53.84690021909896
38.453935861587524 2097.1729957762627 1227.280837833694 -2.765340169622196 11.764565072257811 56.70121339629168
38.63156771659851 2097.1413048778413 1227.3831625690889 2.861824909025159 12.088972226738106 55.08990039973986
38.82031273841858 2097.0826597507935 1227.5316778625054 -2.7193040553153196 11.815932223702994 56.393549300835055
39.0040807723999 2097.025675137747 1227.6055496128165 2.850724308107786 11.632190624398586 56.82278177476634
39.1945013999939 2096.897545626983 1227.6366626721071 2.86489292645211 11.504817938409683 55.69832281744779
39.40729880332947 2097.035308201587 1227.4652983939404 2.8768534502125154 11.761155953574901 55.227029989835685
39.62109088897705 2097.313659143963 1227.3753739597314 -2.833031273670993 11.561815913504681 56.73929169163958
39.92498826980591 2097.1316102623114 1227.2140781246153 -2.7781397799480336 12.074278928236398 55.32307002459301
40.16351580619812 2097.2488159856944 1227.496574799276 2.8833659929900577 11.695587467041474 55.542408553359756
40.33884525299072 2097.1035156576695 1227.6940012978257 2.805125010846291 11.480488225445727 55.200756047823106
40.517884492874146 2097.115623370369 1227.0556454460352 2.8789511195153183 11.901843948356236 58.082429188523164
40.69721007347107 2096.963720052657 1227.3450117376244 2.921984651487698 11.626432366684119 55.468690927130886
40.89342284202576 2097.2361688983206 1227.1512159365568 2.85348533521463 11.536725980869067 55.5688449194744
41.09059143066406 2097.319326014144 1226.977285791562 -2.9558216503778323 12.014204311441691 54.99435274045574
41.30361223220825 2097.2068152371717 1226.859775787301 2.817109107758782 11.88133889352491 54.73792518846899
41.48405361175537 2097.19811997546 1226.8961832867005 -2.7311028981581873 11.688103292694244 57.06306932536826
41.69306564331055 2097.024251496338 1227.2277152977608 -2.865667645091404 12.080705960372226 56.19352439969262
41.894187211990356 2097.1326154050444 1227.3014421337616 2.853403629261981 11.802830961995593 55.29607540070913
42.08427405357361 2097.050555807657 1227.4990837626342 2.839254084830659 11.651448065420471 56.84867631836906
42.26614785194397 2096.862950616089 1227.102981750079 2.770036872238086 12.095236417705761 55.139259240650304
42.45505380630493 2097.171152974254 1227.417687532099 -2.7370138073039088 12.10970163765705 54.61168345932741
42.63764238357544 2097.0741836352995 1227.8464179158636 2.6887281434841332 11.594199266919375 56.50212346797177
42.83359122276306 2097.1528667710154 1227.5743250008784 2.916068917008007 11.606568734124085 57.13359685107105
43.03608989715576 2097.0355706738924 1227.302809194908 2.929299886695971 11.803393688325738 55.579711218803304
43.2245135307312 2096.997722173056 1227.0425262944457 -2.727514068121847 11.997386739621774 56.60701108686888
43.41597533226013 2096.998663908487 1227.8461454618766 -2.7413506669938363 11.728990136938382 56.05072963693489
43.61817526817322 2097.186573289016 1227.2685844149046 2.829938592118982 11.761642709850697 55.14892640239529
43.80097007751465 2097.11882169979 1227.1411278728963 -2.8068150402312484 11.805284488198462 55.906827006801265
44.00703477859497 2097.255445316667 1227.4748658471012 2.8979709697711256 11.99199027993716 56.30995747609762
44.18290615081787 2097.141302313916 1227.18512437797 2.993100180034461 11.986052056605873 54.483214752628534
44.37575006484985 2097.1728817516264 1227.2405531777085 -2.8555668273707346 11.785330791745983 56.07357094590899
44.571231842041016 2097.071750145224 1227.6051381279779 -2.865922885802884 11.701355675729873 55.75760130971287
44.747870683670044 2097.2456217222025 1227.6054339685372 -2.829549378332661 11.836560161732091 56.72794756459483
44.928285121917725 2097.147274314052 1227.8113490748162 2.942642392926627 11.900394617757685 55.011099399720834
45.1141197681427 2096.9984340415485 1227.4413460854598 2.9405786934098193 11.840290740967422 56.49815733811987
45.30209040641785 2097.1413542072423 1227.6774897894306 2.867097210056085 11.516445507325233 57.3837196458295
45.50438141822815 2097.1722428866115 1227.4705623733273 2.868038646032529 11.719312839742855 56.23224348777315
45.70986247062683 2097.096738216852 1227.3346855917575 -2.7574095779686907 11.712343421567956 57.593359247725644
45.89529728889465 2097.113310046511 1227.6788498859487 2.822289974945086 11.611916598864214 57.260502400839826
46.07235670089722 2097.2053506384914 1227.5122919280043 2.916539532862653 11.87600353623264 54.67979927659083
46.26186990737915 2097.2011847384815 1227.2369044509903 2.8354169634068653 11.945487239172701 55.461418224987
46.44706726074219 2097.2632507494714 1227.131031786657 -2.7377834028030765 11.903506560850072 56.4727709827983
46.65836954116821 2097.0764026052657 1227.2905163088442 2.7831033230477553 11.58872817437777 56.20696703472918
46.86169719696045 2097.139103301114 1227.3821848238238 -2.7202558268919597 11.73067437360631 58.61421385471249
47.082595348358154 2097.1161461302645 1227.1832815788612 2.8415454670049103 11.914999987088656 55.19765282891913
47.28821134567261 2097.084501884856 1227.3706798874168 2.888278740575862 11.815817153064875 57.04562230208021
47.47304153442383 2097.170809424045 1227.270691395645 -2.779503135673252 11.709947372323459 56.50578459367782
47.68438935279846 2097.088056758407 1226.9285049615678 -2.8503727194627317 11.673650576151498 56.76146738027675
47.9040801525116 2097.302871317695 1227.2357034156105 2.9138145124823454 12.002554321693141 55.42703352796806
48.118014335632324 2097.246330723276 1226.7866341211943 -2.9086607236150175 11.606981100346259 56.06428700383482
48.32080888748169 2096.857664738078 1227.0566505935535 -2.7521285707991736 11.598439147989339 57.186808639778256
48.49907636642456 2097.2139410568348 1227.1189897981326 2.8709830661115716 11.969975730877009 54.81402646294207
48.68859815597534 2097.1202021585964 1227.2853096075896 2.8590839125213483 11.715287856224423 55.670457591831735
48.86703705787659 2097.193457304968 1226.7355339476303 2.8184760628154026 11.791174055020324 57.289618180459165
49.0660514831543 2097.1677917924267 1226.4843802980631 2.816504212514706 11.89217403006214 56.02299869893588
49.26101088523865 2097.1308735169187 1227.3133704182744 -2.809384829628719 11.696730520905996 53.69561873679241
49.45581412315369 2097.098827330949 1227.354549730721 -2.7703192108907353 11.893792711896742 56.4739107337683
49.62508201599121 2097.2392965405174 1227.6149884578224 2.869579524925426 11.66324830795428 55.78339807517117
49.82002282142639 2097.2340364751467 1226.907666158904 -2.828990525702362 11.989165210206389 55.60274030039923
49.99347281455994 2097.3309338101567 1227.454537586584 2.9772510120773035 11.862341450338944 56.507006554297284
50.1768856048584 2097.2278744963323 1227.218913510877 2.89772232328286 11.80731651380234 55.83246829643525
50.36000871658325 2097.0792213675554 1227.4493630256095 2.8192704549034624 11.809268308577224 55.31407459398814
50.542927265167236 2097.143579079921 1227.4834629856396 2.798067704831134 11.829613756077816 55.77117498195649
50.71884751319885 2097.033483404111 1227.686952278695 2.921354424925894 11.851611166142627 56.45890860788867
50.911006689071655 2096.9761814002295 1227.4701515235906 -2.7924184953506623 11.632353905775437 55.43180535945201
51.09249687194824 2097.0907626618355 1227.7928407857041 2.773794895531936 11.501523725415195 56.534479875629515
51.277416467666626 2097.2108859897144 1227.5461019834293 2.7621040929374603 11.811732988111828 56.735912045901856
51.46406888961792 2097.1393725302396 1227.328459935508 -2.8611861099016433 11.999648186849923 55.051455061563885
51.64690661430359 2097.001058847967 1227.1750626796677 2.973608392254978 11.727085083607063 54.469725787593035
51.828213691711426 2097.2510640243113 1227.5995318785247 2.8921135367952453 11.919949402997084 55.75357750570787
52.02150797843933 2097.1825138973227 1227.4024397030985 2.799475079190627 11.865999939276922 55.51868528842732
52.2165367603302 2097.070088085965 1227.7272704883442 2.7564052255681246 11.822840704345513 55.87168794846686
52.4050395488739 2097.1893567625425 1227.2968676728435 -2.8056568310936973 11.70260501309213 55.74564424956546
52.58849287033081 2097.043335611042 1227.2450346201028 2.8392461807650107 11.90051254018607 54.29668014538127
52.77731704711914 2097.032334760726 1227.3205348880863 2.8608575971351287 11.843620794521678 55.50627364006996
52.96455430984497 2097.265333017132 1227.549094452122 -2.9130588976706178 11.772408810282357 55.78410030531539
53.14648985862732 2097.1947958691467 1228.0100450390014 2.8288297292609075 11.604576215831141 56.97033538665872
53.344512939453125 2096.9341015431946 1227.275011066278 2.820336056873269 12.04808569845182 54.95729446280568
53.53069257736206 2097.189384798373 1227.4792330479454 -2.7429242254818655 11.86757736123961 57.18973271052606
53.704771280288696 2097.131640470308 1227.4910944156536 -2.7874433416575704 11.859138416224086 56.08147376832679
53.89573884010315 2097.3391969204285 1227.517796186467 2.8040514861371597 11.710773905070642 55.686939552685914
54.07554626464844 2097.1360956662065 1227.6240337415716 2.815765662486219 11.861467438356165 55.8853572088854
54.261120080947876 2096.9578900398024 1227.6001102373264 2.8189738876757744 11.763749600930929 56.43952460832368
54.444265842437744 2097.1939452128818 1227.5544982172155 -2.877608645667465 11.678166830290182 54.77327814183766
54.65493059158325 2097.0890718606342 1227.2372559493747 2.8507926611671577 11.854358073311902 54.892497937630644
54.84349775314331 2097.0572826610796 1227.1803248872723 2.8913592787907034 12.194177797793715 53.88405787911077
55.026246786117554 2096.9673217100494 1227.425178433216 2.955240029159895 11.906600958431909 54.262858025521915
55.20280122756958 2097.135135436412 1227.3619578617247 2.8959119860489695 11.85687607032336 53.861940190691286
55.384233474731445 2097.2442212008955 1227.292052585228 2.9065932645321406 11.699414323151677 55.47647787715576
55.569098234176636 2097.291926299747 1227.5046613776515 2.9708374085852816 11.77964430867348 53.17632904532793
55.7744517326355 2097.136697031569 1227.131907971259 2.7951145051338737 12.008960996052192 54.320380358597276
55.949302434921265 2096.945717180018 1227.3112901633897 2.7941599610096395 12.044009710476926 56.71926237846752
56.15422821044922 2097.180607473729 1227.3605466848894 2.8245654426227835 11.944929240793277 55.02908884288784
56.33903765678406 2097.1968500703783 1227.5816848203951 2.8364146068495892 11.950275300730992 55.77436070939548
56.5300669670105 2096.98976746927 1227.3507837101076 -2.62740522712656 12.057275706331449 56.17593780184147
56.738948345184326 2097.143514550826 1227.0981705776426 2.9205181732112724 11.78225095960028 54.15772751193107
56.93594479560852 2097.12625443417 1227.6946231820382 2.8737382325346568 11.566167724770498 54.94475958935699
57.13333773612976 2096.945541920722 1227.424484768331 -2.7241870222034317 11.894655893693374 55.97116246750785
57.32714915275574 2097.509588257626 1227.6856117833313 -2.898213214315456 11.85802558027474 54.06547389515205
57.53797101974487 2097.095426821355 1227.7468652892424 2.886158601512536 11.550034847929819 55.112625839769855
57.74156618118286 2097.096525457424 1227.4598623527559 2.7254254084784217 11.530245304083364 56.77856595467534
57.91744542121887 2096.98748544828 1227.4514771202553 -2.7857099698376153 12.076142443035682 57.41176195560389
58.12427377700806 2097.382414302004 1227.3442278300167 2.831311733708973 11.907298524213827 55.14313554664872
58.306567907333374 2097.103038956137 1227.0149092533893 -2.8198143769232726 11.718438010822442 55.35359394766735
58.48746609687805 2097.1398872151717 1227.1483483224831 2.8322986997993724 11.956618140797142 55.009149500305355
58.68069911003113 2097.172242407585 1226.9231100568684 2.8347948619686774 11.823915317238445 55.520133510600516
58.86121201515198 2097.259287641994 1227.6713455958147 2.874649182317388 12.253719642267944 54.39336251694664
59.039639949798584 2097.1769033684454 1227.8760206586817 2.8834115664406266 11.629483959559211 55.24989215066479
59.23068118095398 2097.213823273727 1227.7269561135074 2.83622078872025 11.810287764719455 55.377533844780565
59.43202257156372 2097.1404004826104 1227.1668986735938 2.8488136909744206 12.094608474701596 55.63910273334341
59.6219425201416 2097.131337352946 1227.3473898440589 2.8495414502729313 11.86710138830192 54.22136664017651
59.81195902824402 2097.345499596311 1227.183378035485 2.9754101824695396 11.87823340394499 53.67528727184006
59.9949905872345 2097.2319918797994 1227.3291184107 -2.772468186749455 11.881162403909922 55.93307696045299
60.17344331741333 2097.244100066395 1227.9034612942858 2.8443034958363174 11.711916851664268 56.92355350606382
60.36125111579895 2097.1529054429507 1227.4842616056635 2.8359460790573685 12.129326331762673 56.901048417395444
60.556108236312866 2097.269058342963 1227.3274728812132 -2.8983498704381234 11.708221536123862 54.83273689706217
60.73459196090698 2097.131307138709 1227.50825498465 2.720230603052056 11.82142458584699 55.857271229907106
60.91027474403381 2097.214932490963 1227.8220871930926 2.753032422893087 11.795795208304975 54.96842111755079
61.09142851829529 2097.0985088388034 1227.4556401993955 2.812008203887941 11.678681232893155 55.165973845021924
61.27056837081909 2097.2620696616896 1227.4829440639796 2.8675162717710982 11.645111518902427 55.11484020503757
61.45192337036133 2097.0925721111535 1227.624014628107 2.8321959083882557 11.68186931723871 55.24200204840097
61.62618064880371 2097.18698162632 1227.9620285971114 -2.803416934462868 11.6525033404327 55.39679526574274
61.80641293525696 2097.153052028569 1227.6539851935481 2.982634241969864 11.9526228190222 55.662069582141385
61.9907865524292 2097.185722726444 1227.7020480745875 -2.866287935061698 11.92675965795879 57.4103087552802
62.185938358306885 2097.1044500376092 1227.5758391767315 2.850497705545028 11.83686563699186 56.975717568152746
62.37863373756409 2096.958140900433 1227.4588830631994 2.8859669683570166 12.045372983445148 53.28254514223689
62.58690929412842 2097.168046256322 1227.5548012427287 -2.761030459867962 12.033216631886821 56.29762910153745
62.77888560295105 2097.2250975088473 1227.662593131609 -2.852401303539303 11.70342171190356 56.04450335075359
62.98556590080261 2097.2107617054717 1227.3074725346817 2.9727464077444536 12.052385765615785 54.08993592201395
63.173393964767456 2097.021437018596 1227.5505895672752 -2.8198371343160114 11.983567162742759 54.31118793774106
63.41003084182739 2097.2000080362463 1227.7856373935167 2.8826571984370717 12.036041628279223 55.638888970946695
63.604692459106445 2097.230597807615 1226.9397099312532 2.8741501305557033 12.080127519683739 56.75159367458129
63.81511926651001 2097.1919144123253 1227.2309633196767 -2.7979329996214086 12.066216715165657 56.33530714678248
64.02310180664062 2097.2215702400204 1227.1694434069998 -2.8148845347306897 11.637082402970021 56.522618550359255
64.22688508033752 2097.265801351933 1227.8329923441613 2.8169339821198953 11.648022644508531 55.81886376254195
64.42578148841858 2097.1048170768754 1227.8166166831022 -2.72105873136313 11.639014521045992 57.2248318177942
64.62776279449463 2097.216859225064 1227.7880953072247 2.8470755867612927 12.1780686818977 54.910817170479746
64.82498836517334 2097.2964577844823 1227.380706562314 -2.861754869012973 12.003644481601716 54.80658313296968
65.02692556381226 2097.142229653876 1227.4641266827023 2.7485678691568056 11.818418981880786 56.25547491203858
65.21732258796692 2097.1562921028863 1227.34780592119 2.6686295671600866 11.580984011758506 57.351738930281485
65.42361354827881 2097.143535267918 1227.3929078718688 2.844150205544184 11.765398066323044 55.68691538234803
65.6177077293396 2097.118094901915 1227.4221563350686 -2.8148580016825595 12.120788758251525 54.66420208283104
65.80470967292786 2097.165608281054 1227.4200416651402 2.844698042975468 11.921969044368028 56.33886222947869
65.99303436279297 2097.2375469958256 1227.5109967375156 2.954487087367316 12.004454967779788 55.083071239531954
66.18881177902222 2097.1413919813253 1227.8290494628957 2.8065256984932394 11.770412793115339 56.53804444074652
66.38094091415405 2097.230789609235 1227.6012737289363 -2.6854428951887632 11.61104428443437 56.344175396996505
66.57475709915161 2097.0519791351917 1227.553812945037 2.8178217669384567 11.956773591346726 56.121884053067376
66.76985454559326 2097.064571684734 1228.0149712245675 2.8532416130578198 11.96191148345328 55.518367405039825
66.96428298950195 2097.120528522261 1227.4916885708437 2.910177234412381 11.680321146822811 56.573004560110206
67.152996301651 2097.05916077264 1227.411314540732 -2.7680541839521373 11.940388154942257 53.973224771841586
67.3524420261383 2097.2693996441994 1227.7755651618131 -2.875404157847668 11.591237382017624 56.08873617381229
67.60084629058838 2097.1706078084317 1227.5480617228882 2.819673201376467 12.035041792618456 55.610943025674416
67.80026531219482 2097.167497559019 1227.6561620617595 -2.858365851722825 11.862274375056105 55.36442346194215
