3.90358829498291 2096.7427265697193 1227.0473306763422 -2.887928860244749 11.73087742854911 52.44238506746067
4.087974548339844 2096.8867033698675 1227.6873106680362 2.923349296244191 11.777659048963944 44.83217925822967
4.281506061553955 2097.0970064704966 1227.9801413992873 2.926175075652791 11.771033624104522 48.456562009453165
4.482632875442505 2096.8161824153603 1227.4318037042158 2.8542849342346024 11.780290393205577 51.66559298296781
4.6786487102508545 2096.9965565377765 1227.6553621404012 2.9860987493745377 11.912616128909255 51.03859665624127
4.859380483627319 2096.8708570290287 1227.7526018633682 3.021598920241288 11.586887667244106 50.65935867230756
5.0587217807769775 2096.8461572522 1227.7602736125386 2.7299664477479193 11.642860341564159 53.89871479804016
5.250626802444458 2096.827509461355 1227.004964308885 2.8537268700951626 11.880520557240128 51.75182850525846
5.445441722869873 2096.7826562914506 1227.622509542511 -2.837145383743867 12.068274612330248 52.94912626064729
5.627845525741577 2097.0222200821886 1227.299453692093 2.809600872439076 11.568881746024314 54.01745301627021
5.818074941635132 2097.03617060593 1227.3408219921296 -2.7893433294595154 11.788915979457682 53.251098554012195
6.003676652908325 2096.9560055899665 1227.7084853491676 -2.777505648933561 11.895507109567815 52.97224478425788
6.192659139633179 2096.9185590281595 1227.4185619545383 2.840603390412989 11.798463959963993 53.65571621557426
6.40679931640625 2096.8990787810903 1227.6065507242936 -2.791325882318504 11.94127058760059 53.55827763388753
6.60822868347168 2096.8725436089762 1227.5436443064693 2.831358245988431 11.987197171438241 53.52721739946659
6.792486667633057 2096.7755148349524 1227.1421253717917 2.8449683886476818 11.657260325681339 53.17200378340239
6.997136354446411 2096.9540689144014 1227.398695045872 2.800058867186091 11.53399743901383 53.36199794634886
7.180104970932007 2096.7794384597746 1227.1251296097973 2.7867818242225546 11.67560183715268 53.050023437831456
7.363773822784424 2096.9352753143053 1227.4218271927896 -2.81623463948008 11.871269300298332 52.821048772747076
7.5534586906433105 2096.9311643189058 1227.0888647885129 2.9267075132479956 11.590971145785927 54.32981036795287
7.729394912719727 2097.006395753053 1227.3409457180671 2.7818363868080858 11.772569870075886 54.25742437549617
7.910996437072754 2097.023597434446 1227.5605329302534 -2.804434084246747 11.838004749047156 52.7340871863873
8.078513383865356 2096.967896176501 1227.2643333164888 2.9504274072945624 11.954342845591638 53.07916551199827
8.247801065444946 2096.8154919618637 1227.6566430378361 2.901903083195198 12.126803587997204 50.01205981419674
8.410876750946045 2096.9415415382505 1227.237423889057 -2.681022689422237 11.877642587467658 51.560234249109385
8.56597375869751 2097.1070567391976 1227.8000955588025 2.8784936254342672 12.173129138715721 52.95093575592715
8.731474161148071 2096.858030403561 1227.4651686136394 -2.7590416726467604 11.78362973438152 53.80044616594243
8.882572889328003 2096.821613671668 1227.1787587249223 2.9179617320603093 11.781450451102653 52.401809087158114
9.068669319152832 2096.6495536611424 1227.6259138213507 2.9626339958129106 11.945204169700128 51.99011506182682
9.22934103012085 2096.847383126975 1227.215990216332 2.754450079389598 11.51559043312343 54.73306534285844
9.397104501724243 2096.847919312207 1227.4284378495518 2.854221857018327 11.876759329217158 52.00905230261219
9.55373501777649 2096.9472205707953 1226.9795573099177 2.6902963622279454 11.612165042129211 52.50969222021473
9.716545820236206 2096.885301014591 1227.3354408642015 2.8269180079912117 11.997746497734829 50.392466167794645
9.879544734954834 2096.9608239980416 1227.5864949018287 2.765521258995563 11.784180162906786 52.949553888847774
10.045655012130737 2096.841178509581 1227.5120385966252 -2.840082955938293 11.855003705972354 52.10275455770896
10.23010516166687 2096.8475077102125 1227.754230433005 2.95447346184448 11.769347891326861 51.60450777410263
10.391229629516602 2096.78208965034 1227.4355326182758 -2.838277981508831 11.672996409808503 51.782987296788406
10.550899267196655 2096.864067876601 1227.3482973598595 2.811165160774673 11.644410433427415 51.62440859635305
10.709868431091309 2096.999485671148 1227.1497374533694 2.8898269893114903 11.608515206289306 52.21552926545772
10.870010614395142 2097.0142281062067 1227.8924185782535 2.905517781741369 12.009976623411076 50.88057447985244
11.038047075271606 2096.8921024533406 1227.7554489776876 -2.6566330586588722 11.505104261381883 55.658113044418116
11.191466093063354 2097.026874411614 1227.5362723625863 -2.779382192801645 11.499012660493236 53.022987786144284
11.3544602394104 2096.9378208068133 1227.5783794695342 2.8681963740200898 11.685722001966692 51.87000338539522
11.509335279464722 2096.875324671603 1227.3605387000791 2.8128857156988825 11.815188391400518 52.298207008732305
11.670527935028076 2096.845532006811 1227.5104094238582 2.8943069859757267 11.742339453006007 51.20020880287751
11.822521448135376 2097.1368371634267 1227.797618519196 2.640964368213235 11.895242763408064 52.79609905994672
11.981745719909668 2096.875212941263 1228.4393046859905 2.977528504040787 12.07309724147455 50.43232983665436
12.145920991897583 2097.027911527222 1227.095949055273 2.8382543939147453 12.014725586442719 50.77335971074148
12.30267333984375 2096.751456529812 1227.714648485898 2.791934172729947 11.794319843426985 52.43436844466568
12.465330839157104 2096.867863575111 1227.384288125845 2.741914533910268 11.608610162082503 53.86214452539014
12.630196571350098 2096.847421733991 1227.1380188659393 -2.7352430398985033 11.967714354520313 51.98685460611178
12.782446146011353 2096.7862140915827 1227.5782457734074 2.761381791960289 11.55813120125819 52.03326572733831
12.94815993309021 2096.7517688139924 1227.1307418699691 2.884696724149715 11.926107141512894 50.3265433397321
13.108953475952148 2096.9246781155925 1227.7280889653794 -2.8119327083550494 11.70267081936474 53.46888700198481
13.273560523986816 2096.8900337132086 1227.2190843526187 2.9070919609289456 11.957593221841433 51.6444531052248
13.43770170211792 2097.048127432876 1227.4443679516849 -2.7843490329112472 11.843255637781013 51.61249845665285
13.602155208587646 2096.809012627797 1227.0463916861718 2.819889893880365 11.64860182637159 52.65049552108172
13.765637874603271 2097.0060515682712 1227.579813684031 2.844339128361255 11.84059109144212 50.43604167131683
13.927533626556396 2096.8792663168483 1227.1769011562583 -2.7575911876119035 11.858882971354637 51.60137796533755
14.084158658981323 2096.944599833184 1227.112898130196 2.767299821465496 11.806836828583396 54.727875938871776
14.244263172149658 2096.933999881699 1226.830142378587 2.8707318542202165 11.787600627385348 50.91394698282663
14.422010898590088 2096.8796282603394 1227.0664481445515 2.9303926620377996 12.076329989516609 50.777820789327194
14.584624767303467 2096.8043747850015 1227.2952495515224 -2.7466528901960845 11.583003673140487 53.21480005833188
14.743301391601562 2097.0302141392926 1227.4887727867115 2.888549248349401 11.680012189330503 53.00466525744204
14.908505916595459 2096.9329374114195 1227.1346632776736 2.936412312805622 11.604461661737828 51.04315191640765
15.071706295013428 2096.8511546457617 1227.435540682017 -2.7640895414377047 12.066121351538872 54.25202583965327
15.25310206413269 2096.7867448033567 1227.6191795674372 2.9354016315878524 11.787095775936793 52.714651481671254
15.413791179656982 2096.770266973046 1227.1056876346288 2.9254016301851586 11.908908976008346 52.38998437678888
15.589070320129395 2096.815304672016 1227.2734637850806 2.8927599125825694 11.984028735293137 51.86768002016541
15.748823881149292 2096.907407033921 1227.4961600581255 2.8813533572464545 11.866764139444818 52.19670309843116
15.91184139251709 2096.8779598942688 1227.8079676298787 2.881572111491027 11.896443187467323 53.063233841078684
16.071539163589478 2097.092651729832 1227.9718461650748 2.808047678133024 11.866456470045938 53.06313602659547
16.229286193847656 2096.9081596395617 1227.278393766626 -2.8230974300103595 11.643882746156953 53.29964954215198
16.385460376739502 2097.074557090823 1227.6197233858597 -2.872596433405465 12.289551049616902 51.10471191549961
16.543418169021606 2096.925154843591 1227.16484962326 -2.821945727435504 11.78057730851956 52.4595760253236
16.71337652206421 2097.048501159536 1227.5778827856323 -2.688003460597737 11.627238752155293 54.04735133690377
16.87647008895874 2096.8849780185037 1227.6315002837703 2.9120294637037962 11.597204376840237 53.00690542620537
17.032718420028687 2096.935359576654 1227.9481945107684 2.8216521466628848 11.94633910353079 52.06351594474418
17.192538499832153 2096.958670892307 1227.4854473958305 2.9831756840465413 11.76374683904994 50.85908364075243
17.35188889503479 2096.7353985185396 1227.5984557604388 2.856263025357334 11.698883798464303 52.22719427065124
17.51607894897461 2097.047327132873 1227.1594372748386 2.852444931565002 11.83312523202698 52.877531278275484
17.679429054260254 2096.932361303024 1227.4710035750086 2.8495048246256527 11.840155323663009 53.855772851441415
17.84311008453369 2096.913616510617 1227.3838459504602 2.958553794050486 11.985197328918069 52.17440945547802
17.998046159744263 2096.859500365459 1227.8572824059265 2.7103302771307716 11.834355719029237 52.93655335241586
18.16424536705017 2096.7401182003455 1227.6913649552391 2.828690497458936 11.61355500751083 53.67293352689624
18.320615768432617 2096.785167874466 1227.6634242671298 -2.7963360453999804 11.914786402461303 52.95602563685044
18.488268613815308 2096.7973023632244 1227.9295596683166 2.9903243711369925 11.958702967396267 52.081729799090084
18.64819359779358 2096.9499895955455 1227.429017464489 2.7701328621518124 11.950129554920995 51.44658890355722
18.819098234176636 2096.9946158307407 1227.5707440763338 -2.7710798451590266 11.81304935203716 51.85712883237598
18.97762131690979 2096.7157165671406 1227.6847386700301 2.914752832148063 11.669653469875225 52.641951104925546
19.142301559448242 2096.8758130263095 1227.220452442635 2.890076691256427 11.918662917186225 52.4578954470914
19.29645872116089 2096.9610658859265 1227.4825407206868 -2.7666642414040714 11.932056373162666 52.62831181868977
19.457457542419434 2096.977595015435 1227.3391265465307 2.894608235203635 11.841668023596894 52.716156119084644
19.619136333465576 2097.0808731442985 1227.7115836311762 2.8471992054142423 11.68789582175531 52.20583110302201
19.797701835632324 2097.081329347965 1227.5853893478188 -2.7374740225411975 11.777472861790294 50.698227714798904
19.95613741874695 2096.9859520150876 1227.0517449254644 2.867921880310619 11.795880916024915 53.3108450813624
20.117878913879395 2096.7521497519438 1227.4674682669038 2.9443595069446498 11.82194820246379 51.59225370188507
20.28576421737671 2096.7934418449577 1227.147150463658 2.7565554670725336 11.707525629933892 53.310272317928
20.448059797286987 2097.0275136506216 1227.039059835694 -2.7848650065665654 11.533896336687361 53.44137744212392
